,Date,Open,High,Low,Close,Adj Close,Volume
0,"Feb 01, 2022",107.33,113.28,83.94,90.47,90.47,"5,358,300"
1,"Jan 01, 2022",118.33,119.46,98.42,107.53,107.53,"2,952,900"
2,"Dec 03, 2021",2 Dividend,,,,,
3,"Dec 01, 2021",118.74,119.55,105.35,118.11,116.09,"3,389,200"
4,"Nov 01, 2021",125.47,129.32,115.04,115.74,113.76,"3,731,800"
5,"Oct 01, 2021",111.38,126.54,110.55,125.00,122.86,"3,788,500"
6,"Sep 09, 2021",0.45 Dividend,,,,,
7,"Sep 01, 2021",110.70,114.46,103.91,110.74,108.40,"4,002,000"
8,"Aug 01, 2021",99.70,112.31,98.07,110.34,108.01,"3,346,800"
9,"Jul 01, 2021",91.16,99.83,90.03,99.05,96.96,"2,617,700"
10,"Jun 09, 2021",0.45 Dividend,,,,,
11,"Jun 01, 2021",93.04,95.12,87.28,90.37,88.03,"5,843,700"
12,"May 01, 2021",88.47,94.34,82.82,92.19,89.81,"5,020,200"
13,"Apr 01, 2021",84.09,90.07,84.00,87.54,85.28,"4,157,200"
14,"Mar 10, 2021",0.4 Dividend,,,,,
15,"Mar 01, 2021",90.01,95.64,78.88,83.74,81.22,"7,513,700"
16,"Feb 01, 2021",79.34,91.79,75.24,88.70,86.03,"4,664,100"
17,"Jan 01, 2021",82.40,86.99,78.10,78.49,76.13,"3,178,300"
18,"Dec 04, 2020",0.4 Dividend,,,,,
19,"Dec 01, 2020",87.00,89.03,79.76,81.42,78.61,"5,732,500"
20,"Nov 01, 2020",78.40,95.78,78.40,85.50,82.55,"6,588,600"
21,"Oct 01, 2020",65.80,78.50,64.53,76.58,73.94,"4,669,300"
22,"Sep 10, 2020",0.4 Dividend,,,,,
23,"Sep 01, 2020",67.50,70.15,61.54,65.49,62.83,"6,871,300"
24,"Aug 01, 2020",67.39,74.08,66.34,67.37,64.63,"5,039,400"
25,"Jul 01, 2020",64.96,69.11,60.34,66.86,64.14,"5,389,700"
26,"Jun 05, 2020",0.4 Dividend,,,,,
27,"Jun 01, 2020",52.12,65.38,51.88,64.73,61.67,"12,936,900"
28,"May 01, 2020",46.42,57.74,40.08,51.84,49.39,"10,799,100"
29,"Apr 01, 2020",35.43,51.51,30.88,47.71,45.45,"11,964,600"
30,"Mar 04, 2020",0.4 Dividend,,,,,
31,"Mar 01, 2020",67.73,70.21,22.59,37.30,35.32,"18,174,700"
32,"Feb 01, 2020",87.69,91.69,65.00,67.27,63.70,"16,077,000"
33,"Jan 01, 2020",86.78,94.44,85.51,87.37,82.73,"8,080,100"
34,"Dec 05, 2019",0.3 Dividend,,,,,
35,"Dec 01, 2019",77.97,88.33,76.51,86.04,81.15,"13,126,500"
36,"Nov 01, 2019",106.40,107.69,67.06,77.77,73.35,"19,678,500"
37,"Oct 01, 2019",99.35,107.16,94.32,105.63,99.63,"8,785,800"
38,"Sep 06, 2019",0.3 Dividend,,,,,
39,"Sep 01, 2019",98.14,104.25,95.93,98.62,92.74,"7,716,400"
40,"Aug 01, 2019",106.55,108.15,89.23,99.06,93.16,"10,770,800"
41,"Jul 01, 2019",123.82,144.92,102.22,106.35,100.01,"11,007,300"
42,"Jun 07, 2019",0.3 Dividend,,,,,
43,"Jun 01, 2019",113.97,125.14,112.54,122.14,114.57,"5,789,100"
44,"May 01, 2019",119.66,122.00,111.37,113.90,106.84,"7,040,900"
45,"Apr 01, 2019",124.75,130.45,111.39,119.56,112.15,"7,695,800"
46,"Mar 13, 2019",0.3 Dividend,,,,,
47,"Mar 01, 2019",127.49,128.76,118.38,123.66,115.72,"6,442,200"
48,"Feb 01, 2019",106.49,132.50,105.72,126.27,118.16,"8,981,900"
49,"Jan 01, 2019",92.36,107.12,88.27,106.68,99.83,"5,938,000"
50,"Dec 12, 2018",0.2 Dividend,,,,,
51,"Dec 01, 2018",101.04,103.38,86.63,93.36,87.18,"6,698,700"
52,"Nov 01, 2018",110.45,118.99,95.63,100.04,93.42,"16,729,500"
53,"Oct 01, 2018",118.74,119.23,103.21,109.85,102.58,"7,859,800"
54,"Sep 14, 2018",0.2 Dividend,,,,,
55,"Sep 01, 2018",119.75,121.15,111.40,117.95,109.96,"6,213,100"
56,"Aug 01, 2018",97.95,120.20,96.25,119.85,111.73,"6,936,200"
57,"Jul 01, 2018",94.75,104.05,92.55,95.10,88.65,"5,708,100"
58,"Jun 08, 2018",0.2 Dividend,,,,,
59,"Jun 01, 2018",92.80,101.90,91.00,95.25,88.61,"6,472,700"
60,"May 01, 2018",80.85,93.55,79.33,92.00,85.59,"7,865,800"
61,"Apr 01, 2018",69.55,81.70,67.00,80.25,74.66,"7,244,000"
62,"Mar 07, 2018",0.2 Dividend,,,,,
63,"Mar 01, 2018",65.10,72.60,64.30,69.55,64.51,"4,662,600"
64,"Feb 01, 2018",60.95,67.40,55.40,65.30,60.57,"4,704,100"
65,"Jan 01, 2018",57.45,62.55,55.95,61.25,56.81,"4,267,600"
66,"Dec 19, 2017",2:1 Stock Split,,,,,
67,"Dec 01, 2017",1.15 Dividend,,,,,
68,"Dec 01, 2017",2:1 Stock Split,,,,,
69,"Dec 01, 2017",58.10,60.35,55.55,57.35,52.16,"4,319,400"
70,"Nov 01, 2017",49.53,59.25,46.17,58.95,53.61,"7,332,600"
71,"Oct 01, 2017",44.05,48.58,43.80,47.45,43.15,"5,339,000"
72,"Sep 07, 2017",0.15 Dividend,,,,,
73,"Sep 01, 2017",40.22,44.13,39.80,44.00,39.87,"3,373,800"
74,"Aug 01, 2017",39.75,45.13,39.25,40.15,36.38,"6,246,800"
75,"Jul 01, 2017",35.83,38.05,34.88,37.75,34.20,"5,330,800"
76,"Jun 01, 2017",37.80,38.83,35.15,35.50,32.17,"6,255,800"
77,"May 11, 2017",0.15 Dividend,,,,,
78,"May 01, 2017",42.58,46.42,37.22,37.72,34.06,"8,957,600"
79,"Apr 01, 2017",44.28,46.83,41.70,45.67,41.23,"4,115,000"
80,"Mar 02, 2017",0.125 Dividend,,,,,
81,"Mar 01, 2017",42.17,45.28,41.63,44.33,39.90,"6,288,400"
82,"Feb 01, 2017",36.00,43.17,34.90,41.63,37.47,"7,847,000"
83,"Jan 01, 2017",35.75,36.67,34.60,35.75,32.18,"4,389,000"
84,"Dec 01, 2016",36.08,36.92,34.85,35.47,31.93,"6,165,800"
85,"Nov 29, 2016",0.125 Dividend,,,,,
86,"Nov 01, 2016",38.00,38.35,32.28,36.20,32.47,"8,963,000"
87,"Oct 01, 2016",36.16,38.03,34.73,37.60,33.73,"4,572,400"
88,"Sep 15, 2016",0.125 Dividend,,,,,
89,"Sep 01, 2016",32.66,37.28,32.54,36.32,32.46,"9,805,800"
90,"Aug 01, 2016",37.94,37.94,32.35,32.78,29.29,"11,576,000"
91,"Jul 01, 2016",38.62,41.09,37.44,39.24,35.07,"6,648,600"
92,"Jun 03, 2016",0.125 Dividend,,,,,
93,"Jun 01, 2016",36.06,38.62,35.67,38.62,34.39,"10,019,800"
94,"May 01, 2016",27.50,36.13,27.47,35.99,32.05,"18,459,600"
95,"Apr 01, 2016",25.76,27.05,25.31,26.39,23.50,"4,993,000"
96,"Mar 11, 2016",0.11 Dividend,,,,,
97,"Mar 01, 2016",23.82,26.16,23.82,25.86,22.93,"8,685,800"
98,"Feb 01, 2016",22.42,24.40,20.92,23.75,21.05,"8,592,200"
99,"Jan 01, 2016",23.90,24.34,21.00,22.47,19.92,"16,084,600"
100,"Dec 02, 2015",0.11 Dividend,,,,,
101,"Dec 01, 2015",21.69,24.50,21.44,24.08,21.24,"7,991,800"
102,"Nov 01, 2015",23.08,23.76,20.94,21.58,19.04,"5,544,400"
103,"Oct 01, 2015",21.91,23.45,21.52,23.23,20.49,"4,580,600"
104,"Sep 01, 2015",0.11 Dividend,,,,,
105,"Sep 01, 2015",21.77,22.83,20.89,21.97,19.28,"6,616,400"
106,"Aug 01, 2015",25.31,25.31,21.25,22.19,19.48,"7,255,200"
107,"Jul 01, 2015",25.68,26.48,24.67,25.14,22.07,"5,344,600"
108,"Jun 11, 2015",0.11 Dividend,,,,,
109,"Jun 01, 2015",26.49,26.90,25.14,25.45,22.24,"7,594,200"
110,"May 01, 2015",25.26,27.56,25.26,26.31,23.00,"6,939,600"
111,"Apr 01, 2015",26.15,26.96,23.92,24.08,21.05,"5,972,400"
112,"Mar 04, 2015",0.095 Dividend,,,,,
113,"Mar 01, 2015",25.92,27.71,25.40,26.15,22.77,"10,078,200"
114,"Feb 01, 2015",21.03,26.38,20.50,25.90,22.56,"19,473,200"
115,"Jan 01, 2015",17.03,22.33,16.22,20.97,18.26,"12,075,200"
116,"Dec 11, 2014",1 Dividend,,,,,
117,"Dec 03, 2014",0.095 Dividend,,,,,
118,"Dec 01, 2014",16.50,17.49,15.48,16.94,13.80,"6,154,600"
119,"Nov 01, 2014",16.00,17.02,15.30,16.33,13.29,"3,412,200"
120,"Oct 01, 2014",13.66,15.88,13.51,15.78,12.85,"5,831,400"
121,"Sep 01, 2014",14.76,15.15,13.65,13.67,11.13,"3,808,400"
122,"Aug 28, 2014",0.095 Dividend,,,,,
123,"Aug 01, 2014",16.25,16.39,14.60,14.76,11.94,"5,160,000"
124,"Jul 01, 2014",16.50,16.74,15.73,15.95,12.91,"3,315,600"
125,"Jun 01, 2014",16.05,16.87,15.93,16.50,13.35,"3,341,400"
126,"May 28, 2014",0.095 Dividend,,,,,
127,"May 01, 2014",16.05,16.50,14.95,16.01,12.88,"5,239,400"
128,"Apr 01, 2014",15.58,16.28,14.91,16.03,12.89,"4,998,200"
129,"Mar 05, 2014",0.085 Dividend,,,,,
130,"Mar 01, 2014",14.52,15.60,14.10,15.49,12.39,"4,891,000"
131,"Feb 01, 2014",16.43,16.57,13.43,14.60,11.67,"7,542,800"
132,"Jan 01, 2014",17.97,18.11,16.00,16.51,13.20,"3,898,000"
133,"Dec 01, 2013",17.63,18.14,16.33,18.07,14.45,"3,974,200"
134,"Nov 27, 2013",0.085 Dividend,,,,,
135,"Nov 01, 2013",18.25,18.35,16.67,17.63,14.03,"3,798,600"
136,"Oct 01, 2013",18.84,19.84,18.57,19.33,15.39,"4,819,000"
137,"Sep 04, 2013",0.085 Dividend,,,,,
138,"Sep 01, 2013",16.06,18.90,15.99,18.80,14.88,"4,356,000"
139,"Aug 01, 2013",16.62,16.95,15.91,15.95,12.63,"2,397,000"
140,"Jul 01, 2013",15.18,16.74,15.18,16.53,13.09,"2,120,000"
141,"Jun 01, 2013",15.10,15.90,14.77,15.15,11.99,"3,856,800"
142,"May 29, 2013",0.085 Dividend,,,,,
143,"May 01, 2013",13.73,15.56,13.35,15.08,11.87,"3,968,200"
144,"Apr 01, 2013",14.20,14.30,13.22,13.81,10.88,"4,735,400"
145,"Mar 06, 2013",0.085 Dividend,,,,,
146,"Mar 01, 2013",14.13,14.48,13.77,14.19,11.10,"2,994,600"
147,"Feb 01, 2013",16.84,17.10,13.52,14.18,11.09,"6,510,600"
148,"Jan 01, 2013",16.53,16.86,15.98,16.82,13.16,"3,656,800"
149,"Dec 01, 2012",15.24,16.62,14.99,16.28,12.74,"4,062,800"
150,"Nov 28, 2012",0.085 Dividend,,,,,
151,"Nov 01, 2012",13.07,15.25,13.07,15.10,11.75,"3,976,400"
152,"Oct 01, 2012",12.67,13.14,12.48,13.06,10.16,"2,525,200"
153,"Sep 05, 2012",0.085 Dividend,,,,,
154,"Sep 01, 2012",12.22,13.30,11.97,12.61,9.75,"3,688,200"
155,"Aug 01, 2012",13.15,13.25,12.01,12.23,9.45,"3,861,600"
156,"Jul 01, 2012",13.56,14.24,13.06,13.12,10.14,"3,430,800"
157,"Jun 01, 2012",12.11,13.53,12.05,13.52,10.45,"4,094,600"
158,"May 30, 2012",0.085 Dividend,,,,,
159,"May 01, 2012",13.60,13.82,12.28,12.56,9.64,"6,521,400"
160,"Apr 01, 2012",15.26,15.57,13.43,13.64,10.46,"4,181,400"
161,"Mar 07, 2012",0.075 Dividend,,,,,
162,"Mar 01, 2012",15.12,15.50,14.02,15.32,11.70,"4,881,600"
163,"Feb 01, 2012",14.18,15.90,14.10,15.06,11.50,"5,511,000"
164,"Jan 01, 2012",13.02,14.19,12.81,14.01,10.70,"3,253,600"
165,"Dec 01, 2011",12.31,13.45,11.90,12.68,9.68,"4,685,200"
166,"Nov 22, 2011",0.075 Dividend,,,,,
167,"Nov 01, 2011",13.02,13.59,10.98,12.40,9.40,"5,572,000"
168,"Oct 01, 2011",11.02,13.77,10.45,12.89,9.78,"4,356,600"
169,"Sep 07, 2011",0.075 Dividend,,,,,
170,"Sep 01, 2011",12.44,12.60,9.93,11.13,8.38,"7,222,800"
171,"Aug 01, 2011",15.98,15.98,11.18,12.45,9.38,"7,813,600"
172,"Jul 01, 2011",14.81,16.13,14.50,14.61,11.01,"4,771,800"
173,"Jun 01, 2011",15.66,15.66,14.23,14.81,11.15,"4,011,200"
174,"May 31, 2011",0.075 Dividend,,,,,
175,"May 01, 2011",16.00,16.19,14.72,15.73,11.79,"3,735,800"
176,"Apr 01, 2011",15.25,15.69,14.52,15.15,11.35,"2,973,800"
177,"Mar 09, 2011",0.075 Dividend,,,,,
178,"Mar 01, 2011",15.00,15.21,13.68,15.19,11.33,"4,926,400"
179,"Feb 01, 2011",14.28,15.18,12.56,14.97,11.16,"5,672,000"
180,"Jan 01, 2011",14.80,15.21,13.90,14.16,10.56,"3,410,800"
181,"Dec 01, 2010",14.31,14.84,14.10,14.65,10.93,"4,112,800"
182,"Nov 23, 2010",0.065 Dividend,,,,,
183,"Nov 01, 2010",13.21,14.86,12.60,14.15,10.50,"5,599,600"
184,"Oct 01, 2010",13.50,13.71,12.53,13.10,9.73,"3,971,400"
185,"Sep 01, 2010",0.065 Dividend,,,,,
186,"Sep 01, 2010",10.91,13.50,10.76,13.47,9.94,"7,078,400"
187,"Aug 01, 2010",13.91,14.69,10.17,10.81,7.98,"7,549,000"
188,"Jul 01, 2010",12.03,13.48,11.44,13.03,9.62,"5,428,200"
189,"Jun 01, 2010",11.95,12.61,11.08,12.08,8.92,"7,030,400"
190,"May 26, 2010",0.065 Dividend,,,,,
191,"May 01, 2010",12.96,13.91,11.90,12.06,8.86,"14,000,600"
192,"Apr 01, 2010",10.72,11.98,10.52,11.07,8.13,"10,070,000"
193,"Mar 01, 2010",9.06,11.10,9.03,10.67,7.83,"12,245,000"
194,"Feb 25, 2010",0.065 Dividend,,,,,
195,"Feb 01, 2010",11.43,11.70,8.23,9.01,6.56,"22,593,000"
196,"Jan 01, 2010",11.91,12.58,11.31,11.42,8.32,"4,919,800"
197,"Dec 01, 2009",11.27,12.58,11.11,11.80,8.59,"6,549,800"
198,"Nov 23, 2009",0.065 Dividend,,,,,
199,"Nov 01, 2009",12.53,12.82,10.95,11.15,8.07,"6,411,000"
200,"Oct 01, 2009",13.10,13.65,12.21,12.41,8.99,"4,810,400"
201,"Sep 01, 2009",11.98,14.03,11.47,13.14,9.52,"6,290,400"
202,"Aug 27, 2009",0.065 Dividend,,,,,
203,"Aug 01, 2009",12.16,13.05,11.43,12.07,8.70,"8,301,400"
204,"Jul 01, 2009",11.73,12.98,10.48,12.53,9.03,"6,448,800"
205,"Jun 01, 2009",10.93,12.48,10.93,11.64,8.38,"8,984,200"
206,"May 27, 2009",0.065 Dividend,,,,,
207,"May 01, 2009",13.27,15.32,10.59,10.75,7.70,"16,311,800"
208,"Apr 01, 2009",10.43,13.83,10.07,13.33,9.55,"14,352,600"
209,"Mar 01, 2009",9.51,11.00,9.02,10.56,7.57,"13,978,600"
210,"Feb 25, 2009",0.065 Dividend,,,,,
211,"Feb 01, 2009",10.20,12.22,9.19,9.73,6.93,"15,883,400"
212,"Jan 01, 2009",10.60,12.07,9.35,10.55,7.51,"11,061,400"
213,"Dec 01, 2008",8.49,11.01,7.19,10.84,7.72,"11,449,800"
214,"Nov 21, 2008",0.065 Dividend,,,,,
215,"Nov 01, 2008",9.90,10.19,6.64,8.54,6.02,"8,805,400"
216,"Oct 01, 2008",13.49,13.58,7.65,9.99,7.05,"19,968,000"
217,"Sep 01, 2008",13.82,15.00,12.91,13.61,9.60,"14,179,000"
218,"Aug 27, 2008",0.065 Dividend,,,,,
219,"Aug 01, 2008",13.85,14.73,13.24,13.70,9.62,"12,198,200"
220,"Jul 01, 2008",13.77,14.50,12.24,14.35,10.08,"13,008,800"
221,"Jun 01, 2008",13.90,15.60,13.41,13.94,9.79,"12,754,000"
222,"May 28, 2008",0.055 Dividend,,,,,
223,"May 01, 2008",13.94,15.88,12.81,13.96,9.76,"16,038,000"
224,"Apr 01, 2008",11.81,13.93,11.77,13.10,9.16,"12,663,800"
225,"Mar 01, 2008",12.27,12.89,11.41,11.81,8.25,"16,609,200"
226,"Feb 27, 2008",0.055 Dividend,,,,,
227,"Feb 01, 2008",15.06,15.82,11.83,12.33,8.58,"18,051,800"
228,"Jan 01, 2008",14.06,15.39,12.20,14.98,10.43,"10,952,400"
229,"Dec 01, 2007",16.32,16.32,13.81,14.14,9.84,"10,106,600"
230,"Nov 26, 2007",0.055 Dividend,,,,,
231,"Nov 01, 2007",19.65,19.83,15.61,16.34,11.34,"13,551,000"
232,"Oct 01, 2007",18.23,20.93,18.19,19.94,13.83,"14,348,000"
233,"Sep 01, 2007",17.21,18.99,17.15,18.15,12.59,"11,800,600"
234,"Aug 21, 2007",0.055 Dividend,,,,,
235,"Aug 01, 2007",17.25,18.65,14.95,17.25,11.93,"21,970,600"
236,"Jul 01, 2007",16.85,18.23,16.09,16.35,11.31,"11,249,800"
237,"Jun 01, 2007",18.30,18.44,16.75,16.75,11.58,"11,663,600"
238,"May 30, 2007",0.055 Dividend,,,,,
239,"May 01, 2007",16.50,18.45,16.40,18.23,12.57,"16,484,000"
240,"Apr 01, 2007",17.70,18.83,15.64,16.59,11.44,"19,644,400"
241,"Mar 01, 2007",0.055 Dividend,,,,,
242,"Mar 01, 2007",17.65,18.73,17.05,17.60,12.10,"13,712,200"
243,"Feb 01, 2007",20.55,21.83,16.59,17.75,12.20,"30,513,000"
244,"Jan 01, 2007",21.48,21.48,19.46,20.47,14.07,"7,859,400"
245,"Dec 01, 2006",21.15,21.75,20.33,21.39,14.70,"8,574,000"
246,"Nov 21, 2006",0.045 Dividend,,,,,
247,"Nov 01, 2006",18.95,21.77,18.20,21.04,14.43,"17,551,800"
248,"Oct 01, 2006",16.83,17.60,16.35,17.23,11.81,"15,805,600"
249,"Sep 01, 2006",17.27,17.85,15.50,16.85,11.56,"15,692,800"
250,"Aug 30, 2006",0.045 Dividend,,,,,
251,"Aug 01, 2006",16.55,19.56,16.25,17.27,11.82,"20,767,400"
252,"Jul 01, 2006",17.93,19.10,15.15,15.81,10.81,"15,652,600"
253,"Jun 01, 2006",19.40,20.40,16.60,17.91,12.25,"18,965,800"
254,"May 31, 2006",0.045 Dividend,,,,,
255,"May 01, 2006",29.30,29.50,18.28,19.22,13.11,"29,823,200"
256,"Apr 01, 2006",27.35,29.13,25.33,28.88,19.71,"12,191,600"
257,"Mar 02, 2006",0.045 Dividend,,,,,
258,"Mar 01, 2006",23.85,27.45,23.69,27.18,18.51,"15,951,400"
259,"Feb 01, 2006",21.52,24.90,18.77,23.73,16.16,"15,741,600"
260,"Jan 01, 2006",21.15,23.59,20.46,21.52,14.66,"11,111,800"
261,"Dec 01, 2005",22.75,23.69,20.75,21.02,14.32,"13,244,200"
262,"Nov 30, 2005",0.035 Dividend,,,,,
263,"Nov 01, 2005",21.42,24.22,19.63,22.52,15.32,"25,024,800"
264,"Oct 01, 2005",19.87,21.46,17.90,21.16,14.39,"16,655,400"
265,"Sep 07, 2005",0.035 Dividend,,,,,
266,"Sep 01, 2005",17.99,20.00,16.22,19.87,13.49,"16,051,200"
267,"Aug 01, 2005",15.00,18.00,14.50,17.99,12.21,"24,159,200"
268,"Jul 01, 2005",11.93,13.30,11.28,12.80,8.69,"14,133,800"
269,"Jun 02, 2005",0.035 Dividend,,,,,
270,"Jun 01, 2005",10.66,11.98,10.38,11.88,8.04,"13,537,000"
271,"May 01, 2005",8.07,10.74,7.90,10.68,7.23,"22,230,600"
272,"Apr 01, 2005",7.30,7.57,6.74,6.84,4.62,"10,754,000"
273,"Mar 03, 2005",0.035 Dividend,,,,,
274,"Mar 01, 2005",6.81,7.38,6.03,7.30,4.91,"13,935,800"
275,"Feb 01, 2005",7.30,8.13,6.57,6.70,4.51,"11,315,400"
276,"Jan 01, 2005",6.35,7.32,5.82,7.30,4.91,"8,864,800"
277,"Dec 01, 2004",7.50,7.75,6.12,6.30,4.24,"7,794,600"
278,"Nov 01, 2004",5.72,7.66,5.38,7.45,5.01,"9,721,600"
279,"Oct 01, 2004",5.85,6.07,5.16,5.72,3.85,"6,964,600"
280,"Sep 01, 2004",5.05,6.52,5.05,5.85,3.94,"9,229,800"
281,"Aug 01, 2004",6.50,6.50,4.69,5.08,3.42,"17,496,400"
282,"Jul 01, 2004",8.25,8.30,6.34,6.65,4.48,"8,605,200"
283,"Jun 01, 2004",8.18,8.52,7.59,8.30,5.59,"6,700,400"
284,"May 01, 2004",8.88,8.94,7.18,8.27,5.57,"10,191,600"
285,"Apr 01, 2004",8.69,9.09,8.40,8.75,5.89,"11,570,200"
286,"Mar 01, 2004",7.52,8.73,7.40,8.72,5.87,"8,574,800"
287,"Feb 01, 2004",8.44,9.02,7.03,7.53,5.06,"15,521,600"
288,"Jan 01, 2004",8.68,9.23,7.85,8.44,5.68,"9,819,600"
289,"Dec 01, 2003",7.53,9.05,7.15,8.69,5.85,"14,022,000"
290,"Nov 01, 2003",6.00,7.59,6.00,7.48,5.03,"15,442,600"
291,"Oct 01, 2003",4.40,6.38,4.40,5.79,3.90,"20,782,800"
292,"Sep 01, 2003",5.10,5.68,4.26,4.45,2.99,"10,918,000"
293,"Aug 01, 2003",6.41,6.45,4.84,5.15,3.47,"13,141,400"
294,"Jul 01, 2003",5.12,6.66,5.07,6.36,4.28,"12,766,800"
295,"Jun 01, 2003",4.45,5.28,3.80,5.15,3.47,"10,802,800"
296,"May 01, 2003",3.22,4.75,3.09,4.47,3.01,"12,925,200"
297,"Apr 01, 2003",3.14,3.38,2.55,3.19,2.15,"5,162,400"
298,"Mar 01, 2003",3.65,3.66,2.88,3.13,2.10,"6,498,600"
299,"Feb 01, 2003",2.50,3.75,2.41,3.65,2.46,"9,034,400"
300,"Jan 01, 2003",3.01,3.20,2.21,2.50,1.68,"11,381,800"
301,"Dec 01, 2002",3.47,3.95,2.84,3.00,2.02,"13,324,400"
302,"Nov 01, 2002",3.03,3.83,2.38,3.40,2.29,"16,243,800"
303,"Oct 01, 2002",1.95,3.13,1.92,3.04,2.05,"14,261,000"
304,"Sep 01, 2002",1.35,2.38,1.00,1.92,1.30,"19,658,000"
305,"Aug 01, 2002",3.55,3.55,1.10,1.35,0.91,"29,326,800"
306,"Jul 01, 2002",4.97,5.26,3.05,3.75,2.52,"18,723,600"
307,"Jun 01, 2002",6.80,6.82,4.15,5.00,3.36,"18,995,600"
308,"May 01, 2002",11.25,11.26,5.72,6.40,4.31,"57,805,200"
309,"Apr 01, 2002",13.81,14.07,11.24,11.48,7.72,"12,964,400"
310,"Mar 01, 2002",12.00,14.20,11.93,13.81,9.30,"18,405,600"
311,"Feb 01, 2002",11.31,12.78,10.20,11.99,8.07,"15,663,600"
312,"Jan 01, 2002",13.73,13.83,10.25,11.31,7.61,"29,024,200"
313,"Dec 01, 2001",14.32,18.24,13.10,13.70,9.22,"16,853,600"
314,"Nov 01, 2001",11.25,15.30,10.45,14.59,9.82,"16,218,400"
315,"Oct 01, 2001",13.05,14.05,9.90,11.24,7.57,"17,657,200"
316,"Sep 01, 2001",16.50,16.50,11.15,13.00,8.75,"8,733,200"
317,"Aug 01, 2001",12.75,16.95,12.43,16.90,11.37,"14,345,600"
318,"Jul 01, 2001",12.80,12.80,11.26,12.59,8.47,"4,589,800"
319,"Jun 01, 2001",12.80,13.45,10.50,13.00,8.75,"10,510,800"
320,"May 01, 2001",12.10,14.10,11.60,12.75,8.58,"7,598,200"
321,"Apr 01, 2001",9.02,12.52,7.70,12.06,8.11,"8,436,800"
322,"Mar 01, 2001",10.68,11.55,8.71,9.07,6.11,"9,147,200"
323,"Feb 01, 2001",15.13,15.93,9.75,10.96,7.38,"11,400,800"
324,"Jan 01, 2001",13.73,16.45,10.65,15.12,10.18,"13,388,400"
325,"Dec 01, 2000",17.25,17.71,11.15,13.60,9.15,"10,944,200"
326,"Nov 01, 2000",16.80,21.50,15.00,17.03,11.46,"9,066,200"
327,"Oct 17, 2000",2:1 Stock Split,,,,,
328,"Oct 01, 2000",19.01,19.44,14.35,17.66,11.88,"10,622,600"
329,"Sep 01, 2000",20.38,22.28,18.75,18.92,12.74,"10,913,600"
330,"Aug 01, 2000",13.69,20.38,13.69,20.38,13.71,"14,776,800"
331,"Jul 01, 2000",15.81,16.13,12.41,13.31,8.96,"7,639,200"
332,"Jun 01, 2000",13.05,16.61,13.05,15.88,10.68,"13,848,000"
333,"May 01, 2000",10.19,13.64,10.19,12.98,8.74,"12,159,200"
334,"Apr 01, 2000",9.75,11.14,8.53,10.06,6.77,"12,291,200"
335,"Mar 01, 2000",10.28,10.69,8.63,9.81,6.60,"7,011,200"
336,"Feb 01, 2000",6.53,10.50,5.69,10.31,6.94,"7,888,400"
337,"Jan 01, 2000",7.63,7.75,5.19,6.56,4.42,"7,915,200"
338,"Dec 01, 1999",4.16,7.69,3.75,7.56,5.09,"7,610,400"
339,"Nov 01, 1999",3.78,4.38,3.78,4.19,2.82,"4,192,000"
340,"Oct 01, 1999",3.97,3.97,3.59,3.75,2.52,"1,328,000"
341,"Sep 01, 1999",3.95,4.03,3.58,3.98,2.68,"1,838,400"
342,"Aug 01, 1999",3.91,4.25,3.73,3.95,2.66,"2,434,800"
343,"Jul 01, 1999",4.02,4.33,3.88,3.94,2.65,"4,233,600"
344,"Jun 01, 1999",4.03,4.36,3.66,4.00,2.69,"4,892,800"
345,"May 01, 1999",4.00,4.31,3.48,4.00,2.69,"5,554,800"
346,"Apr 01, 1999",3.25,4.47,2.78,4.02,2.70,"8,440,400"
347,"Mar 01, 1999",3.42,3.70,3.13,3.25,2.19,"11,881,200"
348,"Feb 01, 1999",4.03,4.42,3.03,3.42,2.30,"14,083,600"
349,"Jan 01, 1999",6.30,8.63,3.63,3.88,2.61,"29,078,400"
350,"Dec 01, 1998",6.80,7.17,5.70,6.25,4.21,"7,568,800"
351,"Nov 01, 1998",8.25,8.69,6.36,6.77,4.55,"3,934,800"
352,"Oct 01, 1998",7.98,8.69,5.41,8.20,5.52,"4,288,000"
353,"Sep 01, 1998",7.75,8.75,5.55,7.98,5.37,"5,817,200"
354,"Aug 01, 1998",9.27,9.39,6.67,7.81,5.26,"5,145,200"
355,"Jul 01, 1998",11.59,13.23,8.14,9.31,6.27,"9,933,600"
356,"Jun 01, 1998",10.31,11.56,9.50,11.56,7.78,"1,512,400"
357,"May 01, 1998",10.78,10.88,9.47,10.25,6.90,"4,282,400"
358,"Apr 01, 1998",10.77,10.97,8.88,10.78,7.26,"2,259,200"
359,"Mar 01, 1998",10.25,10.98,9.94,10.77,7.25,"4,638,400"
360,"Feb 01, 1998",9.50,12.25,9.42,10.28,6.92,"7,708,000"
361,"Jan 01, 1998",6.42,10.13,5.98,9.48,6.38,"4,278,400"
362,"Dec 01, 1997",5.56,6.53,5.50,6.47,4.35,"1,255,200"
363,"Nov 01, 1997",5.41,5.75,5.41,5.56,3.74,"703,200"
364,"Oct 01, 1997",5.81,6.25,4.81,5.41,3.64,"1,866,400"
365,"Sep 01, 1997",5.34,6.44,5.31,5.81,3.91,"2,678,000"
366,"Aug 01, 1997",5.53,5.77,5.13,5.31,3.58,"2,009,200"
367,"Jul 01, 1997",6.02,6.13,5.19,5.53,3.72,"2,833,200"
368,"Jun 01, 1997",4.97,6.16,4.97,6.05,4.07,"1,177,600"
369,"May 01, 1997",4.66,4.97,4.44,4.97,3.34,"2,871,200"
370,"Apr 01, 1997",4.16,4.97,3.44,4.66,3.13,"3,122,000"
371,"Mar 01, 1997",5.97,5.97,4.13,4.16,2.80,"3,245,600"
372,"Feb 01, 1997",5.44,6.63,5.41,5.97,4.02,"3,536,400"
373,"Jan 01, 1997",5.19,5.75,5.19,5.44,3.66,"12,172,400"
