,Revenue,COGS,Gross Profit,Gross Profit Ratio,Research and Development Exp.,"Selling, General and Administrative Exp.",Other Expenses,Operating Expenses,COGS and Expenses,Interest Income,Interest Expense (Gain),Depreciation and Amortization,EBITDA,EBITDA Ratio,Operating Income,Operating Income Ratio,Total Other Income Expenses (Gains),Income Before Tax,Income Before Tax Ratio,Income Tax expense (Gain),Net Income,Net Income Ratio,EPS,EPS Diluted,Weighted Average Shares Outstanding,Weighted Average Shares Outstanding Diluted,Cash and Cash Equivalents,Short-Term Investments,Cash and Short-Term Investments,Net Receivables,Inventory (Balance),Other Current Assets,Total Current Assets,PP&E,Goodwill,Intangible Assets,Goodwill and Intangible Assets,Investments,Tax Assets,Other Non-Current Assets,Total Non-Current Assets,Other Assets,Total Assets,Accounts Payable (Balance),Short-Term Debt,Tax Payable,Deferred Revenue (Current),Other Current Liabilities,Total Current Liabilities,Long-Term Debt,Deferred Revenue (Non-Current),Deferred Tax Liabilities,Other Non-Current Liabilities,Total Non-Current Liabilities,Other Liabilities,Capital Lease Obligations,Total Liabilities,Preferred Stock,Common Stock,Retained Earnings,Other Comprehensive Income/Loss,Other Total Stockholders Equity,Total Stockholders Equity,Total Liabilities And Stockholders Equity,Minority Interest,Total Liabilities & Equity,Net Income (Cash Flow),Depreciation and Amortization (Cash Flow),Deferred Income Tax,Stock Based Compensation,Change in Working Capital,Accounts Receivable,Inventory (Cash Flow),Accounts Payable (Cash Flow),Other Working Capital,Other Non-Cash Items,Cash Provided by Operating Activities,CAPEX,Acquisitions Net,Purchases of Investments,Sales/Maturities of Investments,Other Investing Activities,Cash Used for Investing Activites,Debt Repayment,Common Stock Issued,Common Stock Repurchased,Dividends Paid,Other Financing Activites,Cash Used/Provided by Financing Activities,Effect of Forex Changes on Cash,Net Change In Cash,Cash at the End of Period,Cash at the Beginning of Period,Free Cash Flow,Open,Close,Adj Close,Volume,Dividend,Dividend Cum,Price with cum Dividends,Tax Rate,Deferred Revenue,Net Interest Income,Free Cash Flow to the Firm,Tangible Assets,Adjusted Operating Income,EBIT,Operating Cash Flow,Common Book Value,Tangible Book Value,Common Tangible Book Value,Free Cash Flow Ratio,"Selling, General and Administrative Exp. Ratio",Research and Development Exp. Ratio,Other Expenses Ratio,Net Interest IncomeRatio,Depreciation and Amortization Ratio,EBIT Margin,Adjusted Operating Margin,Operating Cash Flow Margin,Cost-to-Income Ratio,Operating Expense Ratio,Revenue per share,Operating Income per share,FCF per share,CAPEX per share,Book value per share,Dividends per share,Total Debt,Financial leverage,Cash to Debt Ratio,Cash & Investments,Cash & Investments to Debt Ratio,Net Debt,Net Debt w/Investments,Working Capital,Current Ratio,Quick Ratio,Cash to Current Assets,Cash to Assets,Debt to Equity,Debt to Assets,Interest Coverage,Current Liability Coverage Ratio,Cash Ratio,Net Working Capital to Assets,Long Term Debt Ratio,Total Debt/ Assets,Net Debt/ Assets,Total Debt/ Equity,Total Liabilities/ Equity,Net Debt/ Equity,Equity Ratio,Equity Multiplier,Debt/ Tangible Book Value,Net Debt/ EBITDA,Cash to Debt,Cash Flow Coverage Ratio,Free Cash Flow/ Long Term Debt,Debt Leverage Ratio,Interest Expense to Debt Ratio,Cash Sales,Cash Revenue Adjustment,CFO/ Net Income,Return on Equity,NOPAT,Invested Capital,Return on Invested Capital,Capital Employed,ROCE,CFROI,Asset Turnover Ratio,Inventory Turnover,Receivables Turnover,Cash Turnover Ratio,Gross Profitability Ratio,Tangible Gross Profitability Ratio,Cash Return on Invested Capital,Adjusted Return on Capital Employed,Cash Return on Capital Employed,EBIT Return on Assets,EBIT Return on Tangible Assets,Return on Assets,Return on Tangible Equity,Cash Return on Equity,Return on Retained Earnings,R&D / Assets,R&D / Book,CapEx / Assets,CapEx / Fixed Assets,Retained Earnings / Total Assets,Inventory / Assets,Accounts Receivable / Assets,Plowback Ratio,Dividend & Repurchase / FCF,Dividend & Repurchase / EBITDA
1985,932700000.0,599800000.0,332900000.0,0.3569,0.0,219000000.0,21000000.0,240000000.0,839800000.0,0.0,0.0,21000000.0,103700000.0,0.1112,92900000.0,0.0996033022408062,-10200000.0,82700000.0,0.0887,34400000.0,48300000.0,0.0518,0.15,0.15,79388000.0,79388000.0,2200000.0,0.0,2200000.0,155900000.0,137100000.0,13300000.0,308500000.0,271400000.0,0.0,0.0,0.0,0.0,0.0,34800000.0,306200000.0,0.0,614700000.0,,29100000.0,0.0,,147100000.0,176200000.0,86800000.0,0.0,37200000.0,0.0,124000000.0,0.0,0.0,300200000.0,0.0,0.0,256800000.0,-156700000.0,214400000.0,314500000.0,614700000.0,0.0,614700000.0,48313860.0,,0.0,0.0,,0.0,0.0,0.0,0.0,,,,0.0,0.0,0.0,0.0,,0.0,0.0,0.0,0.0,,,0.0,,,,,8.5,8.595,2.535,2909800.0,0.0,0.0,2.535,0.4159613059250302,,0.0,,614700000.0,92900000.0,82700000.0,,314500000.0,314500000.0,314500000.0,,0.6578552117753079,0.0,0.022515278224509487,0.0,0.022515278224509487,0.08866730996033022,0.09960330224080625,,2.583423035522067,0.2573174654229656,11.748626996523404,1.1702020456492166,,,3.9615559026553133,0.0,115900000.0,0.3685214626391097,0.01898188093183779,2200000.0,0.01898188093183779,113700000.0,113700000.0,132300000.0,1.7508513053348467,0.012485811577752554,0.00713128038897893,0.003578981617048967,0.5602543720190779,0.2866438913291036,99.0,,0.012485811577752554,0.21522693997071743,0.20172441841548722,0.1885472588254433,0.18496827720839434,0.3685214626391097,0.9545310015898251,0.3615262321144674,0.5116316902554091,1.9545310015898252,0.9545310015898251,1.0964320154291225,0.01898188093183779,,,2.8948891031822566,0.0,932700000.0,,,0.153577106518283,54257194.67956469,438500000.0,0.12373362526696623,438500000.0,0.18859749144811858,,1.5173255246461688,4.37490882567469,inf,423.95454545454544,0.541564991052546,0.541564991052546,,0.21185860889395666,,0.13453717260452253,0.13453717260452253,0.08826613743218593,0.153577106518283,,0.18808411214953272,0.0,0.0,,,0.41776476329917034,0.2230356271351879,0.0,1.0,,0.0
1986,1131200000.0,730100000.0,401100000.0,0.3546,0.0,273100000.0,26600000.0,299700000.0,1029800000.0,0.0,0.0,26600000.0,114200000.0,0.101,101400000.0,0.0896393210749646,-13800000.0,87600000.0,0.0774,39000000.0,48600000.0,0.043,0.15,0.15,79704000.0,79704000.0,2400000.0,0.0,2400000.0,203300000.0,178300000.0,14600000.0,398600000.0,345200000.0,0.0,107400000.0,107400000.0,0.0,0.0,16900000.0,469500000.0,0.0,868100000.0,,48800000.0,0.0,,194500000.0,243300000.0,220800000.0,0.0,54000000.0,0.0,274800000.0,0.0,0.0,518100000.0,0.0,0.0,291500000.0,-189400000.0,247900000.0,350000000.0,868100000.0,0.0,868100000.0,48641599.99999999,,0.0,0.0,,0.0,0.0,0.0,0.0,,,,0.0,0.0,0.0,0.0,,0.0,0.0,0.0,0.0,,,0.0,,,,,9.75,10.015,3.065,3701000.0,0.7016,0.7016,3.7666,0.4452054794520548,,0.0,,760700000.0,101400000.0,87600000.0,,350000000.0,242600000.0,242600000.0,,0.6808775866367489,0.0,0.023514851485148515,0.0,0.023514851485148515,0.07743988684582744,0.08963932107496464,,2.955621301775148,0.2649398868458274,14.192512295493325,1.2722071665161097,,,4.391247616179865,0.0,269600000.0,0.7702857142857142,0.008902077151335312,2400000.0,0.008902077151335312,267200000.0,267200000.0,155300000.0,1.6383066173448417,0.009864364981504316,0.006021073758153537,0.0027646584494873862,0.6951428571428572,0.2802672503167838,99.0,,0.009864364981504316,0.1788964405022463,0.3165533924663057,0.31056329915908304,0.30779864070959567,0.7702857142857142,1.4802857142857142,0.7634285714285715,0.4031793572169105,2.4802857142857144,2.135614179719703,2.3397548161120842,0.008902077151335312,,,4.536777583187391,0.0,1131200000.0,,,0.13885714285714285,56256164.38356164,624800000.0,0.09003867538982337,624800000.0,0.14020486555697823,,1.3030756825250547,4.094784071789119,inf,471.3333333333333,0.4620435433705794,0.5272775075588274,,0.162291933418694,,0.1009100334062896,0.11515709215196529,0.0648037834161521,0.20032976092333057,,0.16672384219554032,0.0,0.0,,,0.33579080751065543,0.2053910839765004,0.0,1.0,,0.0
1987,1465500000.0,945000000.0,520500000.0,0.3552,0.0,359500000.0,36300000.0,395800000.0,1340800000.0,0.0,0.0,36300000.0,114200000.0,0.0779,124700000.0,0.0850904128283862,-46800000.0,77900000.0,0.0532,43200000.0,34700000.0,0.0237,0.21,0.21,85330000.0,85330000.0,8000000.0,0.0,8000000.0,251200000.0,195100000.0,35100000.0,489400000.0,401300000.0,0.0,119400000.0,119400000.0,0.0,0.0,40700000.0,561400000.0,0.0,1050800000.0,,49500000.0,0.0,,274100000.0,323600000.0,203900000.0,0.0,57300000.0,100000.0,261300000.0,0.0,0.0,584900000.0,0.0,0.0,0.0,-189400000.0,655300000.0,465900000.0,1050800000.0,0.0,1050800000.0,34732350.0,,0.0,0.0,,0.0,0.0,0.0,0.0,,,,0.0,0.0,0.0,0.0,,0.0,0.0,0.0,0.0,,,0.0,,,,,11.97,11.97,3.84,3708000.0,0.506,1.2076,5.0476,0.5545571245186136,,0.0,,931400000.0,124700000.0,77900000.0,,465900000.0,346500000.0,346500000.0,,0.6906820365033621,0.0,0.024769703172978507,0.0,0.024769703172978507,0.05315591948140566,0.08509041282838621,,3.17401764234162,0.27007847151142955,17.17449900386734,1.4613852103597798,,,5.459978905425993,0.0,253400000.0,0.5438935393861344,0.03157063930544594,8000000.0,0.03157063930544594,245400000.0,245400000.0,165800000.0,1.5123609394313968,0.024721878862793572,0.016346546791990192,0.007613247049866768,0.6945696501395149,0.3079558431671108,99.0,,0.024721878862793572,0.15778454510848877,0.24866768176627332,0.2411496003045299,0.23353635325466313,0.5438935393861344,1.2554196179437647,0.5267224726336124,0.4433764750666159,2.255419617943765,1.688023088023088,2.148861646234676,0.03157063930544594,,,5.121716287215412,0.0,1465500000.0,,,0.07447950203906417,55546726.572528884,727200000.0,0.07638438747597481,727200000.0,0.10712321232123212,,1.3946516939474687,4.843669912865197,inf,183.1875,0.4953368861819566,0.5588361606184239,,0.17147964796479648,,0.07413399314807766,0.0836375348937084,0.052861369026007694,0.10014430014430015,,inf,0.0,0.0,,,0.0,0.1856680624286258,0.0,1.0,,0.0
1988,1582000000.0,1023300000.0,558700000.0,0.3532,0.0,367700000.0,39300000.0,407000000.0,1430300000.0,0.0,0.0,39300000.0,167100000.0,0.1056,151700000.0,0.0958912768647281,-23900000.0,127800000.0,0.0808,50100000.0,77700000.0,0.0491,0.45,0.45,88162000.0,88162000.0,5900000.0,0.0,5900000.0,276600000.0,202200000.0,17800000.0,502500000.0,462600000.0,0.0,137100000.0,137100000.0,0.0,0.0,16900000.0,616600000.0,0.0,1119100000.0,,68400000.0,0.0,,261200000.0,329600000.0,214700000.0,0.0,65400000.0,0.0,280100000.0,0.0,0.0,609700000.0,0.0,0.0,363600000.0,-249300000.0,395100000.0,509400000.0,1119100000.0,0.0,1119100000.0,77676200.0,,0.0,0.0,,0.0,0.0,0.0,0.0,,,,0.0,0.0,0.0,0.0,,0.0,0.0,0.0,0.0,,,0.0,,,,,11.315,11.38,3.795,2929000.0,0.4652,1.6728,5.4678,0.392018779342723,,0.0,,982000000.0,151700000.0,127800000.0,,509400000.0,372300000.0,372300000.0,,0.6581349561482012,0.0,0.02484197218710493,0.0,0.02484197218710493,0.08078381795195955,0.09589127686472819,,2.682926829268293,0.2572692793931732,17.944239014541413,1.720695991470248,,,5.777999591660806,0.0,283100000.0,0.5557518649391441,0.020840692334864006,5900000.0,0.020840692334864006,277200000.0,277200000.0,172900000.0,1.5245752427184467,0.017900485436893203,0.011741293532338309,0.005272093646680368,0.6470357283078131,0.2945223840586185,99.0,,0.017900485436893203,0.15449915110356535,0.2502904119381646,0.2529711375212224,0.24769904387454203,0.5557518649391441,1.196898311739301,0.5441696113074205,0.4551872040032169,2.196898311739301,1.6376578028471662,1.658886894075404,0.020840692334864006,,,3.6487133453022143,0.0,1582000000.0,,,0.1525323910482921,92230751.17370892,789500000.0,0.11682172409589477,789500000.0,0.16187460417986066,,1.4136359574658208,5.060830860534125,inf,268.135593220339,0.4992404610848003,0.5689409368635437,,0.19214692843571882,,0.11419890983826289,0.13014256619144604,0.08241511140533367,0.20870265914585012,,0.2136963696369637,0.0,0.0,,,0.3249039406666071,0.1806809042980967,0.0,1.0,,0.0
1989,1732400000.0,1142600000.0,589800000.0,0.3405,0.0,385300000.0,42900000.0,428200000.0,1570800000.0,0.0,0.0,42900000.0,182000000.0,0.1051,161600000.0,0.0932809974601708,-22500000.0,139100000.0,0.0803,52600000.0,86500000.0,0.0499,0.49,0.49,88464000.0,88464000.0,3100000.0,0.0,3100000.0,293900000.0,193800000.0,14900000.0,505700000.0,479000000.0,0.0,136100000.0,136100000.0,0.0,0.0,21300000.0,636400000.0,0.0,1142100000.0,,62900000.0,0.0,,261200000.0,324100000.0,213200000.0,0.0,66200000.0,0.0,279400000.0,0.0,0.0,603500000.0,0.0,0.0,426300000.0,-279300000.0,391600000.0,538600000.0,1142100000.0,0.0,1142100000.0,86446760.0,,0.0,0.0,,0.0,0.0,0.0,0.0,,,,0.0,0.0,0.0,0.0,,0.0,0.0,0.0,0.0,,,0.0,,,,,12.875,13.405,4.695,3086500.0,0.54,2.2128,6.9078,0.37814521926671457,,0.0,,1006000000.0,161600000.0,139100000.0,,538600000.0,402500000.0,402500000.0,,0.6532722956934555,0.0,0.024763334102978526,0.0,0.024763334102978526,0.08029323481874856,0.09328099746017086,,2.6497524752475248,0.24717155391364581,19.58310725266775,1.826731777898354,,,6.088352324109242,0.0,276100000.0,0.5126253249164501,0.011227816008692503,3100000.0,0.011227816008692503,273000000.0,273000000.0,181600000.0,1.5603208886146251,0.009564949089787103,0.006130116669962428,0.0027142982225724544,0.6017452655031563,0.2837755012695911,99.0,,0.009564949089787103,0.15900534103843797,0.2446370720602399,0.24174765782330795,0.2390333596007355,0.5126253249164501,1.1204975863349425,0.506869662086892,0.471587426670169,2.1204975863349422,1.4993788819875777,1.5,0.011227816008692503,,,3.315934065934066,0.0,1732400000.0,,,0.16060155959896028,100491732.56649894,818000000.0,0.1228505288099009,818000000.0,0.17004889975550122,,1.5168549163821032,5.8957688338493295,inf,558.8387096774194,0.5164171263462044,0.5862823061630219,,0.19755501222493888,,0.12179318798704142,0.1382703777335984,0.08798855841563692,0.21490683229813665,,0.20290874970677927,0.0,0.0,,,0.37325978460730236,0.16968741791436828,0.0,1.0,,0.0
1990,2590200000.0,1691800000.0,898400000.0,0.3468,0.0,752700000.0,90100000.0,842800000.0,2534600000.0,0.0,0.0,90100000.0,105700000.0,0.0408,55600000.0,0.0214655238977685,-40000000.0,15600000.0,0.006,9700000.0,5900000.0,0.0023,0.03,0.03,123962000.0,123962000.0,6500000.0,0.0,6500000.0,429600000.0,325000000.0,85700000.0,846800000.0,821700000.0,0.0,151700000.0,151700000.0,0.0,0.0,70100000.0,1043500000.0,0.0,1890300000.0,163700000.0,134400000.0,0.0,0.0,249900000.0,548000000.0,376000000.0,0.0,87500000.0,32500000.0,496000000.0,0.0,0.0,1044000000.0,0.0,0.0,620200000.0,-574000000.0,800100000.0,846300000.0,1890300000.0,0.0,1890300000.0,5900000.0,90100000.0,4700000.0,0.0,-96200000.0,0.0,-2900000.0,0.0,298800000.0,85200000.0,89700000.0,-149000000.0,0.0,0.0,0.0,7100000.0,-141900000.0,0.0,0.0,0.0,-41100000.0,72600000.0,31500000.0,300000.0,31500000.0,58400000.0,26900000.0,-59300000.0,11.97,11.785,4.3,5516800.0,0.64,2.8528,7.1528,0.6217948717948718,0.0,0.0,-59300000.0,1738600000.0,55600000.0,15600000.0,39800000.0,846300000.0,694600000.0,694600000.0,-0.022893985020461742,0.8378227960819234,0.0,0.03478495869044861,0.0,0.03478495869044861,0.006022700949733611,0.021465523897768513,0.015365608833294726,15.158273381294965,0.32538027951509535,20.895113018505672,0.44852454784530743,-0.47837240444652396,-1.2019812523192592,6.82709217340798,-0.3315532179216211,510400000.0,0.6030958289022805,0.012735109717868339,6500000.0,0.012735109717868339,503900000.0,503900000.0,298800000.0,1.5452554744525548,0.011861313868613138,0.007675956542276807,0.0034386076284187695,0.6475245184922604,0.2899010739036132,99.0,0.14762773722627737,0.011861313868613138,0.15807014759561974,0.262392212876263,0.27001005131460615,0.2665714436861874,0.6030958289022805,1.2336051045728464,0.5954153373508212,0.4477067132201238,2.2336051045728467,1.5030233227756982,4.767265846736046,0.012735109717868339,0.03812260536398467,-0.15771276595744682,9.877010406811731,0.0,2590200000.0,,6.745762711864407,0.006971523100555359,21028205.128205128,1342300000.0,0.015665801332194834,1342300000.0,0.01162184310511808,0.02965059971690382,1.3702586890969688,5.2055384615384614,inf,398.4923076923077,0.4752684759032958,0.5167376049695157,-0.04417790359830142,0.041421440810549055,-0.04417790359830142,0.008252658308205046,0.00897273668468883,0.0111242687024309,0.008494097322199827,0.047028240576627675,0.009513060303128023,0.0,0.0,0.07882346717452256,0.18133138615066327,0.32809606940697245,0.17193038142093847,0.0,7.966101694915254,0.6930860033726813,-0.3888363292336802
1991,2545100000.0,1656600000.0,888500000.0,0.3491,0.0,653900000.0,92300000.0,746200000.0,2402800000.0,0.0,0.0,92300000.0,197100000.0,0.0774,142300000.0,0.0559113590821578,-37500000.0,104800000.0,0.0412,41800000.0,63000000.0,0.0248,0.26,0.26,124126000.0,124126000.0,5300000.0,0.0,5300000.0,397900000.0,253100000.0,44200000.0,700500000.0,814200000.0,0.0,146700000.0,146700000.0,0.0,0.0,79000000.0,1039900000.0,0.0,1740400000.0,163800000.0,94500000.0,0.0,0.0,216200000.0,474500000.0,329500000.0,0.0,80900000.0,30500000.0,440900000.0,0.0,0.0,915400000.0,0.0,0.0,636100000.0,-606500000.0,795400000.0,825000000.0,1740400000.0,0.0,1740400000.0,63000000.0,92300000.0,-6600000.0,0.0,-72800000.0,0.0,45900000.0,0.0,226000000.0,154600000.0,230500000.0,-122500000.0,0.0,0.0,0.0,20500000.0,-102000000.0,0.0,0.0,-20800000.0,-47100000.0,-61400000.0,-129300000.0,-400000.0,-129300000.0,-122800000.0,6500000.0,108000000.0,11.785,11.91,4.615,4918200.0,0.76,3.6128,8.2278,0.3988549618320611,0.0,0.0,108000000.0,1593700000.0,142300000.0,104800000.0,120000000.0,825000000.0,678300000.0,678300000.0,0.04243448194569958,0.7359594822734946,0.0,0.036265765588778434,0.0,0.036265765588778434,0.041177163962123293,0.05591135908215787,0.04714942438411064,5.243851018973999,0.2931908372951947,20.504165122536776,1.1464157388460112,0.8700836247039299,-0.9869004076502909,6.64647213315502,-0.37945313632921385,424000000.0,0.5139393939393939,0.0125,5300000.0,0.0125,418700000.0,418700000.0,226000000.0,1.476290832455216,0.011169652265542677,0.007566024268379728,0.0030452769478280855,0.5751515151515152,0.2726384739140427,99.0,0.3521601685985248,0.011169652265542677,0.1298552056998391,0.25333256722592506,0.24362215582624683,0.24057687887841875,0.5139393939393939,1.1095757575757577,0.5075151515151515,0.47402895886003216,2.1095757575757577,1.3495503464543712,2.124302384576357,0.0125,0.13109023377758358,0.3277693474962064,4.6443429731100965,0.0,2545100000.0,,1.9047619047619047,0.07636363636363637,85542938.9312977,1265900000.0,0.06757479969294392,1265900000.0,0.08278694999605024,0.09479421755272928,1.4623649735692945,6.545239035954168,inf,480.20754716981133,0.5105148241783498,0.5575076865156554,0.08531479579745635,0.11241014298127815,0.08531479579745635,0.060216042289128933,0.06575892577022024,0.049151309429612565,0.09287925696594428,0.14545454545454545,0.09904103128438925,0.0,0.0,0.07038611813376236,0.15045443380004914,0.36549069179498966,0.14542633877269592,0.0,1.7476190476190476,-0.24351851851851852,-0.13343480466768137
1992,2622900000.0,1690800000.0,932100000.0,0.3554,0.0,665700000.0,93900000.0,759600000.0,2450400000.0,0.0,0.0,93900000.0,224100000.0,0.0854,172500000.0,0.0657668992336726,-42300000.0,130200000.0,0.0496,50100000.0,80100000.0,0.0305,0.34,0.34,117748000.0,117748000.0,3900000.0,0.0,3900000.0,389800000.0,225100000.0,42500000.0,661300000.0,779900000.0,0.0,137900000.0,137900000.0,0.0,0.0,104900000.0,1022700000.0,0.0,1684000000.0,157000000.0,92700000.0,0.0,0.0,189000000.0,438700000.0,334800000.0,0.0,67600000.0,40300000.0,442700000.0,0.0,0.0,881400000.0,0.0,0.0,666600000.0,-619300000.0,755300000.0,802600000.0,1684000000.0,0.0,1684000000.0,80100000.0,93900000.0,-13300000.0,0.0,-3400000.0,0.0,24600000.0,0.0,222600000.0,10500000.0,167800000.0,-87800000.0,0.0,0.0,0.0,33500000.0,-54300000.0,0.0,0.0,-74000000.0,-49600000.0,8700000.0,-114900000.0,-113500000.0,-114900000.0,-109600000.0,5300000.0,80000000.0,13.345,13.41,5.585,3847200.0,0.8200000000000001,4.4328,10.0178,0.3847926267281106,0.0,0.0,80000000.0,1546100000.0,172500000.0,130200000.0,212900000.0,802600000.0,664700000.0,664700000.0,0.030500590948949635,0.7141937560347602,0.0,0.03580006862632964,0.0,0.03580006862632964,0.049639711769415534,0.06576689923367265,0.08116969766289221,4.403478260869565,0.2896031110602768,22.275537588748854,1.4649930359751333,0.6794170601623807,-0.7456602235282128,6.816251656079084,-0.42123857730067604,427500000.0,0.5326439073012709,0.009122807017543859,3900000.0,0.009122807017543859,423600000.0,423600000.0,222600000.0,1.50740825165261,0.00888990198313198,0.005897474671102374,0.0023159144893111637,0.546598554697234,0.2605106888361045,99.0,0.598358787326191,0.00888990198313198,0.13218527315914488,0.26288598574821853,0.25385985748218526,0.25154394299287414,0.5326439073012709,1.0981809120358834,0.5277846997258908,0.47660332541567696,2.0981809120358834,1.3260117346171205,1.890227576974565,0.009122807017543859,0.241547538007715,0.23894862604540024,3.933065595716198,0.0,2622900000.0,,2.6579275905118602,0.09980064789434338,106123271.88940093,1245300000.0,0.0852190411060796,1245300000.0,0.1045531197301855,0.17096282020396691,1.557541567695962,7.511328298533985,inf,672.5384615384615,0.5535035629453682,0.6028717418019534,0.06424154822131213,0.1385208383522043,0.06424154822131213,0.07731591448931116,0.08421188797619818,0.0630185700055825,0.12050549119903715,0.26526289558933464,0.12016201620162016,0.0,0.0,0.05213776722090261,0.11257853570970637,0.3958432304038005,0.13366983372921615,0.0,1.6192259675405742,0.305,0.10887996430165105
1993,2608700000.0,1695200000.0,913500000.0,0.3502,0.0,642700000.0,95400000.0,738100000.0,2433300000.0,0.0,0.0,95400000.0,227600000.0,0.0877,176500000.0,0.0676582205696323,-43200000.0,132200000.0,0.0507,48900000.0,84400000.0,0.0324,0.37,0.37,112388000.0,112388000.0,5800000.0,0.0,5800000.0,356700000.0,184100000.0,68000000.0,614600000.0,758500000.0,0.0,129200000.0,129200000.0,0.0,0.0,136700000.0,1024400000.0,0.0,1639000000.0,140800000.0,86500000.0,0.0,0.0,245700000.0,473000000.0,311000000.0,0.0,44800000.0,91100000.0,446900000.0,0.0,0.0,919900000.0,0.0,0.0,698900000.0,-654200000.0,674400000.0,719100000.0,1639000000.0,0.0,1639000000.0,84400000.0,95400000.0,-22800000.0,0.0,-81000000.0,0.0,32400000.0,0.0,141600000.0,163200000.0,239200000.0,-100600000.0,0.0,0.0,0.0,10500000.0,-90100000.0,0.0,0.0,-82900000.0,-52100000.0,-11900000.0,-146900000.0,-300000.0,-146900000.0,-143000000.0,3900000.0,138600000.0,14.285,14.285,6.375,4056600.0,0.9,5.332800000000001,11.7078,0.3698940998487141,0.0,0.0,138600000.0,1509800000.0,175400000.0,132200000.0,142000000.0,719100000.0,589900000.0,589900000.0,0.05312991145014758,0.7035577449370553,0.0,0.036569939050101585,0.0,0.036569939050101585,0.050676582205696326,0.06723655460574232,0.05443324261126231,4.1818696883852695,0.2829378617702304,23.21155283482222,1.5704523614620778,1.2332277467345267,-0.8951133572979322,6.398369932733032,-0.46357262341175215,397500000.0,0.5527743012098456,0.01459119496855346,5800000.0,0.01459119496855346,391700000.0,391700000.0,141600000.0,1.2993657505285412,0.01226215644820296,0.009437032216075496,0.0035387431360585724,0.6577666527603949,0.28859060402684567,99.0,0.41035940803382664,0.01226215644820296,0.0863941427699817,0.27266625991458204,0.24252593044539353,0.23898718730933496,0.5527743012098456,1.2792379363092754,0.5447086636072869,0.4387431360585723,2.2792379363092756,1.5594168503136125,1.7210017574692442,0.01459119496855346,0.15436460484835307,0.4456591639871383,4.041739894551846,0.0,2608700000.0,,1.6824644549763033,0.11736893338895842,111213691.37670195,1166000000.0,0.09538052433679413,1166000000.0,0.11337907375643225,0.12178387650085763,1.5916412446613788,9.208039109179794,inf,449.7758620689655,0.5573520439292251,0.6050470260961717,0.11886792452830189,0.15042881646655232,0.11886792452830189,0.08065893837705919,0.08756126639289973,0.06785460120604146,0.14307509747414815,0.19746905854540397,0.12076119616540278,0.0,0.0,0.06137888956680903,0.13263019116677655,0.42641854789505795,0.11232458816351434,0.0,1.617298578199052,0.2222222222222222,0.13532513181019332
1994,2856700000.0,1846400000.0,1010300000.0,0.3537,0.0,691900000.0,102500000.0,794400000.0,2640800000.0,0.0,0.0,102500000.0,275400000.0,0.0964,215900000.0,0.0755767143907305,-43000000.0,172900000.0,0.0605,63500000.0,109400000.0,0.0383,0.98,0.98,111200000.0,111200000.0,3100000.0,0.0,3100000.0,391800000.0,206400000.0,75600000.0,676900000.0,831600000.0,0.0,127600000.0,127600000.0,0.0,0.0,127000000.0,1086200000.0,0.0,1763100000.0,181500000.0,73400000.0,0.0,0.0,299200000.0,554100000.0,347300000.0,0.0,40000000.0,92700000.0,480000000.0,0.0,0.0,1034100000.0,0.0,0.0,753200000.0,-700700000.0,676500000.0,729000000.0,1763100000.0,0.0,1763100000.0,109400000.0,102500000.0,13800000.0,0.0,-18800000.0,0.0,-19200000.0,0.0,122800000.0,58100000.0,265000000.0,-163300000.0,0.0,0.0,0.0,6000000.0,-157300000.0,0.0,0.0,-105700000.0,-55100000.0,50200000.0,-110600000.0,200000.0,-110600000.0,-104800000.0,5800000.0,101700000.0,15.06,15.88,7.49,4787900.0,0.99,6.322800000000001,13.8128,0.3672643146327357,0.0,0.0,101700000.0,1635500000.0,215900000.0,172900000.0,236100000.0,729000000.0,601400000.0,601400000.0,0.03560051808030245,0.6848460853211917,0.0,0.03588056148703049,0.0,0.03588056148703049,0.06052438127909826,0.07557671439073056,0.08264781041061364,3.6794812413154236,0.27808310288094656,25.68974820143885,1.941546762589928,0.914568345323741,-1.4685251798561152,6.555755395683454,-0.49550359712230213,420700000.0,0.5770919067215363,0.0073686712621820775,3100000.0,0.0073686712621820775,417600000.0,417600000.0,122800000.0,1.221620646092763,0.005594658003970403,0.004579701580735707,0.0017582666893539787,0.760082304526749,0.31427599115194826,99.0,0.5255369066955423,0.005594658003970403,0.06965004821053826,0.272247745448358,0.23861380522942544,0.23685553854007146,0.5770919067215363,1.4185185185185185,0.5728395061728395,0.41347626339969373,2.4185185185185185,1.7194878616561358,1.5163398692810457,0.0073686712621820775,0.22831447635625182,0.29283040598905846,3.7549019607843137,0.0,2856700000.0,,2.158135283363803,0.15006858710562415,136607634.47079235,1209000000.0,0.11299225349114339,1209000000.0,0.14301075268817204,0.19528535980148884,1.6202711133798424,8.945736434108527,inf,921.516129032258,0.5730247858884918,0.6177315805564048,0.08411910669975187,0.17857733664185277,0.08411910669975187,0.09806590664171062,0.10571690614490982,0.07748150103272211,0.1819088792816761,0.3238683127572016,0.145246946362188,0.0,0.0,0.09262095173274347,0.19636844636844636,0.4272020872327151,0.11706653054279394,0.0,1.5036563071297988,0.4975417895771878,0.18373275236020334
1995,3113900000.0,2048700000.0,1065200000.0,0.3421,0.0,689800000.0,107900000.0,797700000.0,2846400000.0,0.0,0.0,107900000.0,332600000.0,0.1068,267500000.0,0.0859051350396608,-42800000.0,224700000.0,0.0722,81000000.0,143700000.0,0.0461,1.35,1.35,106600000.0,106600000.0,27000000.0,0.0,27000000.0,444100000.0,223200000.0,105800000.0,800100000.0,907400000.0,0.0,124300000.0,124300000.0,0.0,0.0,131800000.0,1163500000.0,0.0,1963600000.0,169900000.0,115400000.0,0.0,0.0,387200000.0,672500000.0,334000000.0,0.0,41500000.0,99800000.0,475300000.0,0.0,0.0,1147800000.0,0.0,0.0,837800000.0,-744700000.0,722700000.0,815800000.0,1963600000.0,0.0,1963600000.0,143700000.0,107900000.0,-17600000.0,0.0,4800000.0,0.0,-18500000.0,0.0,127600000.0,-50900000.0,187900000.0,-190300000.0,0.0,0.0,0.0,77600000.0,-112700000.0,0.0,0.0,-35100000.0,-59100000.0,42800000.0,-51400000.0,100000.0,-51400000.0,-48300000.0,3100000.0,-2400000.0,20.19,20.405,10.21,4335900.0,1.11,7.432800000000001,17.6428,0.3604806408544726,0.0,0.0,-2400000.0,1839300000.0,267500000.0,224700000.0,299200000.0,815800000.0,691500000.0,691500000.0,-0.00077073766016892,0.6475779196395043,0.0,0.03465108063842769,0.0,0.03465108063842769,0.07216031343331514,0.08590513503966088,0.09608529496772536,2.982056074766355,0.2561739297986448,29.21106941838649,2.5093808630393997,-0.0225140712945591,-1.7851782363977486,7.652908067542214,-0.5544090056285178,449400000.0,0.5508703113508213,0.06008010680907877,27000000.0,0.06008010680907877,422400000.0,422400000.0,127600000.0,1.1897397769516729,0.04014869888475837,0.03374578177727784,0.01375025463434508,0.8243442020102967,0.3424831941332247,99.0,0.5327881040892193,0.04014869888475837,0.06498268486453453,0.24205540843348952,0.22886534935832145,0.21511509472397636,0.5508703113508213,1.4069624908065703,0.5177739642069135,0.4154613974332858,2.40696249080657,1.6598698481561822,1.269993986770896,0.06008010680907877,0.26067259104373586,-0.00718562874251497,3.450992182802165,0.0,3113900000.0,,2.082115518441197,0.17614611424368717,171071428.57142857,1291100000.0,0.1325005255761975,1291100000.0,0.1740376423205019,0.23174037642320502,1.5858117742921165,9.178763440860216,inf,115.32962962962964,0.5424730087594215,0.5791333659544392,-0.001858880024785067,0.2071876694291689,-0.001858880024785067,0.11443267467916073,0.12216604142880444,0.08712132235253034,0.20780911062906723,0.36675655797989704,0.1715206493196467,0.0,0.0,0.09691383173762477,0.20972007934758652,0.4266653086168262,0.11366877164391934,0.0,1.4112734864300627,10.0,-0.07215874924834637
1996,3222500000.0,2204200000.0,1018300000.0,0.316,0.0,712400000.0,35300000.0,747700000.0,2951900000.0,0.0,0.0,113400000.0,384000000.0,0.1192,270600000.0,0.0839720713731574,0.0,270600000.0,0.084,94700000.0,175900000.0,0.0546,1.68,1.62,105000000.0,108300000.0,3800000.0,0.0,3800000.0,538500000.0,244400000.0,17800000.0,804500000.0,962700000.0,0.0,135900000.0,135900000.0,0.0,43500000.0,90100000.0,1232200000.0,0.0,2036700000.0,230700000.0,0.0,0.0,0.0,463200000.0,693900000.0,370700000.0,0.0,0.0,140100000.0,510800000.0,0.0,0.0,1204700000.0,0.0,124100000.0,945600000.0,56200000.0,-293900000.0,832000000.0,2036700000.0,0.0,2036700000.0,175900000.0,113400000.0,800000.0,0.0,-17000000.0,0.0,-18100000.0,0.0,110600000.0,30900000.0,304000000.0,-187600000.0,0.0,0.0,0.0,10000000.0,-177600000.0,0.0,0.0,-109300000.0,-68100000.0,27800000.0,-149600000.0,-126400000.0,-149600000.0,-122600000.0,27000000.0,116400000.0,27.315,27.595,14.635000000000002,5334850.0,1.24,8.6728,23.3078,0.3499630450849963,0.0,0.0,116400000.0,1900800000.0,192500000.0,270600000.0,272300000.0,832000000.0,696100000.0,696100000.0,0.03612102404965089,0.699597368162624,0.0,0.010954228083785881,0.0,0.0351900698215671,0.08397207137315749,0.05973622963537626,0.08449961210240496,2.763118994826312,0.23202482544608224,30.69047619047619,2.577142857142857,1.1085714285714285,-1.7866666666666666,7.923809523809524,-0.6485714285714286,370700000.0,0.4455528846153846,0.01025087671971945,3800000.0,0.01025087671971945,366900000.0,366900000.0,110600000.0,1.1593889609453811,0.005476293414036605,0.004723430702299565,0.001865763244464084,0.8340144230769231,0.34069818824569154,99.0,0.49056059951001585,0.005476293414036605,0.05430353022045466,0.25079785928217213,0.1820101144007463,0.18014435115628222,0.4455528846153846,1.4479567307692307,0.44098557692307694,0.4085039524721363,2.447956730769231,1.7306421491165063,0.95546875,0.01025087671971945,0.22603137710633353,0.31400053951982737,3.1372395833333333,0.0,3222500000.0,,1.5480386583285959,0.21141826923076923,175900000.0,1342800000.0,0.13099493595472148,1342800000.0,0.20151921358355673,0.20278522490318737,1.5822163303382923,9.018821603927988,inf,848.0263157894736,0.49997545048362546,0.5357218013468014,0.08668453976764968,0.14335716413464403,0.08668453976764968,0.13286198261894241,0.1423611111111111,0.08636519860558747,0.25269357850883495,0.3272836538461538,0.18601945854483926,0.0,0.0,0.0921097854372269,0.19486859873273085,0.4642804536750626,0.11999803603869004,0.0,1.3871517907902218,0.3539518900343643,0.10729166666666666
1997,3345700000.0,2263000000.0,1082700000.0,0.3236,0.0,739800000.0,31700000.0,771500000.0,3034500000.0,0.0,0.0,116800000.0,428000000.0,0.1279,311200000.0,0.0930149146665869,0.0,311200000.0,0.093,106400000.0,204800000.0,0.0612,1.99,1.93,103100000.0,106100000.0,3300000.0,0.0,3300000.0,540500000.0,230100000.0,19600000.0,793500000.0,985300000.0,0.0,133700000.0,133700000.0,0.0,50200000.0,83800000.0,1253000000.0,0.0,2046500000.0,245300000.0,0.0,0.0,0.0,384600000.0,629900000.0,404100000.0,0.0,0.0,175300000.0,579400000.0,0.0,0.0,1209300000.0,0.0,124100000.0,1063600000.0,-45000000.0,-305500000.0,837200000.0,2046500000.0,0.0,2046500000.0,204800000.0,116800000.0,9400000.0,0.0,53000000.0,0.0,5700000.0,0.0,163600000.0,-15600000.0,368400000.0,-177300000.0,0.0,0.0,0.0,-11700000.0,-189000000.0,0.0,13300000.0,-99300000.0,-86800000.0,-6800000.0,-179600000.0,-300000.0,-179600000.0,-175800000.0,3800000.0,191100000.0,39.94,40.065,21.845,4859800.0,0.72,9.3928,31.2378,0.34190231362467866,0.0,0.0,191100000.0,1912800000.0,226100000.0,311200000.0,374600000.0,837200000.0,703500000.0,703500000.0,0.05711809187912843,0.683291770573566,0.0,0.009474848312759661,0.0,0.03491048211136683,0.09301491466658696,0.06757928086797979,0.11196461129210629,2.4791131105398456,0.23059449442568072,32.45101842870999,3.018428709990301,1.8535402521823472,-1.7196896217264792,8.12027158098933,-0.8419010669253152,404100000.0,0.4826803631151457,0.008166295471417966,3300000.0,0.008166295471417966,400800000.0,400800000.0,163600000.0,1.2597237656770917,0.005238926813779965,0.004158790170132325,0.001612509161983875,0.7523889154323937,0.3077937942829221,99.0,0.7324972217812351,0.005238926813779965,0.07994136330320059,0.28311751771316884,0.1974590764720254,0.19584656731004155,0.4826803631151457,1.4444577161968466,0.47873865265169613,0.40908868800390913,2.4444577161968466,1.7189765458422175,0.9364485981308411,0.008166295471417966,0.30976598031919295,0.4729027468448404,2.8254672897196262,0.0,3345700000.0,,1.8291015625,0.24462494027711418,204800000.00000003,1416600000.0,0.144571509247494,1416600000.0,0.2196809261612311,0.26443597345757447,1.6348399706816517,9.834854411125598,inf,1013.8484848484849,0.5290495968727095,0.5660288582183187,0.13490046590427784,0.15960751094169137,0.13490046590427784,0.15206450036647937,0.16269343370974487,0.10007329587099928,0.29111584932480455,0.44744386048733875,0.19255359157578036,0.0,0.0,0.08663571952113364,0.17994519435704862,0.5197165892988028,0.11243586611287563,0.0,1.423828125,-0.004186289900575615,-0.001869158878504673
1999,3459900000.0,2315400000.0,1144500000.0,0.3308,0.0,773200000.0,34600000.0,807800000.0,3123200000.0,0.0,0.0,127200000.0,463900000.0,0.1341,336700000.0,0.0973149512991704,0.0,336700000.0,0.0973,113400000.0,223300000.0,0.0645,2.2,2.15,101500000.0,104100000.0,18500000.0,0.0,18500000.0,533900000.0,230600000.0,19000000.0,802000000.0,1035600000.0,0.0,145100000.0,145100000.0,0.0,63600000.0,96300000.0,1340600000.0,0.0,2142600000.0,269800000.0,0.0,0.0,0.0,394500000.0,664300000.0,465900000.0,0.0,0.0,179100000.0,645000000.0,0.0,0.0,1309300000.0,0.0,124100000.0,1185100000.0,-16200000.0,-459700000.0,833300000.0,2142600000.0,0.0,2142600000.0,223300000.0,127200000.0,13800000.0,0.0,-25900000.0,0.0,11000000.0,0.0,137700000.0,84400000.0,422800000.0,-190600000.0,0.0,0.0,0.0,-26900000.0,-217500000.0,0.0,20700000.0,-192600000.0,-101800000.0,83100000.0,-190600000.0,500000.0,-190600000.0,-187300000.0,3300000.0,232200000.0,58.565,59.63,33.72,7028000.0,0.99,10.3828,44.1028,0.3367983367983368,0.0,0.0,232200000.0,1997500000.0,244100000.0,336700000.0,324600000.0,833300000.0,688200000.0,688200000.0,0.06711176623601839,0.6755788553953691,0.0,0.010000289025694385,0.0,0.03676406832567415,0.09731495129917049,0.07055117199919073,0.0938177403971213,2.399168399168399,0.2334749559235816,34.08768472906404,3.317241379310345,2.2876847290640394,-1.877832512315271,8.209852216748768,-1.0029556650246305,465900000.0,0.5591023640945638,0.03970809186520713,18500000.0,0.03970809186520713,447400000.0,447400000.0,137700000.0,1.2072858648201115,0.027848863465301823,0.023067331670822942,0.008634369457668253,0.797191887675507,0.3100438719312984,99.0,0.6418786692759295,0.027848863465301823,0.06426771212545505,0.30103612433492016,0.21744609353122374,0.2088117240735555,0.5591023640945638,1.5712228489139566,0.5369014760590424,0.3889200037337814,2.5712228489139566,1.9024992734670154,0.9644319896529424,0.03970809186520713,0.24791873520201635,0.4983902124919511,2.822375511963785,0.0,3459900000.0,,1.4536497984773846,0.2679707188287532,223300000.0,1478300000.0,0.15105188392071975,1478300000.0,0.22776161807481568,0.21957654062098356,1.6148137776533185,10.040763226366002,inf,187.02162162162162,0.534164099691963,0.5729662077596996,0.1570723127917202,0.16512209970912534,0.1570723127917202,0.1571455241295622,0.16856070087609512,0.10421917296742275,0.3244696309212438,0.38953558142325695,0.18842291789722387,0.0,0.0,0.08895734154765239,0.18404789494013132,0.5531130402314944,0.10762624848315132,0.0,1.4558889386475593,0.30189491817398795,0.15111015305022635
2000,3893500000.0,2561300000.0,1332200000.0,0.3422,0.0,851300000.0,54600000.0,905900000.0,3467200000.0,0.0,0.0,156900000.0,583200000.0,0.1498,426300000.0,0.1094901759342494,0.0,426300000.0,0.1095,142800000.0,283500000.0,0.0728,2.88,2.84,98300000.0,99800000.0,11400000.0,0.0,11400000.0,674300000.0,271500000.0,25200000.0,982400000.0,1079000000.0,0.0,394300000.0,394300000.0,0.0,94000000.0,149400000.0,1716700000.0,0.0,2699100000.0,326400000.0,0.0,0.0,0.0,474300000.0,800700000.0,772900000.0,0.0,0.0,297400000.0,1070300000.0,0.0,0.0,1871000000.0,0.0,124100000.0,1448300000.0,-210800000.0,-533500000.0,828100000.0,2699100000.0,0.0,2699100000.0,283500000.0,156900000.0,11800000.0,0.0,76100000.0,0.0,8800000.0,0.0,181700000.0,-118400000.0,409900000.0,-198300000.0,-64700000.0,0.0,0.0,-52500000.0,-315500000.0,0.0,19700000.0,-134400000.0,-123700000.0,149400000.0,-89000000.0,-900000.0,4500000.0,11400000.0,6900000.0,211600000.0,60.5,57.845,33.215,10787750.0,1.11,11.4928,44.707800000000006,0.33497536945812806,0.0,0.0,211600000.0,2304800000.0,324000000.0,426300000.0,516500000.0,828100000.0,433800000.0,433800000.0,0.05434698857069475,0.6390181654406245,0.0,0.014023372287145243,0.0,0.040297932451521766,0.1094901759342494,0.08321561576987287,0.13265699242326956,2.125029322073657,0.23266983433928343,39.608341810783315,4.336724313326552,2.1525940996948116,-2.017293997965412,8.424211597151578,-1.2583926754832147,772900000.0,0.9333413838908344,0.014749644197179454,11400000.0,0.014749644197179454,761500000.0,761500000.0,181700000.0,1.2269264393655552,0.01423754215061821,0.011604234527687296,0.004223630098921863,0.9669122086704505,0.2966544403690119,99.0,0.7995503934057699,0.01423754215061821,0.06731873587492126,0.3965395872698307,0.2863547108295358,0.2821310807306139,0.9333413838908344,2.259388962685666,0.9195749305639416,0.3068059723611574,3.259388962685666,4.313047487321346,1.3057270233196159,0.014749644197179454,0.2760555852485302,0.27377409755466425,3.208161865569273,0.0,3893500000.0,,1.8218694885361553,0.3423499577345731,283500000.0,1898400000.0,0.14933628318584072,1898400000.0,0.2245575221238938,0.2720712178676781,1.4425178763291469,9.433885819521178,inf,341.53508771929825,0.4935719313845356,0.5780111072544255,0.11146228402865571,0.1706700379266751,0.11146228402865571,0.15794153606757808,0.18496181881291218,0.10503501167055686,0.6535269709543569,0.623716942398261,0.1957467375543741,0.0,0.0,0.07346893408914082,0.18378127896200186,0.5365862694972399,0.1005890852506391,0.0,1.436331569664903,-0.04253308128544423,-0.015432098765432098
2001,3803300000.0,2563100000.0,1240200000.0,0.3261,0.0,830500000.0,49900000.0,880400000.0,3443500000.0,0.0,0.0,156000000.0,515800000.0,0.1356,359800000.0,0.0946020561091683,0.0,359800000.0,0.0946,116400000.0,243200000.0,0.0639,2.49,2.47,97800000.0,98600000.0,19100000.0,0.0,19100000.0,630200000.0,267400000.0,65800000.0,982500000.0,1074600000.0,0.0,413200000.0,413200000.0,0.0,91100000.0,257800000.0,1836700000.0,0.0,2819200000.0,316400000.0,0.0,0.0,0.0,634900000.0,951300000.0,626700000.0,0.0,0.0,311800000.0,938500000.0,0.0,0.0,1889800000.0,0.0,124100000.0,1556100000.0,-272800000.0,-478000000.0,929400000.0,2819200000.0,0.0,2819200000.0,243200000.0,156000000.0,3000000.0,0.0,-150500000.0,0.0,1900000.0,0.0,31200000.0,123800000.0,375500000.0,-135400000.0,-63900000.0,0.0,0.0,-69000000.0,-268300000.0,0.0,17400000.0,-17900000.0,-135400000.0,36800000.0,-99100000.0,-400000.0,7700000.0,19100000.0,11400000.0,240100000.0,52.835,52.510000000000005,30.525,6210350.0,1.23,12.7228,43.2478,0.3235130628126737,0.0,0.0,240100000.0,2406000000.0,253700000.0,359800000.0,248900000.0,929400000.0,516200000.0,516200000.0,0.06312938763705203,0.6696500564425093,0.0,0.013120185102411063,0.0,0.041017011542607736,0.09460205610916836,0.06670522966897169,0.06544316777535299,2.446914952751529,0.23148318565456313,38.88854805725971,3.678936605316973,2.455010224948875,-1.3844580777096114,9.503067484662576,-1.3844580777096114,626700000.0,0.6743060038734667,0.03047710228179352,19100000.0,0.03047710228179352,607600000.0,607600000.0,31200000.0,1.032797224850205,0.02007778828970882,0.01944020356234097,0.006774971623155505,1.0235635894125241,0.3374361520998865,99.0,0.40397350993377484,0.02007778828970882,0.011066969353007945,0.33289585698070373,0.22229710556186152,0.215522133938706,0.6743060038734667,2.033354852593071,0.6537551108241877,0.32966799091940974,3.033354852593071,3.660984114684231,1.1779759596742925,0.03047710228179352,0.13170705894803683,0.38311791925961386,3.663823187281892,0.0,3803300000.0,,1.0234375,0.2616741984075748,243400000.0,1867900000.0,0.13030676160394025,1867900000.0,0.19262273140960437,0.13325124471331443,1.3490706583427923,9.585265519820494,inf,199.12565445026178,0.43991203178206584,0.5154613466334165,0.12854007173831575,0.13582097542695004,0.12854007173831575,0.12762485811577753,0.14954280964256025,0.08633654937570942,0.47113521890740023,0.26780718743275234,0.1562881562881563,0.0,0.0,0.048027809307604995,0.12600037223152802,0.5519650964812712,0.09484960272417707,0.0,1.5567434210526316,-0.5618492294877134,-0.2615354788677782
2002,4206900000.0,2853200000.0,1353700000.0,0.3218,0.0,913100000.0,75800000.0,988900000.0,3842100000.0,0.0,0.0,152800000.0,517600000.0,0.123,364800000.0,0.0867146830207516,0.0,364800000.0,0.0867,107600000.0,257200000.0,0.0611,2.61,2.59,98500000.0,99400000.0,22800000.0,0.0,22800000.0,759100000.0,343600000.0,90000000.0,1215500000.0,1199200000.0,628700000.0,147900000.0,776600000.0,0.0,74000000.0,387100000.0,2436900000.0,0.0,3652400000.0,441000000.0,307000000.0,0.0,0.0,548100000.0,1296100000.0,837200000.0,0.0,0.0,462700000.0,1299900000.0,0.0,0.0,2596000000.0,0.0,124100000.0,1664800000.0,-875800000.0,143300000.0,1056400000.0,3652400000.0,0.0,3652400000.0,257200000.0,152800000.0,22200000.0,0.0,-111800000.0,0.0,-16700000.0,0.0,-80600000.0,202400000.0,522800000.0,-151800000.0,-397400000.0,0.0,0.0,-26200000.0,-575400000.0,0.0,22100000.0,-10400000.0,-148500000.0,193800000.0,57000000.0,-700000.0,3700000.0,22800000.0,19100000.0,371000000.0,62.48,62.495000000000005,37.56,9240450.0,1.35,14.0728,51.6328,0.2949561403508772,0.0,0.0,371000000.0,2875800000.0,287800000.0,364800000.0,298200000.0,1056400000.0,279800000.0,279800000.0,0.08818845230454729,0.6745216813178695,0.0,0.018018018018018018,0.0,0.036321281703867454,0.08671468302075162,0.06841141933490219,0.07088354845610782,2.7108004385964914,0.2350662007654092,42.709644670050764,3.703553299492386,3.766497461928934,-1.5411167512690356,10.7248730964467,-1.5076142131979695,1144200000.0,1.083112457402499,0.019926586261143155,22800000.0,0.019926586261143155,1121400000.0,1121400000.0,-80600000.0,0.9378134403209629,0.01759123524419412,0.018757712875359933,0.006242470704194502,1.2269026883756153,0.3548625561274778,99.0,0.3446493326132243,0.01759123524419412,-0.022067681524477058,0.3559029679115102,0.3132734640236557,0.30703099331946115,1.083112457402499,2.457402499053389,1.0615297235895493,0.2892344759610119,3.457402499053389,9.27805575411008,2.1665378670788256,0.019926586261143155,0.11486902927580894,0.4431438127090301,5.015455950540958,0.0,4206900000.0,,1.1594090202177294,0.24346838318818628,257200000.00000003,2356300000.0,0.10915418240461743,2356300000.0,0.15481899588337647,0.1265543436744048,1.1518179826963093,8.30384167636787,inf,184.51315789473685,0.37063300843281133,0.47072119062521733,0.1574502397827102,0.12214064423036115,0.1574502397827102,0.09987953126711203,0.12685165866889214,0.07041945022450992,0.9192280200142959,0.28227943960620977,0.1544930321960596,0.0,0.0,0.041561712846347604,0.12658438959306204,0.4558098784360968,0.09407512868251013,0.0,1.5773716951788492,-0.43180592991913747,-0.30950540958268935
2003,4762600000.0,3304600000.0,1458000000.0,0.3061,0.0,1034900000.0,88200000.0,1123100000.0,4427700000.0,0.0,-57000000.0,179300000.0,457200000.0,0.1013,334900000.0,0.0703187334649141,0.0,334900000.0,0.0703,92100000.0,267900000.0,0.0563,2.7,2.68,99400000.0,100000000.0,29500000.0,0.0,29500000.0,862700000.0,406100000.0,142600000.0,1440900000.0,1289800000.0,716600000.0,151300000.0,867900000.0,0.0,67400000.0,439300000.0,2664400000.0,0.0,4105300000.0,548500000.0,292600000.0,0.0,0.0,654900000.0,1496000000.0,887700000.0,0.0,0.0,402900000.0,1290600000.0,0.0,0.0,2786600000.0,0.0,124100000.0,1772500000.0,-684600000.0,106700000.0,1318700000.0,4105300000.0,0.0,4105300000.0,267900000.0,179300000.0,-5200000.0,0.0,25500000.0,0.0,-37400000.0,0.0,-55100000.0,-132600000.0,334900000.0,-201400000.0,-6900000.0,0.0,0.0,42700000.0,-165600000.0,0.0,5500000.0,-300000.0,-160200000.0,-11700000.0,-166700000.0,4100000.0,6700000.0,29500000.0,22800000.0,133500000.0,54.94,54.915,33.805,14182450.0,1.45,15.5228,49.3278,0.27500746491489997,0.0,57000000.0,174824574.4998507,3237400000.0,243800000.0,277900000.0,447600000.0,1318700000.0,450800000.0,450800000.0,0.028030907487506824,0.7098079561042524,0.0,0.018519296182757317,0.011968252635115273,0.037647503464494185,0.05835048082979885,0.05119052618317726,0.09398227858732625,3.353538369662586,0.23581657078066603,47.91348088531187,3.369215291750503,1.3430583501006037,-2.0261569416498992,13.266599597585513,-1.6116700201207244,1180300000.0,0.8950481534844923,0.024993645683300855,29500000.0,0.024993645683300855,1150800000.0,1150800000.0,-55100000.0,0.9631684491978609,0.019719251336898395,0.020473315289055452,0.007185832947653034,1.1344505952832336,0.36440698609115046,-4.875438596491228,0.4062834224598931,0.019719251336898395,-0.013421674420870581,0.31437410177088154,0.28750639417338564,0.28032056122573257,0.8950481534844923,2.1131417304921514,0.8726776370668082,0.321218912137968,3.1131417304921514,6.181455190771961,2.5170603674540684,0.024993645683300855,0.16062585229311707,0.15038864481243663,6.094925634295713,-0.04829280691349657,4762600000.0,,1.6707726763717805,0.20315462197618867,242800000.00000003,2609300000.0,0.09305177633848159,2609300000.0,0.1065036599854367,0.17154025983980378,1.1601101015760116,8.13740458015267,inf,161.44406779661017,0.35515065890434316,0.4503614011243591,0.06700056509402931,0.09343502088682788,0.06700056509402931,0.06769298224246706,0.08584048928152221,0.05914305897254769,0.5942768411712511,0.33942519147645406,0.15114245416078984,0.0,0.0,0.04905853409007868,0.15614824003721509,0.43175894575305096,0.09892090712006431,0.0,1.5979843225083987,-1.2389513108614232,-0.36176727909011375
2005,5473500000.0,3852400000.0,1621100000.0,0.2962,0.0,1132800000.0,0.0,1132800000.0,4985200000.0,0.0,0.0,201500000.0,568300000.0,0.0919,422900000.0,0.0772631771261532,-121500000.0,366800000.0,0.067,75000000.0,226400000.0,0.0414,2.26,2.25,100100000.0,100500000.0,98500000.0,0.0,98500000.0,863200000.0,439700000.0,156900000.0,1558300000.0,1295700000.0,0.0,771800000.0,771800000.0,0.0,0.0,578100000.0,2645600000.0,0.0,4203900000.0,577900000.0,364700000.0,0.0,0.0,583000000.0,1525600000.0,723000000.0,0.0,86600000.0,356800000.0,1166400000.0,0.0,0.0,2692000000.0,0.0,124100000.0,1945300000.0,-648800000.0,91300000.0,1511900000.0,4203900000.0,0.0,4203900000.0,226400000.0,201500000.0,-12600000.0,0.0,-122400000.0,0.0,-11700000.0,0.0,32700000.0,148700000.0,441600000.0,-188300000.0,-2800000.0,0.0,0.0,23500000.0,-167600000.0,0.0,11100000.0,-40900000.0,-168700000.0,-62000000.0,-260500000.0,200000.0,13700000.0,98500000.0,84800000.0,253300000.0,56.86,55.96,36.385000000000005,9849800.0,1.53,17.0528,53.43780000000001,0.2044711014176663,0.0,0.0,253300000.0,3432100000.0,286800000.0,366800000.0,427000000.0,1511900000.0,740100000.0,740100000.0,0.04627751895496483,0.6987847757695392,0.0,0.0,0.0,0.036813738923906096,0.06701379373344295,0.052397917237599345,0.07801224079656527,2.6786474343816504,0.2069608111811455,54.68031968031968,4.224775224775224,2.5304695304695306,-1.881118881118881,15.103896103896103,-1.6853146853146854,1087700000.0,0.7194258879555526,0.09055805828813092,98500000.0,0.09055805828813092,989200000.0,989200000.0,32700000.0,1.0214341898269532,0.06456476140534871,0.0632099082333312,0.02343062394443255,1.0090614458628215,0.36290111563072386,99.0,0.3904693235448348,0.06456476140534871,0.007778491400842075,0.2774566473988439,0.25873593567877445,0.2353053117343419,0.7194258879555526,1.7805410410741451,0.6542760764600833,0.35964223697043224,2.780541041074145,3.637346304553439,1.740629948970614,0.09055805828813092,0.15861812778603268,0.3503457814661134,4.736934717578744,0.0,5473500000.0,,1.8860424028268552,0.14974535352867252,336429171.2104689,2678300000.0,0.12561295269778175,2678300000.0,0.1369525445245118,0.15942948885487063,1.302005280810676,8.761428246531727,inf,55.568527918781726,0.385618116510859,0.4723347221817546,0.09457491692491506,0.10708285106224097,0.09457491692491506,0.0872523133281001,0.10687334285131551,0.08002787202608741,0.30590460748547493,0.28242608638137445,0.11638307716033516,0.0,0.0,0.04479174100240253,0.14532685035116152,0.46273698232593546,0.10459335379052784,0.0,1.7451413427561837,-0.5483616265298066,-0.24441316206229105
2006,5575900000.0,4047500000.0,1528400000.0,0.2741,0.0,1011100000.0,91700000.0,1102800000.0,5150300000.0,0.0,-55000000.0,197900000.0,568500000.0,0.1046,425600000.0,0.0763284850876091,0.0,425600000.0,0.0763,73100000.0,367200000.0,0.0659,3.68,3.66,99800000.0,100400000.0,58500000.0,0.0,58500000.0,1005400000.0,471800000.0,119700000.0,1655400000.0,1309400000.0,715900000.0,95500000.0,811400000.0,0.0,78500000.0,438900000.0,2638200000.0,0.0,4293600000.0,630100000.0,466400000.0,0.0,1000000.0,601300000.0,1698800000.0,501600000.0,0.0,0.0,412700000.0,914300000.0,0.0,0.0,2613100000.0,0.0,124100000.0,2139900000.0,-658300000.0,74800000.0,1680500000.0,4293600000.0,0.0,4293600000.0,367200000.0,197900000.0,-10800000.0,0.0,-76100000.0,0.0,-15100000.0,0.0,-43400000.0,32600000.0,510800000.0,-195300000.0,22000000.0,0.0,0.0,18400000.0,-154900000.0,0.0,54100000.0,-157700000.0,-171800000.0,-122400000.0,-397800000.0,1900000.0,-40000000.0,58500000.0,98500000.0,315500000.0,59.835,60.085,39.72,9146850.0,1.57,18.6228,58.3428,0.17175751879699247,1000000.0,55000000.0,361053336.4661654,3482200000.0,319400000.0,370600000.0,474300000.0,1680500000.0,869100000.0,869100000.0,0.056582793809071184,0.661541481287621,0.0,0.01644577556986316,0.009863878477017163,0.03549202819275812,0.06646460661059202,0.057282232464714214,0.08506250112089528,2.5911654135338344,0.19777973062644597,55.87074148296593,4.264529058116232,3.161322645290581,-1.9569138276553106,16.838677354709418,-1.7214428857715431,968000000.0,0.5760190419518001,0.06043388429752066,58500000.0,0.06043388429752066,909500000.0,909500000.0,-43400000.0,0.9744525547445255,0.03443607252178008,0.035338890902500905,0.013624930128563443,1.010889616185659,0.3956586547419415,-6.738181818181818,0.38032728985166,0.03443607252178008,-0.010108067821874418,0.2129448481460779,0.22545183528973356,0.21182690516117011,0.5760190419518001,1.5549538827729843,0.5412079738173162,0.3913964971119806,2.5549538827729843,3.006673570360143,1.5998240985048373,0.06043388429752066,0.1815085530595844,0.6289872408293461,4.596481970096746,-0.056818181818181816,5575900000.0,0.0,1.2916666666666667,0.21850639690568283,352500000.0,2594800000.0,0.1358486203175582,2594800000.0,0.1428241097579775,0.18278865423154,1.2986538103223402,8.578846969054684,inf,95.31452991452991,0.3559716787777157,0.43891792544942854,0.13914495778717645,0.12309233852320024,0.13914495778717645,0.08631451462642072,0.10642697145482741,0.08209893795416434,0.4225060407317915,0.282237429336507,0.17159680358895277,0.0,0.0,0.04548630519843488,0.14915228348862075,0.49839295695919505,0.10988447922489286,0.0,1.4678649237472767,-0.2161648177496038,-0.11996481970096746
2007,6307800000.0,4585400000.0,1722400000.0,0.2731,0.0,1182500000.0,164600000.0,1347100000.0,5932500000.0,0.0,-105000000.0,234600000.0,504900000.0,0.08,375300000.0,0.0594977646723104,0.0,375300000.0,0.0595,71800000.0,303500000.0,0.0481,3.09,3.07,98100000.0,98900000.0,71500000.0,0.0,71500000.0,1241900000.0,631000000.0,113900000.0,2058300000.0,1591400000.0,1683300000.0,314200000.0,1997500000.0,0.0,241300000.0,356300000.0,4186500000.0,0.0,6244800000.0,679200000.0,1110800000.0,0.0,-31000000.0,718600000.0,2477600000.0,1145000000.0,0.0,0.0,632800000.0,1777800000.0,0.0,0.0,4255400000.0,0.0,124100000.0,2290200000.0,-347800000.0,-77100000.0,1989400000.0,6244800000.0,0.0,6244800000.0,303500000.0,234600000.0,-37500000.0,0.0,-375900000.0,0.0,-5300000.0,0.0,-419300000.0,374700000.0,499400000.0,-254800000.0,-1291900000.0,0.0,0.0,3500000.0,-1543200000.0,0.0,38100000.0,-63200000.0,-171800000.0,1252300000.0,1055400000.0,1400000.0,13000000.0,71500000.0,58500000.0,244600000.0,63.395,61.77,41.995,17639400.0,1.61,20.2328,62.2278,0.19131361577404743,-31000000.0,105000000.0,329512070.343725,4247300000.0,305300000.0,270300000.0,162200000.0,1989400000.0,-8100000.0,-8100000.0,0.038777386727543675,0.6865420343706456,0.0,0.026094676432353595,0.016646057262436984,0.037192047940644915,0.04285170740987349,0.04840039316401915,0.02571419512349789,3.58939515054623,0.213560987983132,64.29969418960245,3.8256880733944953,2.493374108053007,-2.597349643221203,20.279306829765545,-1.7512742099898064,2255800000.0,1.1339097215240777,0.03169607234683926,71500000.0,0.03169607234683926,2184300000.0,2184300000.0,-419300000.0,0.8307636422344205,0.028858572812399095,0.034737404654326384,0.01144952600563669,1.2454006233035086,0.39674609274916733,-2.5742857142857143,0.134807878592186,0.028858572812399095,-0.06714386369459391,0.284684857801691,0.36122854214706634,0.34977901614142964,1.1339097215240777,2.139036895546396,1.097969236955866,0.31856904944914166,3.139036895546396,-525.358024691358,4.32620320855615,0.03169607234683926,0.038116275790759976,0.21362445414847162,8.428203604674193,-0.04654667967018353,6307800000.0,-0.0,0.5344316309719934,0.1525585603699608,303500000.0,3767200000.0,0.08056381397324272,3767200000.0,0.07175090252707582,0.04305585049904438,1.0100883935434282,7.266877971473851,inf,88.22097902097902,0.2758134768127082,0.4055282179266828,0.08746869567416782,0.08104162242514334,0.08746869567416782,0.04328401229823213,0.06364043039107198,0.048600435562387904,-37.46913580246913,0.08153212023725746,0.13252117718976508,0.0,0.0,0.04080194722008711,0.16011059444514264,0.3667371252882398,0.10104406866512938,0.0,1.5660626029654037,-0.5997547015535568,-0.2905525846702317
2008,6710400000.0,4983400000.0,1727000000.0,0.2574,0.0,1304300000.0,152100000.0,1456400000.0,6439800000.0,0.0,-115000000.0,278400000.0,434000000.0,0.0647,270600000.0,0.0403254649499284,0.0,270600000.0,0.0403,4500000.0,266100000.0,0.0397,2.7,2.7,98400000.0,98700000.0,105500000.0,0.0,105500000.0,1104500000.0,583600000.0,136800000.0,1930400000.0,1493000000.0,1716700000.0,303600000.0,2020300000.0,0.0,116400000.0,475600000.0,4105300000.0,0.0,6035700000.0,672900000.0,665000000.0,0.0,-79000000.0,799100000.0,2058000000.0,1544800000.0,0.0,0.0,682900000.0,2227700000.0,0.0,0.0,4285700000.0,0.0,124100000.0,2381300000.0,-530600000.0,-224800000.0,1750000000.0,6035700000.0,0.0,6035700000.0,266100000.0,278400000.0,-114200000.0,0.0,291700000.0,0.0,16500000.0,0.0,-127600000.0,-182300000.0,539700000.0,-191600000.0,-131200000.0,0.0,17200000.0,12100000.0,-293500000.0,0.0,2700000.0,-9800000.0,-175000000.0,-26400000.0,-208500000.0,-3700000.0,34000000.0,105500000.0,71500000.0,348100000.0,48.39,46.335,32.58,26067100.0,1.64,21.8728,54.4528,0.01662971175166297,-79000000.0,115000000.0,461187583.14855874,4015400000.0,144300000.0,155600000.0,836200000.0,1750000000.0,-270300000.0,-270300000.0,0.05187470195517406,0.7552403011001737,0.0,0.022666309012875537,0.017137577491654746,0.04148783977110158,0.023187887458273725,0.02150393419170243,0.12461254172627563,5.382113821138211,0.21703624225083454,68.1951219512195,2.75,3.53760162601626,-1.9471544715447155,17.784552845528456,-1.7784552845528456,2209800000.0,1.2627428571428572,0.04774187709294959,105500000.0,0.04774187709294959,2104300000.0,2104300000.0,-127600000.0,0.9379980563654033,0.051263362487852286,0.05465188561956071,0.017479331312026773,1.176,0.34097122123365975,-1.3530434782608696,0.4913508260447036,0.051263362487852286,-0.02114087843994897,0.3690872641118677,0.36612157661911626,0.3486422453070895,1.2627428571428572,2.4489714285714284,1.202457142857143,0.28994151465447254,3.4489714285714284,-15.855345911949685,4.848617511520738,0.04774187709294959,0.19511398371327904,0.22533661315380632,9.874884792626728,-0.05204090867951851,6710400000.0,-0.0,3.1424276587748965,0.15205714285714286,266100000.0,3977700000.0,0.06689795610528697,3977700000.0,0.03911808331447822,0.21022198758076274,1.111784879964213,8.539067854694997,inf,63.60568720379147,0.2861308547475852,0.43009413757035414,0.1159432795707466,0.03627724564446791,0.1159432795707466,0.02577994267442053,0.03875080938387209,0.044087678314031514,-0.9844617092119867,0.47782857142857144,0.11174568512997102,0.0,0.0,0.03174445383302683,0.12833221701272607,0.3945358450552546,0.09669135311562868,0.0,1.6576475009394964,-0.48233266302786554,-0.3868663594470046
2010,5952700000.0,4366200000.0,1586500000.0,0.2665,0.0,1268800000.0,1108600000.0,2377400000.0,6743600000.0,0.0,-85000000.0,267300000.0,-608600000.0,-0.1022,-790900000.0,-0.1328640784853932,0.0,-790900000.0,-0.1329,-44000000.0,-746700000.0,-0.1254,-7.09,-7.21,103100000.0,103600000.0,138100000.0,0.0,138100000.0,1022100000.0,477300000.0,95700000.0,1733200000.0,1354700000.0,950800000.0,262200000.0,1213000000.0,0.0,127800000.0,574100000.0,3269600000.0,0.0,5002800000.0,689800000.0,535600000.0,0.0,103000000.0,539300000.0,1867700000.0,1088700000.0,0.0,236000000.0,447800000.0,1772500000.0,0.0,0.0,3640200000.0,0.0,124100000.0,1499700000.0,-145200000.0,-116000000.0,1362600000.0,5002800000.0,0.0,5002800000.0,-746700000.0,267300000.0,0.0,25800000.0,-6900000.0,95700000.0,133300000.0,-52400000.0,-134500000.0,1029500000.0,569000000.0,-102800000.0,30600000.0,-500000.0,0.0,-33100000.0,-105800000.0,-300600000.0,0.0,0.0,-134900000.0,2800000.0,-432700000.0,2100000.0,32600000.0,138100000.0,105500000.0,466200000.0,36.57,36.1,27.385,27105700.0,0.8,22.6728,50.0578,0.055632823365785816,103000000.0,85000000.0,546471210.0139081,3789800000.0,50400000.0,-875900000.0,-486500000.0,1362600000.0,149600000.0,149600000.0,0.07831740218724276,0.7997478726757012,0.0,0.1862348178137652,0.01427923463302367,0.04490399314596737,-0.14714331311841686,0.008466746182404623,-0.08172761939960019,-3.0059425970413454,0.3993817931358879,57.737148399612025,-7.6711930164888456,4.521823472356935,-0.997090203685742,13.216294859359845,-1.3084384093113481,1624300000.0,1.1920592984001175,0.08502123991873423,138100000.0,0.08502123991873423,1486200000.0,1486200000.0,-134500000.0,0.9279862933019222,0.02270171869143867,0.07967920609277637,0.0276045414567842,1.3706883898429474,0.3733309346765811,10.304705882352941,-0.1882529314129678,0.07394121111527548,-0.026884944431118572,0.35430159110897896,0.3246781802190773,0.2970736387622931,1.1920592984001175,2.671510347864377,1.090708938793483,0.2723674742144399,3.671510347864377,24.33288770053476,-2.441998028261584,0.08502123991873423,-0.13364650293939895,0.42821713970790853,-5.98126848504765,-0.052330234562580805,5857000000.0,0.929126213592233,0.651533413686889,-0.5479964773227654,-746900000.0,3135100000.0,-0.23823801473637204,3135100000.0,-0.27938502759082645,-0.15517846320691525,1.189873670744383,9.147705845380264,62.20167189132707,43.10427226647357,0.31712241144958825,0.41862367407251044,0.1743074256048956,0.016076042231507767,0.1743074256048956,-0.17508195410570082,-0.23112037574542194,-0.14929639401934916,-4.991310160427807,-0.35703801555849113,-0.4978995799159832,0.0,0.0,0.020548492844007355,0.07588395954823947,0.2997721276085392,0.09540657231950107,0.01912928759894459,0.8193384223918575,-0.28936078936078935,0.2216562602694709
2011,6026300000.0,4504900000.0,1521400000.0,0.2525,0.0,1170900000.0,0.0,1170900000.0,5675800000.0,0.0,71000000.0,246500000.0,550400000.0,0.0973,386200000.0,0.0640857574299321,-117600000.0,232900000.0,0.0386,78500000.0,190100000.0,0.0315,1.78,1.78,106800000.0,106800000.0,178000000.0,0.0,178000000.0,877100000.0,475100000.0,688600000.0,2218800000.0,1079400000.0,759300000.0,161200000.0,920500000.0,0.0,322300000.0,431700000.0,2753900000.0,0.0,4972700000.0,736500000.0,227100000.0,0.0,0.0,683500000.0,1647100000.0,954200000.0,0.0,125800000.0,587100000.0,1667100000.0,0.0,0.0,3314200000.0,0.0,124100000.0,1810500000.0,-263200000.0,-12900000.0,1658500000.0,4972700000.0,0.0,4972700000.0,190100000.0,246500000.0,0.0,39600000.0,451600000.0,-43600000.0,-22200000.0,31300000.0,571700000.0,-505100000.0,422700000.0,-131000000.0,21500000.0,26000000.0,300000.0,-21000000.0,-104200000.0,-1500000.0,0.0,-13500000.0,-106500000.0,-150000000.0,-271500000.0,3500000.0,50500000.0,178000000.0,127500000.0,291700000.0,39.31,35.09,27.395,25633100.0,1.0,23.6728,51.067800000000005,0.33705452984113354,0.0,-71000000.0,244630871.61872047,4052200000.0,104000000.0,303900000.0,1005800000.0,1658500000.0,738000000.0,738000000.0,0.04840449363622787,0.7696200867621927,0.0,0.0,-0.011781690257703733,0.040904037303154506,0.05042895308896006,0.017257687138044903,0.16690174734082272,3.031848783013982,0.19429832567246902,56.426029962546814,3.6161048689138577,2.7312734082397006,-1.2265917602996255,15.529026217228465,-0.9971910112359551,1181300000.0,0.7122701236056678,0.15068145263692542,178000000.0,0.15068145263692542,1003300000.0,1003300000.0,571700000.0,1.34709489405622,0.13453949365551576,0.08022354425815756,0.0357954431194321,0.9931263189629183,0.3312285076517787,4.280281690140845,0.6753081172970675,0.10806872685325725,0.114967723771794,0.3352504675528385,0.2375570615560963,0.20176161843666418,0.7122701236056678,1.9983117274645765,0.6049442267108833,0.3335210247953828,2.9983117274645763,4.490785907859078,1.8228561046511629,0.15068145263692542,0.3034819866031018,0.3057011108782226,6.021438953488372,0.06010327605180733,6069900000.0,-inf,5.290899526564965,0.11462164606572203,256029540.57535422,3325600000.0,0.07698747311022199,3325600000.0,0.09138200625451047,0.3024416646620159,1.2118768475878297,9.482003788676069,-138.2178899082569,33.85561797752809,0.30595048967361793,0.375450372637086,0.07355992050117888,0.031272552321385615,0.07355992050117888,0.06111368069660345,0.07499629830709244,0.05148702728404171,0.2575880758807588,0.6064516129032258,0.10499861916597625,0.0,0.0,0.026343837351941603,0.12136372058551047,0.36408792004343715,0.09554165744967523,-0.008767872584310334,1.5602314571278275,-0.31882070620500513,-0.16896802325581395
2012,6035600000.0,4458500000.0,1577100000.0,0.2613,0.0,1179400000.0,142200000.0,1321600000.0,5780100000.0,0.0,72800000.0,220600000.0,548900000.0,0.0986,255500000.0,0.0423321625024852,0.0,255500000.0,0.0423,86400000.0,215400000.0,0.0357,2.16,2.08,99915457.0,103500000.0,235400000.0,0.0,235400000.0,1101900000.0,473300000.0,601100000.0,2411700000.0,1015500000.0,764400000.0,277100000.0,1041500000.0,0.0,140500000.0,496100000.0,2693600000.0,0.0,5105300000.0,804300000.0,520200000.0,0.0,129000000.0,621000000.0,2074500000.0,702200000.0,0.0,331600000.0,416100000.0,1449900000.0,0.0,0.0,3524400000.0,0.0,124100000.0,1910800000.0,-278000000.0,-176000000.0,1580900000.0,5105300000.0,0.0,5105300000.0,215400000.0,220600000.0,0.0,38900000.0,-234500000.0,-106700000.0,-800000.0,68000000.0,337200000.0,273000000.0,513400000.0,-154100000.0,800000.0,-6700000.0,59100000.0,-59100000.0,-160000000.0,-1800000.0,0.0,-235200000.0,-110400000.0,49800000.0,-297600000.0,1600000.0,57400000.0,235400000.0,178000000.0,359300000.0,30.72,31.01,25.12,20337950.0,1.08,24.7528,49.8728,0.338160469667319,129000000.0,-72800000.0,311118082.1917808,4063800000.0,177100000.0,328300000.0,155200000.0,1580900000.0,539400000.0,539400000.0,0.05953012128040294,0.7478282924354829,0.0,0.02356020942408377,-0.012061766850023196,0.03654980449333952,0.05439392935250845,0.029342567433229504,0.02571409636158791,5.1726027397260275,0.21896745973888262,60.40706994914711,2.557161901386289,3.5960402002665113,-1.5423039099946267,15.822376711943578,-1.1049341444737624,1222400000.0,0.7732304383578974,0.1925719895287958,235400000.0,0.1925719895287958,987000000.0,987000000.0,337200000.0,1.1625451916124367,0.16490720655579658,0.09760749678649915,0.04610894560554717,1.312227212347397,0.4063424284567019,4.509615384615385,0.12803085080742346,0.11347312605447096,0.06604900789375746,0.28399898145064933,0.23943744735862732,0.19332850175308014,0.7732304383578974,2.229363021063951,0.6243279144790942,0.3096585900926488,3.229363021063951,6.53392658509455,1.7981417380214975,0.1925719895287958,0.04403586426058336,0.5116775847336941,6.420841683366733,0.05955497382198953,6142300000.0,-0.8271317829457364,0.7205199628597957,0.13625150230881145,169099999.99999997,3030800000.0,0.05579384980863138,3030800000.0,0.10832123531740795,0.05120760195327966,1.1822223963332223,9.420029579547856,-56.56607310215558,25.639762107051826,0.3089142655671557,0.38808504355529305,0.10265213217361119,0.058433416919625183,0.10265213217361119,0.06430572150510254,0.08078645602637925,0.03312244138444361,0.39933259176863184,0.09817192738313618,0.11272765333891564,0.0,0.0,0.030184318257497112,0.15174790743476121,0.37427771139795896,0.09270757839891877,-0.02089984917634615,1.5125348189415042,0.34734205399387696,0.2273638185461833
2013,6140000000.0,4502300000.0,1637700000.0,0.2667,96000000.0,1179000000.0,-400000.0,1274600000.0,5776900000.0,0.0,59000000.0,204600000.0,626700000.0,0.0974,363100000.0,0.0591368078175895,0.0,363100000.0,0.0591,118800000.0,215800000.0,0.0351,2.24,2.16,96178411.0,100100000.0,351600000.0,0.0,351600000.0,1119900000.0,494100000.0,126200000.0,2091800000.0,922500000.0,751100000.0,259300000.0,1010400000.0,0.0,137300000.0,448600000.0,2518800000.0,0.0,4610600000.0,889500000.0,76900000.0,0.0,103000000.0,484700000.0,1554100000.0,950600000.0,0.0,263400000.0,350300000.0,1564300000.0,0.0,0.0,3118400000.0,0.0,124100000.0,2009100000.0,-281100000.0,-359900000.0,1492200000.0,4610600000.0,0.0,4610600000.0,215800000.0,204600000.0,0.0,34000000.0,200500000.0,-110800000.0,-75900000.0,108200000.0,537700000.0,-334800000.0,320100000.0,-181400000.0,481200000.0,52200000.0,100000.0,-12700000.0,339400000.0,-437200000.0,0.0,-283500000.0,-112000000.0,286500000.0,-546200000.0,2900000.0,116200000.0,351600000.0,235400000.0,138700000.0,43.19,43.285,35.89,15733050.0,1.14,25.8928,61.7828,0.32718259432663177,103000000.0,-59000000.0,99003773.06527127,3600200000.0,254100000.0,422100000.0,649400000.0,1492200000.0,481800000.0,481800000.0,0.02258957654723127,0.7199120718080234,0.015635179153094463,-6.514657980456026e-05,-0.009609120521172639,0.033322475570032574,0.06874592833876221,0.041384364820846904,0.10576547231270358,3.510327733406775,0.20758957654723126,63.83969059334948,3.7752755137532894,1.4421115774100282,-1.8860781553149177,15.514916336057995,-1.1645024994226616,1027500000.0,0.6885806192199437,0.3421897810218978,351600000.0,0.3421897810218978,675900000.0,675900000.0,537700000.0,1.3459880316581945,0.29753555112283636,0.16808490295439335,0.07625905522057867,1.041482375016754,0.33707109703726196,7.154237288135593,0.4899298629431825,0.22624026767904254,0.11662256539279052,0.33928339044809785,0.22285602741508698,0.14659697219450832,0.6885806192199437,2.08980029486664,0.4529553679131484,0.3236455125146402,3.08980029486664,6.472395184723952,1.0785064624222116,0.3421897810218978,0.2082478193945613,0.14590784767515252,4.975905536939525,0.05742092457420925,6250800000.0,-1.075728155339806,3.0092678405931417,0.1446186838225439,244300000.0,3056500000.0,0.0799280222476689,3056500000.0,0.138099132995256,0.2124652380173401,1.3317138767188652,9.112123052013763,-55.415162454873645,17.463026166097837,0.3552032273456817,0.4548913949225043,0.03239122298880133,0.0831343039424178,0.03239122298880133,0.09154990673665032,0.11724348647297372,0.05298659610462846,0.44790369447903694,0.435196354376089,0.10741127868199692,0.020821585043161412,0.06433453960595094,0.039344120071140416,0.19663956639566396,0.4357567344814124,0.10716609551902138,-0.02403157940398213,1.5189990732159406,1.236481614996395,0.27365565661400987
2015,6330300000.0,4679100000.0,1651200000.0,0.2608,102500000.0,1155300000.0,29000000.0,1286800000.0,5965900000.0,0.0,63300000.0,201600000.0,629300000.0,0.0991,364400000.0,0.0575644124291107,0.0,364400000.0,0.0576,113300000.0,248900000.0,0.0393,2.73,2.6,90458956.0,95700000.0,227000000.0,0.0,227000000.0,1065600000.0,491800000.0,136900000.0,1921300000.0,875300000.0,721600000.0,220000000.0,941600000.0,0.0,127800000.0,494200000.0,2438900000.0,0.0,4360200000.0,797800000.0,204300000.0,0.0,107000000.0,488700000.0,1597800000.0,945300000.0,0.0,311000000.0,439600000.0,1695900000.0,0.0,0.0,3293700000.0,0.0,124100000.0,2137100000.0,-547300000.0,-647400000.0,1066500000.0,4360200000.0,0.0,4360200000.0,248900000.0,201600000.0,0.0,28300000.0,-214200000.0,-40900000.0,-33000000.0,-62800000.0,323500000.0,109600000.0,374200000.0,-175000000.0,27100000.0,0.0,300000.0,-22800000.0,-170400000.0,-1600000.0,0.0,-355500000.0,-125100000.0,158700000.0,-323500000.0,-4900000.0,-124600000.0,227000000.0,351600000.0,199200000.0,56.745000000000005,59.465,52.195,15956950.0,1.46,27.3528,79.5478,0.31092206366630076,107000000.0,-63300000.0,155581366.63007683,3418600000.0,294300000.0,427700000.0,238500000.0,1066500000.0,124900000.0,124900000.0,0.03146770295246671,0.6996729651162791,0.016191965625641756,0.0045811414940840085,-0.009999526088810957,0.031846831903701245,0.06756393851792174,0.0464906876451353,0.03767593952893228,3.531284302963776,0.20327630602025182,69.97980387923116,4.0283462922123485,2.202103681143523,-1.9345790371491796,11.789877389254857,-1.382947643127785,1149600000.0,1.0779184247538678,0.1974599860821155,227000000.0,0.1974599860821155,922600000.0,922600000.0,323500000.0,1.2024658905995744,0.16766804355989487,0.11814916983292563,0.05206183202605385,1.4981715893108298,0.36645108022567774,6.756714060031595,0.2275628989861059,0.14207034672674929,0.07419384431906793,0.38895004816292833,0.26365763038392737,0.21159579835787348,1.0779184247538678,3.0883263009845288,0.8650726676043132,0.244598871611394,4.088326300984529,26.370696557245797,1.4660734149054504,0.1974599860821155,0.07241096639038164,0.21072675341161537,5.233910694422374,0.05506263048016701,6371200000.0,-0.3822429906542056,0.9582161510646846,0.23338021565869668,251099999.99999997,2762400000.0,0.09089921807124239,2762400000.0,0.15482913408630178,0.08633796698523023,1.451837071693959,9.514233428222855,-154.7750611246944,27.886784140969162,0.378698224852071,0.48300473878195754,0.056321085516245595,0.1065377932232841,0.056321085516245595,0.09809183064997018,0.1251096940267946,0.057589101417366166,1.9927942353883106,0.22362869198312235,0.11646623929624257,0.02350809595890097,0.09610876699484294,0.04013577358836751,0.19993145207357477,0.490138067061144,0.11279299114719508,-0.009380303655795605,1.502611490558457,1.1566265060240963,0.3661210869219768
2016,6086500000.0,4386800000.0,1699700000.0,0.2793,0.0,1097500000.0,0.0,1097500000.0,5484300000.0,0.0,59900000.0,180100000.0,717100000.0,0.1178,602200000.0,0.0989402776636819,-125100000.0,477100000.0,0.0784,156400000.0,320700000.0,0.0527,3.63,3.54,88308860.0,90700000.0,195100000.0,0.0,195100000.0,1031300000.0,519100000.0,159300000.0,1904800000.0,915200000.0,793600000.0,66700000.0,860300000.0,0.0,313200000.0,402900000.0,2491600000.0,0.0,4396400000.0,841900000.0,579100000.0,37900000.0,0.0,583300000.0,2004300000.0,713400000.0,0.0,92300000.0,660900000.0,1466600000.0,0.0,0.0,3470900000.0,0.0,124100000.0,2473300000.0,-751900000.0,-920000000.0,925500000.0,4396400000.0,0.0,4396400000.0,320700000.0,180100000.0,0.0,27200000.0,-415800000.0,-88200000.0,-19600000.0,31600000.0,-99500000.0,473100000.0,585300000.0,-206600000.0,-237200000.0,-100000.0,29700000.0,-21200000.0,-435400000.0,-2700000.0,0.0,-262400000.0,-142500000.0,301400000.0,-106200000.0,-7400000.0,36300000.0,195100000.0,158800000.0,378700000.0,72.295,72.36,65.11,16637750.0,1.6,28.952800000000003,94.0628,0.3278138754977992,0.0,-59900000.0,338436051.1423182,3536100000.0,422100000.0,537000000.0,210100000.0,925500000.0,65200000.0,65200000.0,0.06221966647498563,0.6457021827381303,0.0,0.0,-0.009841452394643884,0.029590076398587038,0.08822804567485419,0.06935020126509488,0.0345190174977409,1.8224842245101296,0.18031709521071224,68.92286912094664,6.819247808204069,4.288357929204386,-2.339516102914249,10.480262116394663,-1.6136546208387244,1292500000.0,1.3965424095083738,0.15094777562862668,195100000.0,0.15094777562862668,1097400000.0,1097400000.0,-99500000.0,0.9503567330239984,0.1413461058723744,0.10242545149097018,0.04437721772359203,2.165640194489465,0.4558957328723501,8.964941569282137,0.1759217681983735,0.09734071745746645,-0.022632153580201982,0.3335911200072787,0.293990537712674,0.24961331998908198,1.3965424095083738,3.750297136682874,1.1857374392220421,0.21051314712037122,4.750297136682875,53.234662576687114,1.5303304978385162,0.15094777562862668,0.06053185052868132,0.5308382394168769,4.840189652768093,0.04634429400386847,6174700000.0,-inf,0.6551294044278142,0.34651539708265805,404790484.17522526,2392100000.0,0.1692197166402848,2392100000.0,0.2244889427699511,0.0878307763053384,1.3844281685015012,8.450780196493932,-69.0079365079365,31.19682214249103,0.3866117732690383,0.4806707955091768,0.14148072870796297,0.17645583378621296,0.14148072870796297,0.12214539168410518,0.1518622210910325,0.09207316990611074,4.918711656441718,0.22701242571582927,0.12966482028059678,0.0,0.0,0.046992994268037484,0.225743006993007,0.5625739241197343,0.11807387862796834,-0.020061868801746884,1.4443405051449953,0.31660945339318725,0.16720122716497002
2017,6613800000.0,4801600000.0,1812200000.0,0.274,93400000.0,1123200000.0,6100000.0,1222700000.0,6024300000.0,0.0,63000000.0,178700000.0,831200000.0,0.1257,589500000.0,0.0891318152952916,0.0,589500000.0,0.0891,307700000.0,281800000.0,0.0426,3.2,3.13,88011541.0,90100000.0,224400000.0,0.0,224400000.0,1209200000.0,609600000.0,194700000.0,2237900000.0,1097900000.0,985100000.0,293400000.0,1278500000.0,0.0,173300000.0,349300000.0,2899000000.0,0.0,5136900000.0,1007200000.0,265400000.0,49200000.0,196000000.0,503200000.0,1971800000.0,1316300000.0,0.0,196300000.0,606300000.0,2118900000.0,0.0,0.0,4090700000.0,0.0,124100000.0,2596700000.0,-680500000.0,-994100000.0,1046200000.0,5136900000.0,0.0,5136900000.0,281800000.0,178700000.0,0.0,30200000.0,365600000.0,-141200000.0,-14900000.0,83400000.0,266100000.0,-206200000.0,650100000.0,-226100000.0,-319300000.0,-8300000.0,35600000.0,-29600000.0,-547700000.0,-343000000.0,0.0,-129700000.0,-155500000.0,544300000.0,-83900000.0,10800000.0,29300000.0,224400000.0,195100000.0,424000000.0,86.625,90.65,83.16499999999999,13684000.0,1.76,30.712800000000005,113.8778,0.5219677692960135,196000000.0,-63000000.0,393883969.46564883,3858400000.0,510300000.0,652500000.0,826100000.0,1046200000.0,-232300000.0,-232300000.0,0.06410837944903082,0.6197991391678622,0.01412198735976292,0.0009223139496204904,-0.009525537512473918,0.027019262753636336,0.09865735280776558,0.07715685385103874,0.12490550061991593,2.074130619168787,0.18487102724606128,75.14696282843178,6.69798521082593,4.817550007447319,-2.5689812657637705,11.88707740045138,-1.7668137409388163,1581700000.0,1.5118524182756643,0.14187266864765757,224400000.0,0.14187266864765757,1357300000.0,1357300000.0,266100000.0,1.134952834973121,0.18541434222537784,0.10027257696948032,0.04368393389008935,1.8847256738673295,0.3838501820163912,10.357142857142858,0.49781925144537986,0.11380464550157217,0.051801670268060505,0.41248612976698007,0.307909439545251,0.2642255056551617,1.5118524182756643,3.910055438730644,1.2973618810934813,0.2036636882166287,4.9100554387306445,-17.609556607834698,1.6329403272377285,0.14187266864765757,0.20194587723372528,0.3221150193724835,4.921438883541867,0.03983056205348676,6755000000.0,-0.7204081632653061,2.931511710432931,0.26935576371630665,281800000.00000006,3165100000.0,0.08903352184765097,3165100000.0,0.2061546238665445,0.261002811917475,1.2875080301349062,7.876640419947506,-46.8399433427762,29.47326203208556,0.3527808600517822,0.4696765498652291,0.12444597942107638,0.16122713342390446,0.12444597942107638,0.12702213397185072,0.16911154882852997,0.054857988280869796,-1.2130865260439088,0.7896195756069585,0.10852235529710787,0.018182172127158402,0.08927547314089085,0.04401487278319609,0.2059386100737772,0.5054994257236854,0.11867079366933364,-0.027487395121571376,1.5518097941802698,-0.060849056603773585,-0.031039461020211743
2018,7159000000.0,5243500000.0,1915500000.0,0.2676,98200000.0,1127500000.0,30200000.0,1255900000.0,6499400000.0,0.0,58500000.0,181000000.0,794300000.0,0.1107,657600000.0,0.0918564045257717,-104800000.0,554800000.0,0.0775,85400000.0,467400000.0,0.0653,5.52,5.28,84723655.0,88600000.0,232000000.0,0.0,232000000.0,1216700000.0,651400000.0,197900000.0,2298000000.0,1137400000.0,941800000.0,279500000.0,1221300000.0,0.0,122100000.0,398700000.0,2879500000.0,0.0,5177500000.0,1030500000.0,194600000.0,58100000.0,11800000.0,757100000.0,1994000000.0,1771600000.0,0.0,205300000.0,251500000.0,2228400000.0,0.0,0.0,4222400000.0,0.0,124100000.0,2864900000.0,-682000000.0,-1351900000.0,955100000.0,5177500000.0,0.0,5177500000.0,467400000.0,181000000.0,-32700000.0,34300000.0,37900000.0,-62500000.0,-70500000.0,43600000.0,304000000.0,-230000000.0,457900000.0,-256600000.0,-3800000.0,29900000.0,18500000.0,-20500000.0,-232500000.0,-84000000.0,0.0,-392900000.0,-175000000.0,443800000.0,-208100000.0,-9700000.0,7600000.0,232000000.0,224400000.0,201300000.0,106.0,105.105,98.15,14643850.0,2.01,32.72280000000001,130.8728,0.15392934390771448,11800000.0,-58500000.0,151804866.6186013,3956200000.0,607000000.0,613300000.0,791100000.0,955100000.0,-266200000.0,-266200000.0,0.028118452297806955,0.5886191594883843,0.01371699958094706,0.004218466266238301,-0.008171532336918565,0.02528286073473949,0.0856683894398659,0.08478837826512083,0.11050426037156028,1.9098236009732361,0.17542952926386368,84.49824314118648,7.761704803693845,2.375959819013946,-3.0286700921956213,11.273120830304123,-2.0655388391825165,1966200000.0,2.0586326039158203,0.11799410029498525,232000000.0,0.11799410029498525,1734200000.0,1734200000.0,304000000.0,1.1524573721163491,0.14769307923771313,0.10095735422106179,0.0448092708836311,2.087739503716888,0.38512795750845,10.483760683760684,0.4845035105315948,0.11634904714142427,0.05871559633027523,0.4304007725736359,0.37975857073877356,0.33494929985514243,2.0586326039158203,4.420898335252853,1.8157261019788504,0.18447126991791404,5.420898335252853,-15.861758076634109,2.183306055646481,0.11799410029498525,0.1873579007199697,0.11362610069993226,5.315875613747954,0.0297528227036924,7221500000.0,-5.296610169491525,1.6925545571245186,0.4893728405402576,556376063.4462869,3183500000.0,0.17476867078570343,3183500000.0,0.1926495994974085,0.2485000785299199,1.3827136648961855,8.049585508136321,-114.544,30.857758620689655,0.36996619990342827,0.4841767352509984,0.047684896063641055,0.19067064551594157,0.047684896063641055,0.11845485272815065,0.15502249633486678,0.10746036956953876,-1.7558226897069873,0.8282902313893833,0.16314705574365598,0.018966682761950748,0.1028164590095278,0.04956059874456784,0.22560225074731843,0.5533365523901497,0.12581361661033316,-0.012071463061323033,1.3744116388532306,1.0824639841033283,0.27432959838851817
2019,7070100000.0,5166000000.0,1904100000.0,0.2693,92600000.0,1080400000.0,480500000.0,1653500000.0,6819500000.0,0.0,75800000.0,179000000.0,504300000.0,0.071,248000000.0,0.0350772973508154,-1100000.0,249500000.0,0.0353,-56700000.0,303600000.0,0.0429,3.64,3.57,83366840.0,85000000.0,253700000.0,0.0,253700000.0,1212200000.0,663000000.0,211700000.0,2340600000.0,1348800000.0,930800000.0,279300000.0,1210100000.0,0.0,110300000.0,479000000.0,3148200000.0,0.0,5488800000.0,1066100000.0,440200000.0,71400000.0,12900000.0,734600000.0,2253800000.0,1499300000.0,0.0,93600000.0,438100000.0,2031000000.0,0.0,0.0,4284800000.0,0.0,124100000.0,2979100000.0,-348100000.0,-1551100000.0,1204000000.0,5488800000.0,0.0,5488800000.0,303600000.0,179000000.0,-216900000.0,34500000.0,-217200000.0,-42200000.0,-18100000.0,46400000.0,86800000.0,663500000.0,746500000.0,-257200000.0,-6500000.0,37800000.0,0.0,-25100000.0,-251000000.0,-18600000.0,0.0,-237700000.0,-189700000.0,-24300000.0,-470300000.0,-3500000.0,21700000.0,253700000.0,232000000.0,489300000.0,113.955,114.22,109.16,11799900.0,2.26,34.982800000000005,144.1428,-0.22725450901803607,12900000.0,-75800000.0,396274108.21643287,4278700000.0,644700000.0,325300000.0,266500000.0,1204000000.0,-6100000.0,-6100000.0,0.0692069419102983,0.5674071739929626,0.013097410220506076,0.06796226361720485,-0.010721206206418579,0.025317888007241763,0.046010664629920366,0.09118682904060763,0.03769395058061414,6.667338709677419,0.23387222245795675,84.80710076092605,2.9748038908515664,5.8692400959422235,-3.0851595190605763,14.442193083005185,-2.2754850729618634,1939500000.0,1.6108803986710964,0.1308069089971642,253700000.0,0.1308069089971642,1685800000.0,1685800000.0,86800000.0,1.0385127340491613,0.13128937793947998,0.10839101085191831,0.04622139629791575,1.8719269102990033,0.4106179857163679,4.29155672823219,0.20241370130446357,0.112565445026178,0.015814021279696836,0.37002623524267597,0.3533559247923043,0.30713452849438855,1.6108803986710964,3.5588039867109633,1.4001661129568106,0.21935577904095613,4.558803986710964,-702.4262295081967,3.3428514772952607,0.1308069089971642,0.06219660194174757,0.32635229773894486,8.496529843347213,0.03908223769012632,7112300000.0,-3.2713178294573644,0.8777997364953887,0.2521594684385382,304359118.2364729,3235000000.0,0.09408318956305191,3235000000.0,0.10055641421947449,0.08238021638330757,1.2880957586357673,7.791855203619909,-167.53791469194312,27.86795427670477,0.3469064276344556,0.44501834669408935,0.12249586034511062,0.1992890262751159,0.12249586034511062,0.059266141961813144,0.07602776544277468,0.05545093977490032,-49.77049180327869,0.2213455149501661,0.10190997281058038,0.016870718554146624,0.07691029900332226,0.04685905844629063,0.19068801897983392,0.5427598017781664,0.12079142982072584,-0.007688383617548462,1.6248353096179182,0.09809932556713673,0.09518143961927424
2021,8408300000.0,6095500000.0,2312800000.0,0.2751,0.0,1248500000.0,0.0,1248500000.0,7344000000.0,0.0,70200000.0,244100000.0,1306900000.0,0.155,1060400000.0,0.1261134831059786,-71700000.0,992600000.0,0.1181,248600000.0,740100000.0,0.088,8.9,8.8,83151174.0,84100000.0,162700000.0,0.0,162700000.0,1424500000.0,907200000.0,240200000.0,2734600000.0,1477700000.0,1881500000.0,911400000.0,2792900000.0,0.0,130200000.0,836200000.0,5237000000.0,0.0,7971600000.0,1298800000.0,318800000.0,74900000.0,0.0,930300000.0,2547900000.0,2785900000.0,0.0,238500000.0,474900000.0,3499300000.0,0.0,0.0,6047200000.0,0.0,124100000.0,3880700000.0,-282900000.0,-1797500000.0,1924400000.0,7971600000.0,0.0,7971600000.0,740100000.0,244100000.0,2600000.0,37200000.0,-24600000.0,-113200000.0,-182700000.0,255200000.0,-7300000.0,47400000.0,1046800000.0,-272100000.0,-1470000000.0,17100000.0,0.0,-12900000.0,-1737900000.0,-13400000.0,0.0,-180900000.0,-220600000.0,1019200000.0,604300000.0,-2800000.0,-89600000.0,162700000.0,252300000.0,774700000.0,210.015,210.46,208.04,9791250.0,2.66,37.64280000000001,245.6828,0.25045335482571024,0.0,-70200000.0,722081825.5087649,5178700000.0,820200000.0,1062800000.0,1031300000.0,1924400000.0,-868500000.0,-868500000.0,0.09213515217106906,0.539821860947769,0.0,0.0,-0.008348893355375047,0.029030838576168786,0.12639891535744444,0.09754647193844178,0.12265261705695563,1.1773858921161826,0.14848423581461176,101.12064082222098,12.752676227998897,9.316765629791348,-3.2723530758567523,23.14338941263776,-2.6529992228371904,3104700000.0,1.6133340261899813,0.05240441910651593,162700000.0,0.05240441910651593,2942000000.0,2942000000.0,186700000.0,1.0732760312414145,0.10828525452333294,0.05949681854750238,0.020409955341462192,1.3239970900020785,0.31962215866325455,15.13960113960114,0.49134581419992934,0.06385650928215393,0.02342064328365698,0.4389708465050931,0.3894701189221737,0.36906016358071153,1.6133340261899813,3.142382041155685,1.5287881937227188,0.24140699483165237,4.142382041155685,-6.962809441565918,2.2511286249904354,0.05240441910651593,0.17054173832517527,0.27807889730428226,4.627132909939552,0.022610880278287757,8521500000.0,-inf,1.3934603431968653,0.3845874038661401,794819262.5428169,5423700000.0,0.1465455800547259,5423700000.0,0.19595479100982724,0.19014694765565943,1.0547819760148527,6.71902557319224,-74.27826855123675,51.67977873386601,0.2901299613628381,0.4465985672079866,0.13313454385544277,0.15122517838376015,0.13313454385544277,0.13332329770685936,0.20522524958001043,0.09970636541507563,-0.8521588946459413,0.535907295780503,0.19071301569304508,0.0,0.0,0.03413367454463345,0.18413751099681938,0.4868156957198053,0.11380400421496312,-0.014200411460685434,1.298067828671801,-0.05124564347489351,-0.030377228556125183
