,Revenue,COGS,Gross Profit,Gross Profit Ratio,Research and Development Exp.,"Selling, General and Administrative Exp.",Other Expenses,Operating Expenses,COGS and Expenses,Interest Income,Interest Expense (Gain),Depreciation and Amortization,EBITDA,EBITDA Ratio,Operating Income,Operating Income Ratio,Total Other Income Expenses (Gains),Income Before Tax,Income Before Tax Ratio,Income Tax expense (Gain),Net Income,Net Income Ratio,EPS,EPS Diluted,Weighted Average Shares Outstanding,Weighted Average Shares Outstanding Diluted,Cash and Cash Equivalents,Short-Term Investments,Cash and Short-Term Investments,Net Receivables,Inventory (Balance),Other Current Assets,Total Current Assets,PP&E,Goodwill,Intangible Assets,Goodwill and Intangible Assets,Investments,Tax Assets,Other Non-Current Assets,Total Non-Current Assets,Other Assets,Total Assets,Accounts Payable (Balance),Short-Term Debt,Tax Payable,Deferred Revenue (Current),Other Current Liabilities,Total Current Liabilities,Long-Term Debt,Deferred Revenue (Non-Current),Deferred Tax Liabilities,Other Non-Current Liabilities,Total Non-Current Liabilities,Other Liabilities,Capital Lease Obligations,Total Liabilities,Preferred Stock,Common Stock,Retained Earnings,Other Comprehensive Income/Loss,Other Total Stockholders Equity,Total Stockholders Equity,Total Liabilities And Stockholders Equity,Minority Interest,Total Liabilities & Equity,Net Income (Cash Flow),Depreciation and Amortization (Cash Flow),Deferred Income Tax,Stock Based Compensation,Change in Working Capital,Accounts Receivable,Inventory (Cash Flow),Accounts Payable (Cash Flow),Other Working Capital,Other Non-Cash Items,Cash Provided by Operating Activities,CAPEX,Acquisitions Net,Purchases of Investments,Sales/Maturities of Investments,Other Investing Activities,Cash Used for Investing Activites,Debt Repayment,Common Stock Issued,Common Stock Repurchased,Dividends Paid,Other Financing Activites,Cash Used/Provided by Financing Activities,Effect of Forex Changes on Cash,Net Change In Cash,Cash at the End of Period,Cash at the Beginning of Period,Free Cash Flow,Open,Close,Adj Close,Volume,Dividend,Dividend Cum,Price with cum Dividends,Tax Rate,Deferred Revenue,Net Interest Income,Free Cash Flow to the Firm,Tangible Assets,Adjusted Operating Income,EBIT,Operating Cash Flow,Common Book Value,Tangible Book Value,Common Tangible Book Value,Free Cash Flow Ratio,"Selling, General and Administrative Exp. Ratio",Research and Development Exp. Ratio,Other Expenses Ratio,Net Interest IncomeRatio,Depreciation and Amortization Ratio,EBIT Margin,Adjusted Operating Margin,Operating Cash Flow Margin,Cost-to-Income Ratio,Operating Expense Ratio,Revenue per share,Operating Income per share,FCF per share,CAPEX per share,Book value per share,Dividends per share,Total Debt,Financial leverage,Cash to Debt Ratio,Cash & Investments,Cash & Investments to Debt Ratio,Net Debt,Net Debt w/Investments,Working Capital,Current Ratio,Quick Ratio,Cash to Current Assets,Cash to Assets,Debt to Equity,Debt to Assets,Interest Coverage,Current Liability Coverage Ratio,Cash Ratio,Net Working Capital to Assets,Long Term Debt Ratio,Total Debt/ Assets,Net Debt/ Assets,Total Debt/ Equity,Total Liabilities/ Equity,Net Debt/ Equity,Equity Ratio,Equity Multiplier,Debt/ Tangible Book Value,Net Debt/ EBITDA,Cash to Debt,Cash Flow Coverage Ratio,Free Cash Flow/ Long Term Debt,Debt Leverage Ratio,Interest Expense to Debt Ratio,Cash Sales,Cash Revenue Adjustment,CFO/ Net Income,Return on Equity,NOPAT,Invested Capital,Return on Invested Capital,Capital Employed,ROCE,CFROI,Asset Turnover Ratio,Inventory Turnover,Receivables Turnover,Cash Turnover Ratio,Gross Profitability Ratio,Tangible Gross Profitability Ratio,Cash Return on Invested Capital,Adjusted Return on Capital Employed,Cash Return on Capital Employed,EBIT Return on Assets,EBIT Return on Tangible Assets,Return on Assets,Return on Tangible Equity,Cash Return on Equity,Return on Retained Earnings,R&D / Assets,R&D / Book,CapEx / Assets,CapEx / Fixed Assets,Retained Earnings / Total Assets,Inventory / Assets,Accounts Receivable / Assets,Plowback Ratio,Dividend & Repurchase / FCF,Dividend & Repurchase / EBITDA
2006,6230000,6280000.0,-50000.0,-0.008,3500000.0,8000000.0,-307766,11192234,19030000,314275,712282.0,1219774,-11267944.0,-1.8087,12448957,1.9982,-25648957,-13200000.0,-2.1188,100000.0,-13300000,-2.1348,-0.21,-0.21,59720424,59720424,7900000.0,0.0,7900000.0,3500000.0,500000.0,800000.0,12700000.0,14900000.0,0.0,0.0,0.0,0.0,0.0,0.0,14900000.0,0.0,27600000.0,,1014768.0,109364.0,,885232.0,1900000.0,1100000.0,0.0,0.0,100000.0,1200000.0,0.0,0.0,3100000.0,0.0,39800000.0,-21400000.0,1800000.0,4293678.0,24493678.0,27593678.0,6322.0,27600000.0,-13300000,1219774.0,-14979.0,4008900.0,-3049721,-2676272.0,-519155.0,0.0,0.0,1327050,-9808975,-4921560.0,0.0,0.0,0.0,0.0,-4921560.0,-4201702.0,11896567.0,0.0,0.0,10392439,18087304,1.0,3356770,7899835,4543065,-14730534,1.585,1.71,1.71,881150.0,0,0,1.71,-0.007575757575757576,,-398007.0,-15448212.075757576,27600000.0,-9269774.0,-12487718.0,10519010.0,24493678.0,24493678.0,24493678.0,-2.3644516853932585,-160.0,0.5617977528089888,-0.04940064205457464,-0.06388555377207063,0.19579036918138043,-2.0044491171749597,-1.4879252006420545,1.6884446227929375,0.8990499364725897,1.7965062600321027,0.10431942010324642,0.20845392859233552,-0.24665822868236836,-0.08240999762493313,0.41013905058678085,0.0,2114768.0,0.08633934029834148,3.735634358000499,7900000.0,3.735634358000499,-5785232.0,-5785232.0,10800000.0,6.684210526315789,5.566458947368421,0.6220472440944882,0.286231884057971,0.07757103690184872,0.06884057971014493,-17.531985926922204,5.536321052631579,4.157894736842105,0.391304347826087,0.043478260869565216,0.07662202898550724,-0.20960985507246377,0.08633934029834148,0.12656327073459528,-0.23619286576724002,0.8874521014492753,1.1268213781531708,0.12656327073459528,0.5134239218796259,3.735634358000499,3.3932290322580645,-13.391394545454546,-0.2751167382443505,0.33681330528927994,8906272.0,,-0.7909030075187969,-0.542997258312941,12543267.28030303,25693678.0,0.4881849644221053,25700000.0,-0.4859034241245136,0.4093,0.2257246376811594,12.56,-2.327865030161359,0.7886075949367088,-0.0018115942028985507,-0.0018115942028985507,-0.6012456478888533,-0.3606915953307393,-0.601097746138427,-0.45245355072463767,-0.45245355072463767,0.4544662058080808,-0.542997258312941,0.42945816467416614,0.6214953271028038,0.12681159420289856,0.1428940153455108,0.17831739130434782,0.3303060402684564,-0.7753623188405797,0.018115942028985508,-0.0969663768115942,1.0,0.8076127450640961,1.055788615917864
2007,14460000,13190000.0,1270000.0,0.0878,6340000.0,5410000.0,4640324,16390324,28310000,209928,1045720.0,3638966,-11275314.0,-0.7798,15006464,1.0378,-30966464,-15960000.0,-1.1037,2400000.0,-18360000,-1.2697,-0.27,-0.27,72227455,72227455,5400000.0,0.0,5400000.0,6300000.0,800000.0,500000.0,13000000.0,18200000.0,0.0,0.0,0.0,0.0,2400000.0,-2400000.0,18200000.0,0.0,31200000.0,,89493.0,0.0,,2210507.0,2300000.0,4000000.0,0.0,0.0,3600000.0,7600000.0,0.0,0.0,9900000.0,0.0,57200000.0,-44800000.0,6003.0,8998085.0,21404089.0,31304089.0,-104089.0,31200000.0,-18360000,3638966.0,2445223.0,1140563.0,-851129,-1775885.0,-144750.0,0.0,0.0,-619873,-12606250,-3361015.0,1.0,-34182.0,0.0,0.0,-3395196.0,-1471163.0,0.0,0.0,0.0,13584827,12113664,0.0,-3887782,5410458,9298241,-15967264,1.68,1.6150000000000002,1.6150000000000002,1536100.0,0,0,1.6150000000000002,-0.15037593984962405,,-835792.0,-17170235.12781955,31200000.0,-7778966.0,-14914280.0,15394301.0,21404089.0,21404089.0,21404089.0,-1.1042367911479944,4.25984251968504,0.4384508990318119,0.3209076071922545,-0.05780027662517289,0.2516573997233748,-1.0314163208852005,-0.5379644536652836,1.0646127939142462,1.092217593698289,1.1334940525587829,0.20020087929167654,0.20776675573021366,-0.2210691765340479,-0.046533759219399326,0.2963428380523722,0.0,4089493.0,0.19106129674568256,1.3204570835553453,5400000.0,1.3204570835553453,-1310507.0,-1310507.0,10700000.0,5.6521739130434785,3.11995,0.4153846153846154,0.17307692307692307,0.10745610336417495,0.07371794871794872,-14.262211681903377,6.693174347826087,2.347826086956522,0.34294871794871795,0.24358974358974358,0.1310734935897436,-0.042003429487179486,0.19106129674568256,0.4625284449153617,-0.061226945935423834,0.6860284935897436,1.4576654021575037,0.4625284449153617,0.11622798265307734,1.3204570835553453,1.554979898989899,-3.991816,-0.8780243281916583,0.2557089595213881,16235885.0,,-0.8384695533769063,-0.8577800251157618,17263075.12781955,29004089.0,0.5951945302546668,28900000.0,-0.5160650519031141,0.5326747750865052,0.4634615384615385,16.4875,-8.142419131869461,2.6777777777777776,0.040705128205128206,0.040705128205128206,-0.5919936022751671,-0.26916837370242214,-0.5941257829695346,-0.47802179487179486,-0.47802179487179486,0.5533036899942163,-0.8577800251157618,0.7192224345544442,0.40982142857142856,0.2032051282051282,0.2962050849255953,0.10772483974358975,0.18467115384615385,-1.435897435897436,0.02564102564102564,-0.056919391025641024,1.0,-0.0,-0.0
2008,21030000,17000000.0,4030000.0,0.1916,5930000.0,7100000.0,1913978,14943978,34310000,197970,949217.0,3520977,-9529806.0,-0.4532,11641153,0.5535,-25641153,-14000000.0,-0.6657,-610000.0,-13390000,-0.6367,-0.15,-0.15,81321733,81321733,500000.0,0.0,500000.0,2700000.0,800000.0,300000.0,4300000.0,13200000.0,0.0,0.0,0.0,0.0,1600000.0,-1500000.0,13300000.0,0.0,17600000.0,,358667.0,0.0,,2941333.0,3300000.0,4200000.0,0.0,0.0,2400000.0,6600000.0,0.0,375339.0,9900000.0,0.0,47600000.0,-48400000.0,2149883.0,6286007.0,7635891.0,17535891.0,64109.0,17600000.0,-13390000,3520977.0,-427190.0,0.0,3436852,0.0,-293809.0,0.0,-56124.0,4185061,-2674300,-1583915.0,0.0,-8362.0,0.0,82674.0,-1509603.0,0.0,514347.0,0.0,0.0,-234908,279439,0.0,-3904464,498146,4402611,-4258214,1.07,1.0,1.0,1322250.0,0,0,1.0,0.04357142857142857,,-751247.0,-5166072.2592857145,17600000.0,-6590977.0,-13050783.0,19208982.0,7635891.0,7635891.0,7635891.0,-0.20248283404660009,1.7617866004962779,0.2819781264859724,0.09101179267712792,-0.0357226343319068,0.16742639087018546,-0.6205793152639087,-0.313408321445554,0.9134085592011413,1.2837197483788763,0.7106028530670471,0.2586024574759124,0.1431493472968659,-0.052362558481138126,-0.019477142721491193,0.09389729803224926,0.0,4558667.0,0.5970052479795743,0.10968118531140791,500000.0,0.10968118531140791,4058667.0,4058667.0,1000000.0,1.303030303030303,0.15151515151515152,0.11627906976744186,0.028409090909090908,0.43216960535450283,0.1875,-13.748998384984677,5.820903636363636,0.15151515151515152,0.056818181818181816,0.375,0.2590151704545455,0.23060607954545453,0.5970052479795743,1.2965088160635085,0.5315250047440436,0.4338574431818182,2.3049045618906816,1.2965088160635085,-0.42589188069515793,0.10968118531140791,1.9403012121212122,-0.93068819600034,-1.0388459114487745,0.20822249135547738,21030000.0,,-1.4345766990291262,-1.753560913847513,11133931.333571428,14235891.0,0.7821028788132354,14300000.0,-0.9126421678321678,1.3432854545454544,1.1948863636363636,21.25,inf,42.06,0.22897727272727272,0.22897727272727272,-0.36289068659529033,-0.46090748251748254,-0.3612637943556444,-0.7415217613636363,-0.7415217613636363,0.632609734862013,-1.753560913847513,2.5156176273338633,0.27665289256198344,0.33693181818181817,0.7765956847733945,0.08999517045454546,0.1199935606060606,-2.75,0.045454545454545456,0.0,1.0,0.1207893731973076,0.05397245232484271
2009,27820000,14700000.0,13120000.0,0.4716,1390000.0,7170000.0,4179171,12739171,26690000,56303,1116225.0,3140000,4086225.0,0.1469,1287014,0.0463,-1457014,-170000.0,-0.0061,590000.0,-760000,-0.0273,-0.01,-0.01,90210438,90210438,12700000.0,0.0,12700000.0,5600000.0,1400000.0,1400000.0,21100000.0,14200000.0,0.0,0.0,0.0,0.0,1200000.0,-1200000.0,14200000.0,0.0,35300000.0,,881248.0,0.0,,3018752.0,3900000.0,3400000.0,0.0,0.0,2500000.0,5900000.0,0.0,824558.0,9800000.0,0.0,72200000.0,-57900000.0,-21749.0,11369834.0,25648085.0,35448085.0,-148085.0,35300000.0,-760000,3140000.0,575943.0,2270965.0,-4883264,0.0,-449962.0,0.0,0.0,897364,1241008,-1683031.0,0.0,0.0,0.0,4944.0,-1678087.0,-357736.0,11735351.0,0.0,0.0,1193785,12571400,0.0,12134321,12713295,578974,-442024,0.48,0.485,0.485,1461150.0,0,0,0.485,-3.4705882352941178,,-1059922.0,-5432206.352941177,35300000.0,2810000.0,946225.0,-1046250.0,25648085.0,25648085.0,25648085.0,-0.015888713156002876,0.5464939024390244,0.04996405463695183,0.15022181883537022,-0.03809928109273904,0.11286843997124371,0.034012401150251614,0.10100647016534867,-0.0376078360891445,9.898238092204124,0.45791412652767793,0.3083900335347003,0.014266796930971559,-0.0048999207830029605,-0.018656721298703816,0.2843139393691892,0.0,4281248.0,0.1669227156725346,2.9664247434392963,12700000.0,2.9664247434392963,-8418752.0,-8418752.0,17200000.0,5.410256410256411,3.2564102564102564,0.6018957345971564,0.3597733711048159,0.1520581361142557,0.11048158640226628,0.8477009563484065,-0.26826923076923076,3.2564102564102564,0.48725212464589235,0.1671388101983003,0.12128181303116148,-0.23849155807365438,0.1669227156725346,0.3820948035691554,-0.32824095834055445,0.7265746458923513,1.3763210781623658,0.3820948035691554,-2.0602761717722347,2.9664247434392963,-0.10676020408163266,-0.10463201120685288,2.398301610900036,0.2607242093894117,27820000.0,,1.3766447368421053,-0.029631841909444703,5753709.647058824,31548085.0,0.18237904605172783,31400000.0,0.03013455414012739,-0.033320063694267515,0.7881019830028329,10.5,inf,2.190551181102362,0.371671388101983,0.371671388101983,-0.17218814875581756,0.0894904458598726,-0.17300020232296742,0.026805240793201134,0.026805240793201134,0.1629946075654058,-0.029631841909444703,-0.04079251920757437,0.013126079447322971,0.03937677053824363,0.05419507928174755,0.04767793201133144,0.11852330985915493,-1.6402266288951841,0.039660056657223795,0.0,1.0,26.54912629178506,-2.8719297150793213
2010,40970000,22830000.0,18140000.0,0.4428,6900000.0,6530000.0,456778,13886778,36510000,115981,933851.0,2340000,6413851.0,0.1563,4587266,0.112,-1447266,3140000.0,0.0766,-1690000.0,4820000,0.1176,0.04,0.04,114422226,118932620,14000000.0,200000.0,14200000.0,9900000.0,2600000.0,1400000.0,28100000.0,17600000.0,0.0,0.0,0.0,0.0,0.0,0.0,17600000.0,0.0,45700000.0,,4533275.0,0.0,,4766725.0,9300000.0,200000.0,0.0,0.0,600000.0,800000.0,0.0,496920.0,10100000.0,0.0,83700000.0,-56100000.0,-3057511.0,11004823.0,35547312.0,45647312.0,52688.0,45700000.0,4820000,2340000.0,-1852704.0,868861.0,-3014518,0.0,-1085826.0,0.0,0.0,1052686,4214326,-8034714.0,0.0,0.0,0.0,-113982.0,-8148696.0,-1229803.0,0.0,0.0,0.0,5892057,4662254,-72988.0,654895,13964766,13309870,-3820389,0.845,0.84,0.84,2585350.0,0,0,0.84,-0.5382165605095541,,-817870.0,-5256854.073248408,45700000.0,9270000.0,4073851.0,5602748.0,35547312.0,35547312.0,35547312.0,-0.09324845008542836,0.3599779492833517,0.16841591408347573,0.011149084696119112,-0.019962655601659753,0.05711496216743959,0.09943497681230168,0.22626311935562607,0.13675245301440078,3.0272449864472653,0.3389499145716378,0.3580598056185343,0.04009069007274863,-0.03338852191181808,-0.07021987144350783,0.3106678941904172,0.0,4733275.0,0.1331542311834999,2.957782930423438,14200000.0,3.0000369722866305,-9466725.0,-9466725.0,18800000.0,3.021505376344086,1.5053763440860215,0.505338078291815,0.31072210065645517,0.26162315732902675,0.20350109409190373,4.362420771622025,0.6024460215053763,1.5268817204301075,0.4113785557986871,0.0175054704595186,0.10357275711159737,-0.20714934354485776,0.1331542311834999,0.2841283751637817,-0.26631338538340116,0.7778405251641138,1.2856105688103787,0.2841283751637817,-1.475981434554685,3.0000369722866305,0.5547275247524752,-5.481818573150433,1.5747169680118855,0.19729489623991844,40970000.0,,1.1623958506224066,0.1355939374543988,7056208.52866242,36347312.0,0.19413288467280387,36400000.0,0.11191898351648352,0.15392164835164834,0.8964989059080963,8.78076923076923,inf,2.9264285714285716,0.3969365426695842,0.3969365426695842,-0.14462841360176532,0.25467032967032965,-0.14441906794638482,0.08914334792122539,0.08914334792122539,0.154402812443379,0.1355939374543988,0.1576138302665473,-0.08591800356506239,0.15098468271334792,0.19410750382476177,0.17581431072210066,0.4565178409090909,-1.2275711159737417,0.05689277899343545,0.0,1.0,-0.0,0.0
2011,58470000,31250000.0,27220000.0,0.4655,0.0,9110000.0,-191293,8918707,40540000,426053,271303.0,4610000,18521303.0,0.3169,17920000,0.3065,-4280000,13640000.0,0.2333,2010000.0,11640000,0.1991,0.09,0.08,131072380,135401113,38700000.0,100000.0,38800000.0,14200000.0,4500000.0,1600000.0,59100000.0,41200000.0,0.0,700000.0,700000.0,0.0,1800000.0,-1800000.0,41900000.0,0.0,101000000.0,,127326.0,0.0,,6272674.0,6400000.0,0.0,0.0,0.0,3900000.0,3900000.0,0.0,127326.0,10300000.0,0.0,119200000.0,-34800000.0,-18600000.0,24783741.0,90583741.0,100883741.0,116259.0,101000000.0,11640000,4610000.0,1838394.0,2164545.0,-4973555,-4349657.0,-1783546.0,0.0,-18609.0,3426787,18706170,-23590597.0,614103.0,0.0,0.0,-320274.0,-23296768.0,-860921.0,22048972.0,0.0,0.0,8304603,29492654,44074.0,24946131,38625857,13679726,-4884427,3.16,3.185,3.185,35794800.0,0,0,3.185,0.14736070381231672,,154750.0,-5115750.598973607,100300000.0,13500000.0,13911303.0,15546445.0,90583741.0,89883741.0,89883741.0,-0.08353731828288011,0.3346803820720059,0.0,-0.0032716435779031982,0.002646656404994014,0.0788438515478023,0.2379220625962032,0.23088763468445356,0.26588754917051477,0.497695703125,0.15253475286471696,0.4460894049532022,0.13671835363026139,-0.037265112604196245,-0.1799814499439165,0.6910970945976567,0.0,127326.0,0.0014056164891666375,303.9442062108289,38800000.0,304.7295917565933,-38672674.0,-38672674.0,52700000.0,9.234375,6.72650890625,0.6565143824027073,0.38415841584158417,0.0706528559026945,0.06336633663366337,51.27589079368824,2.42913203125,6.0625,0.5217821782178218,0.03861386138613861,0.0012606534653465346,-0.3828977623762376,0.0014056164891666375,0.11370693996839897,-0.4269273224209188,0.8968687227722772,1.1149903822143976,0.11459247117896439,-2.088010438574435,304.7295917565933,1.5093635922330098,-38.36158365141448,0.5561163812286857,2.130774547225233,62819657.0,,1.3356052405498282,0.12849988167302562,15279296.187683284,94483741.0,0.16171349722153025,94600000.0,0.14705394291754756,0.1643387420718816,0.5789108910891089,6.944444444444445,-13.442439254405578,1.5108527131782945,0.2695049504950495,0.27138584247258224,-0.05414424264777584,0.1427061310782241,-0.05407770189189859,0.13773567326732672,0.13869693918245266,0.1512801602740919,0.1295006179148685,0.17162511537252584,-0.33448275862068966,0.0,0.0,0.23357026732673267,0.5725873058252428,-0.3445544554455445,0.04455445544554455,-0.04306591089108911,1.0,4.514136868050234,-1.1904654872284093
2012,61170000,41950000.0,19220000.0,0.3142,2380000.0,9880000.0,299935,12559935,54460000,444297,6031.0,8936200,18652231.0,0.3049,6774022,0.1107,2935978,9710000.0,0.1587,4200000.0,5510000,0.0901,0.04,0.04,137653513,138709786,20900000.0,5200000.0,26100000.0,18400000.0,7000000.0,2000000.0,53500000.0,63200000.0,0.0,700000.0,700000.0,0.0,5800000.0,-5500000.0,64200000.0,0.0,117700000.0,3100000.0,0.0,1640481.0,0.0,5500000.0,8600000.0,0.0,0.0,0.0,8200000.0,8200000.0,0.0,0.0,16800000.0,0.0,123400000.0,-30200000.0,7625423.0,-280607.0,100544817.0,117344817.0,355183.0,117700000.0,5510000,8936200.0,4221827.0,1536946.0,-3934341,-3983595.0,-1933999.0,1992300.0,245268.0,-3062346,13208287,-27666033.0,815215.0,-85442.0,0.0,-728768.0,-27665028.0,-130676.0,0.0,0.0,0.0,509635,378959,304575.0,-13773207,20842757,34615965,-14457747,2.04,1.985,1.985,12646350.0,0,0,1.985,0.4325437693099897,0.0,438266.0,-14461169.328527292,117000000.0,403800.0,9716031.0,7575881.0,100544817.0,99844817.0,99844817.0,-0.23635355566454144,0.514047866805411,0.03890796141899624,0.00490330227235573,0.007164721268595717,0.14608795161026647,0.15883653751839136,0.006601275134870035,0.1238496158247507,1.85413259655785,0.20532834722903384,0.4443765993825381,0.04921067288707699,-0.10502998931818035,-0.20098312347466207,0.7304195498446887,0.0,0.0,0.0,99.0,26100000.0,99.0,-26100000.0,-26100000.0,44900000.0,6.22093023255814,2.8934412790697674,0.48785046728971965,0.221750212404418,0.08553399624766336,0.07306711979609176,1611.0149228983585,0.8809163953488373,3.0348837209302326,0.38147833474936277,0.06966864910790145,0.0,-0.221750212404418,0.0,0.16708966708845868,-0.2595857327981412,0.854246533559898,1.1706222509709276,0.1682611126424319,-1.399296416605606,inf,0.4509452976190476,-inf,0.9006965440219993,inf,65153595.0,-inf,1.3749330308529946,0.05480143247960757,3843960.990731205,108744817.0,0.03534845242997839,109100000.0,0.0890561961503208,0.06943978918423464,0.5197111299915038,5.992857142857143,-15.35547664860509,2.9267942583732056,0.1632965165675446,0.16427350427350426,-0.13298260760811517,0.003701191567369386,-0.13254967303874696,0.08254911639762107,0.083043,0.0326589718838675,0.055185638729749985,0.07534829965427259,-0.1824503311258278,0.02022090059473237,0.023671036170864978,0.23505550552251486,0.4377536867088608,-0.25658453695836875,0.059473237043330504,-0.03384532710280374,1.0,-0.0,0.0
2013,52390000,51760000.0,630000.0,0.012,2240000.0,7400000.0,-354427,9285573,73390000,314622,49776.0,12535101,-3155123.0,-0.0602,9004762,0.1719,-24744762,-15740000.0,-0.3004,-3380000.0,-12360000,-0.2359,-0.08,-0.08,138151127,138151127,20500000.0,0.0,20500000.0,14200000.0,6800000.0,600000.0,42100000.0,51300000.0,0.0,600000.0,600000.0,0.0,2200000.0,-1900000.0,52200000.0,0.0,94300000.0,2100000.0,0.0,1867070.0,0.0,4000000.0,6100000.0,0.0,0.0,0.0,4500000.0,4500000.0,0.0,0.0,10600000.0,0.0,115800000.0,-40200000.0,8012998.0,-195922.0,83417076.0,94017076.0,282924.0,94300000.0,-12360000,12535101.0,-3438301.0,855584.0,2933028,3464598.0,-20662.0,-1564657.0,0.0,7568355,8093767,-12941762.0,240428.0,0.0,4775679.0,-182199.0,-8107854.0,0.0,0.0,0.0,0.0,364398,364398,612339.0,962649,20436338,19473689,-4847995,0.985,0.945,0.945,10464250.0,0,0,0.945,0.21473951715374842,0.0,264846.0,-4887082.125794155,93700000.0,-19305101.0,-15690224.0,27852891.0,83417076.0,82817076.0,82817076.0,-0.09253664821530827,11.746031746031745,0.042756251192975755,-0.006765165107845008,0.005055277724756633,0.23926514602023286,-0.2994889100973468,-0.3684882802061462,0.5316451803779347,1.0311847220392942,0.17723941591906853,0.37922238593102464,0.06518051785419021,-0.0350919685222691,-0.09367829478510153,0.6038103185361636,0.0,0.0,0.0,99.0,20500000.0,99.0,-20500000.0,-20500000.0,36000000.0,6.901639344262295,2.7926888524590163,0.48693586698337293,0.21739130434782608,0.07312651428827355,0.06468716861081654,-315.2166505946641,4.566047704918033,3.360655737704918,0.38176033934252385,0.04772004241781548,0.0,-0.21739130434782608,0.0,0.1270723035173278,-0.24575303982124716,0.884592534464475,1.130463983177737,0.1279929274489237,6.49736951618051,inf,2.6276312264150943,-inf,-3.3596154571469956,inf,48925402.0,inf,-2.253470145631068,-0.148171101082469,7071083.756035578,87917076.0,0.0804290142228522,88200000.0,-0.1778936961451247,0.31579241496598637,0.5555673382820785,7.6117647058823525,15.121523478337169,2.555609756097561,0.0066808059384941675,0.00672358591248666,-0.05558740517933233,-0.21887869614512473,-0.055409094396759125,-0.16638625662778367,-0.16745169690501602,0.07498498150620973,-0.14924458332723556,0.3338991527346271,0.3074626865671642,0.023753976670201484,0.026853015082907005,0.13724031813361612,0.25227606237816763,-0.42629904559915166,0.07211028632025451,0.03674016967126193,1.0,-0.0,-0.0
2014,38386619,42734844.0,-4348225.0,-0.1133,3125838.0,4898017.0,1590569,9614424,59266003,194683,49963.0,14541805,-7243224.0,-0.1887,25484555,0.6639,-47319547,-21834992.0,-0.5688,1464465.0,-23299457,-0.607,-0.21,-0.21,139149673,139149673,12681205.0,2823.0,12684028.0,7669560.0,6301080.0,526502.0,27181170.0,23185122.0,0.0,0.0,0.0,0.0,2885172.0,-2576752.0,23493542.0,0.0,50674712.0,,0.0,634874.0,,3956525.0,3956525.0,0.0,0.0,0.0,5269250.0,5269250.0,0.0,0.0,9225775.0,0.0,87640624.0,-53459665.0,8871009.0,7538973.0,50590941.0,59816716.0,-9142004.0,50674712.0,-23299457,14541805.0,1622935.0,737384.0,1983013,3341488.0,-1043192.0,-603863.0,0.0,7406929,2992609,-7275640.0,15505.0,0.0,0.0,-2584.0,-7262719.0,0.0,0.0,0.0,0.0,652964,652964,350602.0,-3266544,15478180,18744724,-4283032,1.005,1.015,1.015,14263100.0,0,0,1.015,-0.06706963757989927,,144720.0,-4336346.000302404,50674712.0,-23788047.0,-21785029.0,40544908.0,50590941.0,50590941.0,50590941.0,-0.1115761718946907,-1.1264405590787046,0.0814304067779452,0.0414355064716692,0.003770063729759581,0.37882484518889253,-0.5675162222544268,-0.6196963322036776,1.0562250350831888,0.3772647393686097,0.2504629021899532,0.27586567882196894,0.18314491475664482,-0.030780036400085538,-0.05228643260987038,0.3635721156168294,0.0,0.0,0.0,99.0,12684028.0,99.0,-12684028.0,-12684028.0,23224645.0,6.869960381900784,2.3605858676490103,0.46664760935603583,0.2503029124270109,0.07820619505772783,0.07807691141885523,-436.0232371955247,10.247605664061266,3.2058505885846795,0.45830837676985714,0.10398184404086994,0.0,-0.2503029124270109,0.0,0.18236021741520878,-0.25071737645678505,0.9983468874968643,1.0016558498091586,0.18236021741520878,1.7511577717325877,inf,4.394742772287423,-inf,-1.2737111264265746,inf,35045131.0,,-1.7401653609352354,-0.4605460293770776,27193794.867735013,55860191.0,0.4868188665472879,46718187.0,-0.4663072434724404,0.8678613320332829,0.7575103534875541,6.782145917842656,11.48788174609635,3.027048218209547,-0.08580660507749902,-0.08580660507749902,-0.07762855662814336,-0.509181724025378,-0.09281922691696928,-0.4298994141298721,-0.4298994141298721,0.5366344236497094,-0.4605460293770776,0.8014262474382519,0.43583245424377426,0.06168437622299659,0.0617865162855935,0.14357535963894574,0.3138064143031035,-1.0549574509668649,0.12434367658567058,0.06593995048259968,1.0,-0.0,-0.0
2015,42110861,38840449.0,3270412.0,0.0777,4620974.0,4564045.0,2536619,11721638,49900375,209701,123226.0,13132616,7891797.0,0.1874,7614813,0.1808,-12978858,-5364045.0,-0.1274,-2996.0,-5361049,-0.1273,-0.05,-0.05,140856000,140856000,10250936.0,0.0,10250936.0,7217228.0,4898876.0,636705.0,23003745.0,15312360.0,0.0,63670.0,63670.0,0.0,2295131.0,-2058427.0,15612734.0,0.0,38616479.0,,0.0,0.0,,3919850.0,3919850.0,0.0,0.0,0.0,5028465.0,5028465.0,0.0,0.0,8948315.0,0.0,72110861.0,-40629963.0,8025568.0,-2253909.0,37252556.0,46200871.0,-7584392.0,38616479.0,-5361049,13132616.0,-3603.0,889968.0,-1098949,-564247.0,-907263.0,635589.0,0.0,-2038298,5520685,-4616305.0,-741520.0,0.0,0.0,-1578883.0,-6936708.0,0.0,0.0,0.0,0.0,6486,6486,1331710.0,-77827,12870310,12948137,904381,0.535,0.515,0.515,7366700.0,0,0,0.515,0.0005585337184904303,,86475.0,781223.8258759947,38552809.0,-14426249.0,-5240819.0,19651476.0,37252556.0,37188886.0,37188886.0,0.021476193516917166,1.3955565843080322,0.10973354356255029,0.06023669285698053,0.0020535082386465573,0.3118581688462746,-0.1244529053917943,-0.34257786845061183,0.46666051306811324,1.5393205322310608,0.27835189596337157,0.2989639135003124,0.05406097716817175,0.006420606860907593,-0.032773222297949677,0.2644726245243369,0.0,0.0,0.0,99.0,10250936.0,99.0,-10250936.0,-10250936.0,19083895.0,5.868526856895034,2.7590808321747007,0.44562031095371646,0.2654549628929142,0.10522365230455596,0.10150718298268467,-42.530139743236006,5.0133234690102935,2.6151347628098014,0.49419044651895894,0.13021552275648954,0.0,-0.2654549628929142,0.0,0.24020673910268064,-0.275174031011456,0.9646802858437715,1.0366128702685529,0.24061799000916564,-1.2989355909686982,inf,2.1961090998696404,inf,1.1338754658793175,inf,42675108.0,,-3.6656027579677035,-0.14391090372429746,7610559.8701795,42281021.0,0.17999943450229125,34696629.0,-0.15104692158999078,0.5663799788734519,1.0904893996161587,7.928440932164848,-74.63196259794026,4.108001552248497,0.08468954406744333,0.08482940892841297,0.0184769385270047,-0.4157824381152417,0.0225158422703253,-0.13571457408118437,-0.13593870682678402,0.1970806263869759,-0.14415728935790117,0.5275202055934095,0.131948163477284,0.11966326603727906,0.12404448167261328,0.11954235910529284,0.30147573594142246,-1.0521405382401643,0.1268597274236214,-0.01461156000266104,1.0,0.0,0.0
2016,61881000,39859000.0,22022000.0,0.3559,6085000.0,5715000.0,140000,11940000,53478000,225000,99000.0,5576000,3066000.0,0.0495,10082000,0.1629,-12691000,-2609000.0,-0.0422,1509000.0,-4118000,-0.0665,-0.03,-0.03,154217000,154217000,41642000.0,15020000.0,56662000.0,10178000.0,5744000.0,529000.0,73113000.0,16208000.0,0.0,22000.0,22000.0,0.0,2134000.0,-2036000.0,16328000.0,0.0,89441000.0,,0.0,0.0,,6553000.0,6553000.0,0.0,0.0,0.0,5600000.0,5600000.0,0.0,0.0,12153000.0,0.0,128485000.0,-54226000.0,18115000.0,-15086000.0,77288000.0,89441000.0,0.0,89441000.0,-4118000,5576000.0,1509000.0,1026000.0,-2343000,-2285000.0,-94000.0,-179000.0,0.0,11982000,13632000,-4695000.0,22000.0,-15020000.0,0.0,-22000.0,-19715000.0,0.0,0.0,0.0,0.0,35324000,35324000,-1284000.0,27957000,41642000,13685000,8937000,1.375,1.38,1.38,33740800.0,0,0,1.38,-0.5783825220390955,,126000.0,8780740.13031813,89419000.0,10731000.0,-2510000.0,11806000.0,77288000.0,77266000.0,77266000.0,0.1444223590439715,0.2595132140586686,0.09833389893505276,0.002262406877716908,0.0020361661899452174,0.09010843392963915,-0.04056172330763885,0.17341348717700103,0.19078553998804157,1.1842888315810356,0.19295098657099918,0.4012592645428195,0.06537541256800482,0.05795080957352302,-0.030444114462089136,0.5011639443122353,0.0,0.0,0.0,99.0,56662000.0,99.0,-56662000.0,-56662000.0,66560000.0,11.157179917594995,6.703341980772166,0.7749921354615458,0.6335125948949587,0.08478677155573958,0.0732661754676267,-25.353535353535353,1.8016175797344727,8.646726690065618,0.744177726098769,0.06261110676311758,0.0,-0.6335125948949587,0.0,0.15724303902287548,-0.7331280405755097,0.8641227177692558,1.1572430390228754,0.15728781093883468,-18.480756686236138,inf,0.9714473792479223,inf,3.9637964774951078,inf,64166000.0,,-2.8669256920835355,-0.05328123382672601,15913252.58719816,82888000.0,0.19198499888039475,82888000.0,-0.030281826078563844,0.14243316282212143,0.6918639102872285,6.939240947075209,-27.081400437636763,1.4860237260458191,0.2462181773459599,0.2462787550744249,0.10593499819416718,0.12946385484026637,0.10593499819416718,-0.028063192495611632,-0.028070096959259216,0.17791899226527164,-0.05329640462816763,0.15275333816375117,0.07594143031018331,0.06803367583099473,0.0787314977745575,0.05249270468800662,0.28967176702862785,-0.6062767634530025,0.06422110665131203,-0.0255475676703078,1.0,0.0,0.0
2017,63746000,46057000.0,17689000.0,0.2775,9466000.0,7804000.0,867000,18137000,63403000,808000,171000.0,3954000,6881000.0,0.1079,343000,0.0054,2413000,2756000.0,0.0432,1466000.0,1290000,0.0202,0.01,0.01,167966000,171307000,36797000.0,20091000.0,56888000.0,14780000.0,5294000.0,4847000.0,81809000.0,30599000.0,0.0,0.0,0.0,0.0,1930000.0,7542000.0,40071000.0,0.0,121880000.0,,0.0,1025000.0,,15844000.0,15844000.0,0.0,0.0,0.0,24895000.0,24895000.0,0.0,0.0,40739000.0,0.0,130201000.0,-52072000.0,18962000.0,-15950000.0,81141000.0,121880000.0,0.0,121880000.0,1290000,3954000.0,1466000.0,1413000.0,-666000,-3688000.0,355000.0,0.0,0.0,-1754000,5703000,-5265000.0,105000.0,-5071000.0,0.0,-1048000.0,-11279000.0,0.0,0.0,0.0,0.0,1207000,1207000,-476000.0,-4845000,36797000,41642000,438000,1.28,1.285,1.285,21954950.0,0,0,1.285,0.5319303338171263,,637000.0,357960.0870827286,121880000.0,5931000.0,2927000.0,2165000.0,81141000.0,81141000.0,81141000.0,0.00687101935807737,0.4411781333031828,0.14849559188027484,0.013600853386879178,0.009992783860948137,0.06202742132839707,0.04591660653217457,0.09304113199259562,0.03396291532017695,52.87755102040816,0.284519813007875,0.3795172832597073,0.0020420799447507234,0.0026076706000023814,-0.031345629472631364,0.4830799090292083,0.0,0.0,0.0,99.0,56888000.0,99.0,-56888000.0,-56888000.0,65965000.0,5.163405705629891,2.5552259530421613,0.695375814396949,0.46675418444371514,0.1952650324743348,0.1299967180833607,17.116959064327485,0.13664478667003283,3.5905074476142387,0.5412290777814244,0.20425828683951427,0.0,-0.46675418444371514,0.0,0.5020766320355924,-0.7011005533577352,0.665744995077125,1.5020766320355923,0.5020766320355924,-8.267402993750908,inf,0.053143179754044034,inf,5.920505740444703,inf,67434000.0,,1.678294573643411,0.01589825119236884,160547.8955007257,106036000.0,0.0015140885689834177,106036000.0,0.027603832660605832,0.020417594024670867,0.5230226452248113,8.69984888553079,-17.28470715835141,1.7323694866429329,0.14513455858221203,0.14513455858221203,0.0033758354434600384,0.05593383379229695,0.0033758354434600384,0.02401542500820479,0.02401542500820479,0.0013172620241280414,0.01589825119236884,0.02668194870657251,-0.024773390689814104,0.07766655726944535,0.11666112076508793,0.043198227765014766,0.17206444655054087,-0.4272399081063341,0.04343616672136528,-0.030259271414506073,1.0,0.0,0.0
2018,59434000,51249000.0,8185000.0,0.1377,13045000.0,6286000.0,1008000,20339000,70691000,1518000,20000.0,3573000,-5818000.0,-0.0979,-11257000,-0.1894,1846000,-9411000.0,-0.1583,652000.0,-10063000,-0.1693,-0.06,-0.06,168888000,168888000,24524000.0,26057000.0,50581000.0,13935000.0,4828000.0,7627000.0,76971000.0,28456000.0,0.0,0.0,0.0,0.0,2053000.0,5296000.0,35805000.0,0.0,112776000.0,6259000.0,0.0,240000.0,0.0,8861000.0,15120000.0,0.0,0.0,0.0,25000000.0,25000000.0,0.0,0.0,40120000.0,0.0,130912000.0,-61252000.0,19829000.0,-16833000.0,72656000.0,112776000.0,0.0,112776000.0,-10063000,3573000.0,652000.0,1321000.0,7049000,0.0,510000.0,0.0,0.0,-2205000,327000,-2069000.0,0.0,-5965000.0,0.0,-5000000.0,-13034000.0,0.0,0.0,0.0,0.0,349000,349000,85000.0,-12273000,24524000,36797000,-1742000,1.17,1.15,1.15,9328800.0,0,0,1.15,-0.0692806290511104,0.0,1498000.0,-1763385.6125810223,112776000.0,-1674000.0,-9391000.0,-1287000.0,72656000.0,72656000.0,72656000.0,-0.029309822660430057,0.7679902260232132,0.21948716223037318,0.01695998923175287,0.025204428441632735,0.06011710468755258,-0.15800720126526904,-0.02816569640273244,-0.021654271965541608,-1.8067868881584792,0.34221152875458494,0.3519136942826015,-0.06665364028231728,-0.010314527971199848,-0.012250722372223011,0.4302022642224433,0.0,0.0,0.0,99.0,50581000.0,99.0,-50581000.0,-50581000.0,61851000.0,5.0906746031746035,1.621957671957672,0.6571435995374881,0.4485085479179967,0.20810394186302578,0.13407107895296871,-469.55,-0.08511904761904762,3.345304232804233,0.5484411576931262,0.2216783712846705,0.0,-0.4485085479179967,0.0,0.5521911473243779,-0.6961709975776261,0.6442505497623607,1.552191147324378,0.5521911473243779,8.693881058783086,inf,-0.03207876370887338,-inf,-6.895840495015469,inf,59434000.0,,0.12789426612342245,-0.13850198194230345,-12036892.041228348,97656000.0,-0.12325809004288879,97656000.0,-0.09616408618006062,-0.013178913738019169,0.5270092927573242,10.614954432477216,inf,2.4235035067688795,0.07257749875860112,0.07257749875860112,-0.01805711489904381,-0.01714180388301794,-0.01805711489904381,-0.08327126338937363,-0.08327126338937363,-0.10673274492115653,-0.13850198194230345,-0.017713609337150407,0.164288513028146,0.11567177413634107,0.17954470380973353,0.018346102007519332,0.07270874332302502,-0.5431297439171455,0.042810527062495565,0.0,1.0,-0.0,-0.0
2019,198653000,191808000.0,6845000.0,0.0345,14228000.0,17089000.0,14465000,45782000,275791000,726000,5752000.0,35185000,-49341000.0,-0.2484,-77138000,-0.3883,-13140000,-90278000.0,-0.4545,744000.0,-91022000,-0.4582,-0.33,-0.33,273380000,273380000,36970000.0,0.0,36970000.0,21756000.0,35120000.0,11495000.0,105341000.0,149469000.0,0.0,0.0,0.0,0.0,5365000.0,10567000.0,165401000.0,0.0,270742000.0,27311000.0,43565000.0,499000.0,0.0,21650000.0,92526000.0,17114000.0,0.0,0.0,60603000.0,77717000.0,0.0,17986000.0,170243000.0,0.0,252186000.0,-148532000.0,17420000.0,-20575000.0,100499000.0,270742000.0,0.0,270742000.0,-91022000,35185000.0,744000.0,1726000.0,15273000,4568000.0,10521000.0,0.0,0.0,51881000,13787000,-25910000.0,1441000.0,0.0,25941000.0,3086000.0,4558000.0,-54634000.0,15939000.0,0.0,0.0,32714000,-5981000,82000.0,12446000,36970000,24524000,-12123000,0.815,0.8049999999999999,0.8049999999999999,19564700.0,0,0,0.8049999999999999,-0.008241210483174196,0.0,-5026000.0,-17922403.442699216,270742000.0,-45429000.0,-84526000.0,-27424000.0,100499000.0,100499000.0,100499000.0,-0.06102601017855255,2.4965668371073777,0.07162237670712247,0.07281541179846264,-0.025300398181754113,0.17711788898229577,-0.42549571363130684,-0.2286851947868897,-0.13804976516840925,-0.593507739376183,0.2304621626655525,0.7266552052088667,-0.2821640207769405,-0.0443448679493745,-0.09477650157290218,0.36761650449923183,0.0,60679000.0,0.6037771520114628,0.6092717414591539,36970000.0,0.6092717414591539,23709000.0,23709000.0,12815000.0,1.1385016103581695,0.35019345913581046,0.3509554684310952,0.13655066447023365,0.9206658772724107,0.34174971005606813,-14.695062586926287,-0.2963923653891879,0.3995633659728076,0.04733288518220298,0.28705187964926016,0.22412111899889933,0.08757045452866567,0.6037771520114628,1.6939770544980548,0.23591279515219057,0.37119841029467165,2.693977054498055,1.6939770544980548,-0.4805131634948623,0.6092717414591539,-0.16108738685291024,-0.3453846153846154,-3.4503354208467605,0.09479391552266847,194085000.0,inf,0.3012897980707961,-0.9057005542343705,-77773710.49425109,178216000.0,-0.4364013920986392,178216000.0,-0.4742896260717332,-0.15388068411365982,0.7337354381662247,5.461503416856492,43.48795971978984,5.373356775764133,0.025282372147653484,0.025282372147653484,-0.10056562509931329,-0.2549097724110069,-0.10056562509931329,-0.3122012838791174,-0.3122012838791174,-0.28726134288086475,-0.9057005542343705,-0.27287833709788156,0.612810707456979,0.05255187595570691,0.14157354799550245,0.09569996528059924,0.17334698164836856,-0.5486108546143561,0.12971759091681379,0.01687215134703888,1.0,1.3147735708982926,0.32303763604304736
2020,260805000,176938000.0,83867000.0,0.3216,0.0,12480000.0,14434000,26914000,203852000,347000,3981000.0,446000,8552000.0,0.0328,56953000,0.2184,-52828000,4125000.0,0.0158,3791000.0,334000,0.0013,0.0,0.0,337834000,344196000,63396000.0,1000.0,63397000.0,15342000.0,33743000.0,7000000.0,119482000.0,136893000.0,0.0,12178000.0,12178000.0,0.0,0.0,11867000.0,160938000.0,0.0,280420000.0,27478000.0,36229000.0,3306000.0,0.0,24379000.0,88086000.0,2465000.0,0.0,4682000.0,73484000.0,80631000.0,0.0,11221000.0,168717000.0,0.0,268872000.0,-168773000.0,11604000.0,0.0,111703000.0,280420000.0,0.0,280420000.0,334000,446000.0,3791000.0,2462000.0,-156000,-1335000.0,-5063000.0,0.0,-902000.0,62012000,68889000,-41948000.0,0.0,0.0,0.0,-21000.0,-41969000.0,-50610000.0,0.0,0.0,0.0,51438000,828000,-1322000.0,26426000,63396000,36970000,26941000,0.5800000000000001,0.72,0.72,40905100.0,0,0,0.72,0.919030303030303,0.0,-3634000.0,26618659.636363637,268242000.0,70941000.0,8106000.0,53452000.0,111703000.0,99525000.0,99525000.0,0.1032993999348172,0.1488070397176482,0.0,0.05534403098100113,-0.013933781944364563,0.001710089913920362,0.03108069247138667,0.27200782193592915,0.20495005847280534,0.4725650975365652,0.10319587431222561,0.7719915698242332,0.16858279510055235,0.07974626591758083,-0.12416749054269256,0.3306446361230664,0.0,38694000.0,0.34640072334673194,1.638393549387502,63397000.0,1.6384193931875743,-24703000.0,-24703000.0,31396000.0,1.3564244034239266,0.7348613854642054,0.5305987512763429,0.2260787390343057,0.7885732701896995,0.3141216746309108,2.0361718161266014,0.6068160661172036,0.7197170946574938,0.11196063048284716,0.2875365523143856,0.1379858783253691,-0.0880928607089366,0.34640072334673194,1.5104070615829477,-0.22114893959875742,0.39834177305470364,2.5104070615829475,1.695222305953278,-2.8885640785781104,1.6384193931875743,0.3168145474374248,1.9685079643431243,19.728367633302152,0.10288416808807567,262140000.0,-inf,160.03592814371257,0.002990071887057644,4611467.151515155,192334000.0,0.02397634922330506,192334000.0,0.04214543450455978,0.277912381586199,0.9300513515441124,5.243694988590226,-195.35955056179776,4.113903085368162,0.2990763854218672,0.3126542450473826,0.1383980972493872,0.3688427423128516,0.1383980972493872,0.02890664003994009,0.030218981367571073,0.016444858253744938,0.0033559407184124593,0.4785189296616922,-0.001978989530315868,0.0,0.0,0.14958990086299123,0.3064291088660487,-0.6018579273946224,0.12033021895727837,-0.004760716068754012,1.0,0.0,0.0
2021,185678000,186560000.0,-882000.0,-0.0048,0.0,14206000.0,18211000,32417000,218977000,248000,2604000.0,31001000,-8597000.0,-0.0463,-33299000,-0.1793,-8903000,-42202000.0,-0.2273,39000.0,-42241000,-0.2275,-0.13,-0.13,337834000,337834000,47692000.0,0.0,47692000.0,14437000.0,25112000.0,4718000.0,91959000.0,146471000.0,0.0,12792000.0,12792000.0,0.0,0.0,12821000.0,172084000.0,0.0,264043000.0,17137000.0,47995000.0,3250000.0,0.0,26624000.0,91756000.0,9105000.0,0.0,4536000.0,70655000.0,84296000.0,0.0,8157000.0,176052000.0,0.0,291561000.0,-211014000.0,7444000.0,0.0,87991000.0,264043000.0,0.0,264043000.0,-42241000,0.0,39000.0,1738000.0,7016000,0.0,6912000.0,0.0,0.0,32762000,-686000,-43977000.0,-328000.0,0.0,0.0,-1418000.0,-45723000.0,-45917000.0,23077000.0,0.0,0.0,54028000,31188000,-483000.0,-15704000,47692000,63396000,-44663000,0.675,0.625,0.625,46264100.0,0,0,0.625,-0.0009241268186341879,0.0,-2356000.0,-47269406.42623572,251251000.0,-46089000.0,-39598000.0,4679000.0,87991000.0,75199000.0,75199000.0,-0.24054007475306713,-16.10657596371882,0.0,0.09807839377847671,-0.012688633009834228,0.16696108316548003,-0.21326166804898802,-0.2482200368379668,0.0251995389868482,-0.9735127180996427,0.17458718857376748,0.5496131236050842,-0.09856615971157433,-0.13220398183723367,-0.13017339876981002,0.2604563187837814,0.0,57100000.0,0.6489300042049755,0.8352364273204904,47692000.0,0.8352364273204904,9408000.0,9408000.0,203000.0,1.002212389380531,0.519769824316666,0.518622429561,0.18062209564351261,1.042788467002307,0.3475040050294838,-15.206605222734256,0.050993940450760715,0.519769824316666,0.000768814170419212,0.3192510310820586,0.21625265581742367,0.035630560173911065,0.6489300042049755,2.0007955359070815,0.10692002591174098,0.33324496388845753,3.0007955359070815,2.341148153565872,-1.094335233220891,0.8352364273204904,0.02657737486651671,-2.587359518016452,-20.478306385948585,0.04560420315236427,185678000.0,,-0.1107691579271324,-0.4800604607289382,-33329772.4989337,172287000.0,-0.19345494726203194,172287000.0,-0.2298374224404627,0.027158172119776884,0.7032112193847214,7.429117553360943,inf,3.8932735049903546,-0.0033403650163041625,-0.0035104337893182513,-0.2743643247966226,-0.26751292900799245,-0.2743643247966226,-0.14996799763674856,-0.15760335282247634,-0.12622857829570827,-0.5617228952512666,0.0531758929890557,0.2001810306425166,0.0,0.0,0.1665524175986487,0.30024373425456236,-0.7991652874721162,0.09510572141658745,0.0,1.0,0.5166916687190739,2.6843084797022216
