,https://roic.ai/company/CALA,2012,2013,2014,2015,2016,2017,2018,2019,2020,2021
0,INCOME STATEMENT, , , , , , , , , , 
1,Revenue,- -,- -,- -,- -,- -,25955000,22254000,- -,- -,9750000
2,COGS,- -,- -,- -,- -,- -,- -,- -,- -,- -,- -
3,Gross Profit,- -,- -,- -,- -,- -,- -,- -,- -,- -,- -
4,Gross Profit Ratio,- -,- -,- -,- -,- -,- -,- -,- -,- -,- -
5,Research and Development Exp.,6558000,9900000,16367000,23748000,27748000,43111000,66195000,76290000,71015000,53455000
6,General and Administrative Exp.,1417000,2478000,5354000,9071000,10586000,12530000,13340000,16605000,20372000,20853000
7,Selling and Marketing Exp.,- -,- -,- -,- -,- -,- -,- -,- -,- -,- -
8,"Selling, General and Administrative Exp.",1417000,2478000,5354000,9071000,10586000,12530000,13340000,16605000,20372000,20853000
9,Other Expenses,- -,- -,- -,- -,- -,- -,- -,- -,- -,50875000
10,Operating Expenses,7975000,12378000,21721000,32819000,38334000,55641000,79535000,92895000,91387000,125183000
11,COGS and Expenses,7975000,12378000,21721000,32819000,38334000,55641000,79535000,92895000,91387000,- -
12,Interest Income ,- -,- -,- -,175000,330000,1860000,2652000,3035000,1250000,- -
13,Interest Expense (Gain),- -,- -,- -,- -,- -,- -,- -,- -,- -,- -
14,Depreciation and Amortization,269000,281000,361000,404000,297000,365000,505000,479000,364000,280000
15,EBITDA,-7706000,-12097000,-21360000,-32415000,-38037000,-27461000,-54124000,-92416000,-91023000,-114808000
16,EBITDA ratio,-Infinity,-Infinity,-Infinity,-Infinity,-Infinity,-1.0580,-2.4321,-Infinity,-Infinity,-11.7752
17,Operating Income,-7975000,-12378000,-21721000,-32819000,-38334000,-29686000,-57281000,-92895000,-91387000,-115433000
18,Operating Income ratio,-Infinity,-Infinity,-Infinity,-Infinity,-Infinity,-1.1437,-2.5740,-Infinity,-Infinity,-11.8393
19,Total Other Income Expenses (Gains),- -,1000,9000,175000,330000,1860000,2652000,3035000,1250000,345000
20,Income Before Tax,-7975000,-12377000,-21712000,-32644000,-38004000,-27826000,-54629000,-89860000,-90137000,-115088000
21,Income Before Tax Ratio,-Infinity,-Infinity,-Infinity,-Infinity,-Infinity,-1.0721,-2.4548,-Infinity,-Infinity,-11.8039
22,Income Tax expense (Gain),- -,- -,- -,- -,- -,- -,- -,- -,- -,- -
23,Net Income,-7975000,-12377000,-21712000,-32644000,-38004000,-27826000,-54629000,-89860000,-90137000,-115088000
24,Net Income ratio,-Infinity,-Infinity,-Infinity,-Infinity,-Infinity,-1.0721,-2.4548,-Infinity,-Infinity,-11.8039
25,EPS,-0.64,-3.03,-1.21,-1.81,-1.95,-0.84,-1.49,-1.90,-1.31,-1.67
26,EPS Diluted,-0.64,-3.03,-1.21,-1.81,-1.95,-0.84,-1.49,-1.90,-1.31,-1.67
27,Weighted Average Shares Outstanding,7893874,4082935,17943000,18045000,19486000,32951000,36604000,47312000,68814000,68814000
28,Weighted Average Shares Outstanding Diluted,7893874,4082935,17943000,18045000,19486000,32951000,36604000,47312000,68814000,68814000
29,SEC Link,- -,- -,https://www.sec.gov/Archives/edgar/data/1496671/000156459015002028/0001564590-15-002028-index.htm,https://www.sec.gov/Archives/edgar/data/1496671/000156459016014785/0001564590-16-014785-index.htm,https://www.sec.gov/Archives/edgar/data/1496671/000156459017004620/0001564590-17-004620-index.htm,https://www.sec.gov/Archives/edgar/data/1496671/000156459018004953/0001564590-18-004953-index.htm,https://www.sec.gov/Archives/edgar/data/1496671/000156459019006798/0001564590-19-006798-index.htm,https://www.sec.gov/Archives/edgar/data/1496671/000156459020010058/0001564590-20-010058-index.htm,https://www.sec.gov/Archives/edgar/data/1496671/000156459021013599/0001564590-21-013599-index.htm,https://www.sec.gov/Archives/edgar/data/1496671/000095017022005227/0000950170-22-005227-index.htm
30,BALANCE SHEET, , , , , , , , , , 
31,Cash and Cash Equivalents,2205000,33820000,101969000,6105000,10601000,48475000,51058000,60437000,107146000,59537000
32,Short-Term Investments,- -,- -,- -,63823000,41180000,115318000,85095000,96924000,8005000,- -
33,Cash and Short-Term Investments,2205000,33820000,101969000,69928000,51781000,163793000,136153000,157361000,115151000,59537000
34,Net Receivables,- -,- -,- -,- -,- -,1142000,1997000,482000,1541000,- -
35,Inventory,- -,- -,- -,- -,- -,- -,- -,- -,- -,- -
36,Other Current Assets,67000,349000,1894000,2567000,1780000,2732000,2102000,1953000,2011000,1915000
37,Total Current Assets,2272000,34169000,103863000,72495000,53561000,167667000,140252000,159796000,118703000,61452000
38,PP&E,681000,559000,861000,931000,899000,1759000,1464000,8252000,6444000,3034000
39,Goodwill,- -,- -,- -,- -,- -,- -,- -,- -,- -,- -
40,Intangible Assets,- -,- -,- -,- -,- -,- -,- -,- -,- -,- -
41,Intangible Assets,- -,- -,- -,- -,- -,- -,- -,- -,- -,- -
42,Investments,- -,- -,- -,1997000,- -,22361000,- -,- -,- -,- -
43,Tax Assets,- -,- -,- -,- -,- -,- -,- -,- -,- -,- -
44,Other Non-Current Assets,107000,116000,46000,327000,336000,668000,1009000,720000,440000,270000
45,Total Non-Current Assets,788000,675000,907000,3255000,1235000,24788000,2473000,8972000,6884000,3304000
46,Other Assets,- -,- -,- -,- -,- -,- -,- -,- -,- -,- -
47,Total Assets,3060000,34844000,104770000,75750000,54796000,192455000,142725000,168768000,125587000,64756000
48,Accounts Payable,25000,150000,693000,562000,398000,1072000,1247000,2052000,1994000,3650000
49,Short-Term Debt,- -,- -,- -,- -,- -,- -,- -,1478000,1903000,- -
50,Tax Payable,- -,- -,- -,- -,- -,- -,- -,- -,- -,- -
51,Deferred Revenue,- -,- -,- -,- -,- -,29017000,2467000,1547000,- -,- -
52,Other Current Liabilities,884000,1194000,3428000,3271000,4055000,8938000,11167000,14547000,14504000,10356000
53,Total Current Liabilities,909000,1344000,4121000,3833000,4453000,39027000,14881000,19624000,18401000,14006000
54,Long-Term Debt,- -,- -,- -,- -,- -,- -,- -,- -,4815000,1666000
55,Deferred Revenue,- -,- -,- -,- -,- -,2028000,- -,- -,- -,- -
56,Deferred Tax Liabilities,- -,- -,- -,- -,- -,- -,- -,- -,- -,- -
57,Other Non-Current Liabilities,10722000,54313000,283000,129000,437000,1093000,1130000,6718000,- -,- -
58,Total Non-Current Liabilities,10722000,54313000,283000,129000,437000,3121000,1130000,6718000,4815000,1666000
59,Other Liabilities,- -,- -,- -,- -,- -,- -,- -,- -,- -,- -
60,Capital Lease Obligations,- -,- -,- -,- -,- -,- -,- -,8196000,6718000,- -
61,Total Liabilities,11631000,55657000,4404000,3962000,4890000,42148000,16011000,26342000,23216000,15672000
62,Preferred Stock,- -,- -,- -,- -,- -,- -,- -,- -,- -,- -
63,Common Stock,- -,1000,2000,2000,2000,4000,4000,6000,7000,8000
64,Retained Earnings,-17765000,-30142000,-51854000,-84498000,-122502000,-150333000,-196170000,-286101000,-376238000,-491326000
65,Other Comprehensive Income/Loss,-610000,-871000,-1231000,-69000,-13000,-270000,-113000,42000,3000,- -
66,Other Total Stockholders Equity,9804000,10199000,153449000,156353000,172419000,300906000,322993000,428479000,478599000,499700000
67,Total Stockholders Equity,-8571000,-20813000,100366000,71788000,49906000,150307000,126714000,142426000,102371000,8382000
68,Total Liabilities And Stockholders Equity,3060000,34844000,104770000,75750000,54796000,192455000,142725000,168768000,125587000,24054000
69,Minority Interest,- -,- -,- -,- -,- -,- -,- -,- -,- -,40702000
70,Total Liabilities & Equity,3060000,34844000,104770000,75750000,54796000,192455000,142725000,168768000,125587000,64756000
71,SEC Link,- -,- -,https://www.sec.gov/Archives/edgar/data/1496671/000156459015002028/0001564590-15-002028-index.htm,https://www.sec.gov/Archives/edgar/data/1496671/000156459016014785/0001564590-16-014785-index.htm,https://www.sec.gov/Archives/edgar/data/1496671/000156459017004620/0001564590-17-004620-index.htm,https://www.sec.gov/Archives/edgar/data/1496671/000156459018004953/0001564590-18-004953-index.htm,https://www.sec.gov/Archives/edgar/data/1496671/000156459019006798/0001564590-19-006798-index.htm,https://www.sec.gov/Archives/edgar/data/1496671/000156459020010058/0001564590-20-010058-index.htm,https://www.sec.gov/Archives/edgar/data/1496671/000156459021013599/0001564590-21-013599-index.htm,https://www.sec.gov/Archives/edgar/data/1496671/000095017022005227/0000950170-22-005227-index.htm
72,CASH FLOW STATEMENT, , , , , , , , , , 
73,Net Income,-7975000,-12377000,-21712000,-32644000,-38004000,-27826000,-54629000,-89860000,-90137000,-115088000
74,Depreciation and Amortization,269000,281000,361000,404000,297000,365000,505000,479000,364000,280000
75,Deferred Income Tax,- -,- -,- -,- -,- -,- -,- -,- -,- -,- -
76,Stock Based Compensation,31000,70000,689000,3272000,4250000,5536000,7437000,6466000,8060000,10264000
77,Change in Working Capital,678000,31462000,66917000,-31080000,-19554000,79532000,-3269000,14801000,-39870000,-52856000
78,Accounts Receivable,- -,- -,- -,- -,- -,-1142000,-855000,1515000,-1059000,- -
79,Inventory,- -,- -,- -,- -,- -,- -,- -,- -,- -,- -
80,Accounts Payable,25000,125000,543000,-131000,-28000,674000,175000,816000,-58000,1656000
81,Other Working Capital,1363000,32825000,99742000,68662000,49108000,128640000,125371000,140172000,100302000,47446000
82,Other Non-Cash Items,7000,-31273000,-65486000,30115000,21986000,-43856000,-14886000,-10631000,37271000,91100000
83,Cash Provided by Operating Activities,-6990000,-11837000,-19231000,-29933000,-31025000,13751000,-64842000,-78745000,-84312000,-66300000
84,CAPEX,-49000,-164000,-556000,-441000,-401000,-1229000,-214000,-7000,-61000,-147000
85,Acquisitions Net,- -,- -,- -,- -,- -,- -,- -,- -,- -,- -
86,Purchases of Investments,- -,- -,- -,-109099000,-44618000,-194650000,-76107000,-153227000,-57059000,- -
87,Sales/Maturities of Investments,- -,- -,- -,42764000,68724000,97448000,129120000,142450000,146080000,8000000
88,Other Investing Activites,- -,-9000,70000,- -,- -,-394000,- -,- -,- -,- -
89,Cash Used for Investing Activites,-49000,-173000,-486000,-66776000,23705000,-98825000,52799000,-10784000,88960000,7853000
90,Debt Repayment,- -,- -,- -,- -,- -,- -,- -,- -,- -,- -
91,Common Stock Issued,- -,65000,71625000,- -,11281000,121615000,13705000,97686000,40861000,10664000
92,Common Stock Repurchased,- -,- -,- -,- -,- -,- -,- -,- -,- -,- -
93,Dividends Paid,- -,- -,- -,- -,- -,- -,- -,- -,- -,- -
94,Other Financing Activites,5966000,43560000,16241000,845000,535000,1333000,921000,1222000,1200000,4000
95,Cash Used/Provided by Financing Activities,5966000,43625000,87866000,845000,11816000,122948000,14626000,98908000,42061000,10668000
96,Effect of Forex Changes on Cash,- -,- -,- -,- -,- -,- -,- -,- -,- -,- -
97,Net Change In Cash,-1073000,31615000,68149000,-95864000,4496000,37874000,2583000,9379000,46709000,-47779000
98,Cash at the End of Period,2205000,33820000,101969000,6105000,10601000,48475000,51498000,60877000,107586000,59807000
99,Cash at the Beginning of Period,3278000,2205000,33820000,101969000,6105000,10601000,48915000,51498000,60877000,107586000
100,Free Cash Flow,-7039000,-12001000,-19787000,-30374000,-31426000,12522000,-65056000,-78752000,-84373000,-66447000
101,SEC Link,- -,- -,https://www.sec.gov/Archives/edgar/data/1496671/000156459015002028/0001564590-15-002028-index.htm,https://www.sec.gov/Archives/edgar/data/1496671/000156459016014785/0001564590-16-014785-index.htm,https://www.sec.gov/Archives/edgar/data/1496671/000156459017004620/0001564590-17-004620-index.htm,https://www.sec.gov/Archives/edgar/data/1496671/000156459018004953/0001564590-18-004953-index.htm,https://www.sec.gov/Archives/edgar/data/1496671/000156459019006798/0001564590-19-006798-index.htm,https://www.sec.gov/Archives/edgar/data/1496671/000156459020010058/0001564590-20-010058-index.htm,https://www.sec.gov/Archives/edgar/data/1496671/000156459021013599/0001564590-21-013599-index.htm,https://www.sec.gov/Archives/edgar/data/1496671/000095017022005227/0000950170-22-005227-index.htm
102,false,,,,,,,,,,
