,https://roic.ai/company/CUBI-PF,2010,2011,2012,2013,2014,2015,2016,2017,2018,2019,2020,2021
0,INCOME STATEMENT, , , , , , , , , , , , 
1,Revenue,24095000,52628000,100769000,124313000,175343000,222880000,270618000,343887000,314692000,356561000,502279000,- -
2,COGS,- -,- -,- -,- -,- -,- -,- -,- -,- -,- -,- -,- -
3,Gross Profit,- -,- -,- -,- -,- -,- -,- -,- -,- -,- -,- -,- -
4,Gross Profit Ratio,- -,- -,- -,- -,- -,- -,- -,- -,- -,- -,- -,- -
5,Research and Development Exp.,- -,- -,- -,- -,- -,- -,- -,- -,- -,- -,- -,- -
6,General and Administrative Exp.,18075000,19887000,29688000,45391000,64095000,80101000,93333000,149309000,157937000,156974000,190534000,- -
7,Selling and Marketing Exp.,1007000,994000,1219000,1274000,1325000,1475000,576000,1470000,2446000,4044000,2223000,- -
8,"Selling, General and Administrative Exp.",19082000,20881000,30907000,46665000,65420000,81576000,93909000,150779000,160383000,161018000,192757000,- -
9,Other Expenses,- -,- -,-1437000,- -,- -,- -,- -,- -,- -,- -,- -,- -
10,Operating Expenses,- -,- -,- -,- -,- -,- -,- -,- -,- -,- -,- -,- -
11,COGS and Expenses,- -,- -,- -,- -,- -,- -,- -,- -,- -,- -,- -,- -
12,Interest Income ,30907000,61439000,93543000,127516000,190427000,249850000,322539000,372850000,417951000,463739000,543304000,- -
13,Interest Expense (Gain),11546000,22463000,21761000,24301000,38504000,53560000,73023000,105507000,160074000,186429000,139616000,- -
14,Depreciation and Amortization,840000,1375000,2024000,3129000,3604000,3998000,3569000,10801000,14157000,22879000,30537000,- -
15,EBITDA,40852000,29707000,59875000,77728000,105496000,146053000,206706000,240187000,265285000,311428000,346111000,- -
16,EBITDA ratio,1.6955,0.5645,0.5942,0.6253,0.6017,0.6553,0.7638,0.6984,0.8430,0.8734,0.6891,- -
17,Operating Income,- -,- -,- -,- -,- -,- -,- -,- -,- -,- -,- -,- -
18,Operating Income ratio,- -,- -,- -,- -,- -,- -,- -,- -,- -,- -,- -,- -
19,Total Other Income Expenses (Gains),- -,- -,- -,- -,- -,- -,- -,- -,- -,- -,- -,- -
20,Income Before Tax,28466000,5869000,36090000,50298000,63388000,88495000,139119000,123879000,91054000,102120000,175958000,- -
21,Income Before Tax Ratio,1.1814,0.1115,0.3581,0.4046,0.3615,0.3971,0.5141,0.3602,0.2893,0.2864,0.3503,- -
22,Income Tax expense (Gain),4731000,1835000,12272000,17604000,20174000,29912000,51412000,45042000,19359000,22793000,43380000,- -
23,Net Income,23735000,4034000,23818000,32694000,43214000,58583000,78702000,78837000,71695000,79327000,132578000,- -
24,Net Income ratio,0.9851,0.0767,0.2364,0.2630,0.2465,0.2628,0.2908,0.2293,0.2278,0.2225,0.2640,- -
25,EPS,0.97,0.17,0.98,1.34,1.77,2.40,3.22,3.23,2.94,3.25,3.76,- -
26,EPS Diluted,0.97,0.17,0.98,1.34,1.77,2.40,3.22,3.23,2.94,3.25,3.76,- -
27,Weighted Average Shares Outstanding,24418199,24418199,24418199,24418199,24418199,24418199,24418199,24418199,24418199,24418199,24418199,- -
28,Weighted Average Shares Outstanding Diluted,24418199,24418199,24418199,24418199,24418199,24418199,24418199,24418199,24418199,24418199,24418199,- -
29,SEC Link,- -,- -,- -,- -,- -,- -,- -,- -,- -,https://www.sec.gov/Archives/edgar/data/1488813/000148881320000033/0001488813-20-000033-index.htm,https://www.sec.gov/Archives/edgar/data/1488813/000148881321000069/0001488813-21-000069-index.htm,undefined
30,BALANCE SHEET, , , , , , , , , , , , 
31,Cash and Cash Equivalents,- -,73570000,186016000,233068000,371023000,264593000,244709000,146323000,62135000,212505000,693354000,- -
32,Short-Term Investments,- -,- -,129093000,497573000,416685000,560253000,493474000,471371000,665012000,595876000,1210285000,- -
33,Cash and Short-Term Investments,- -,73570000,315109000,730641000,787708000,824846000,738183000,617694000,727147000,808381000,1903639000,- -
34,Net Receivables,- -,27184000,39777000,18408000,17525000,19939000,23690000,27021000,32955000,38072000,80412000,- -
35,Inventory,- -,- -,- -,- -,- -,- -,- -,- -,- -,- -,- -,- -
36,Other Current Assets,- -,1567076000,2703894000,2891250000,5588978000,6981093000,8111491000,8695219000,8380749000,10053804000,15218988000,- -
37,Total Current Assets,- -,1667830000,3058780000,3640299000,6394211000,7825878000,8873364000,9339934000,9140851000,10900257000,17203039000,- -
38,PP&E,- -,9420000,9672000,11625000,10810000,11531000,12259000,11955000,11063000,9389000,11626000,- -
39,Goodwill,- -,1598000,3629000,3629000,- -,- -,- -,- -,- -,- -,- -,- -
40,Intangible Assets,- -,- -,60000,47000,- -,- -,- -,- -,- -,- -,- -,- -
41,Intangible Assets,- -,1598000,3689000,3676000,3664000,3651000,3639000,16295000,16499000,15195000,14298000,- -
42,Investments,- -,398684000,129093000,497573000,416685000,560253000,493474000,471371000,665012000,595876000,1210285000,- -
43,Tax Assets,- -,- -,- -,- -,- -,- -,- -,- -,- -,- -,- -,- -
44,Other Non-Current Assets,- -,- -,- -,- -,- -,- -,- -,- -,- -,- -,- -,- -
45,Total Non-Current Assets,- -,409702000,142454000,512874000,431159000,575435000,509372000,499621000,692574000,620460000,1236209000,- -
46,Other Assets,- -,2487234000,3343688000,4666047000,7256529000,8976748000,9892108000,10339176000,10525999000,12141177000,19675457000,- -
47,Total Assets,- -,2077532000,3201234000,4153173000,6825370000,8401313000,9382736000,9839555000,9833425000,11520717000,18439248000,- -
48,Accounts Payable,- -,8595000,12941000,21878000,33437000,44360000,47381000,56212000,66455000,126241000,191786000,- -
49,Short-Term Debt,- -,- -,411000000,611500000,1298000000,1365300000,688800000,- -,- -,- -,850000000,- -
50,Tax Payable,- -,- -,- -,- -,- -,- -,- -,- -,- -,- -,- -,- -
51,Deferred Revenue,- -,- -,- -,- -,- -,- -,- -,- -,- -,- -,- -,- -
52,Other Current Liabilities,- -,- -,- -,- -,- -,- -,- -,- -,- -,- -,- -,- -
53,Total Current Liabilities,- -,- -,423941000,633378000,1331437000,1409660000,736181000,- -,- -,- -,1041786000,- -
54,Long-Term Debt,- -,333000000,62000000,160300000,518250000,458250000,375906000,1907237000,1480918000,1154745000,305431000,- -
55,Deferred Revenue,- -,- -,- -,- -,- -,- -,- -,- -,- -,- -,- -,- -
56,Deferred Tax Liabilities,- -,- -,- -,- -,- -,- -,- -,- -,- -,- -,- -,- -
57,Other Non-Current Liabilities,- -,- -,- -,- -,- -,- -,- -,- -,- -,- -,- -,- -
58,Total Non-Current Liabilities,- -,333000000,62000000,160300000,518250000,458250000,375906000,1907237000,1480918000,1154745000,305431000,- -
59,Other Liabilities,- -,2262784000,2569818000,3293472000,5569038000,6896001000,8166589000,10825828000,10357527000,11622667000,16585807000,- -
60,Capital Lease Obligations,- -,- -,- -,- -,- -,- -,- -,- -,- -,- -,- -,- -
61,Total Liabilities,- -,1929784000,2931759000,3766550000,6382225000,7847411000,8526864000,8918591000,8876609000,10467922000,17322162000,- -
62,Preferred Stock,- -,- -,- -,- -,- -,55569000,217471000,217471000,217471000,217471000,217471000,- -
63,Common Stock,- -,11395000,18507000,24756000,27278000,27432000,30820000,31913000,32252000,32617000,32986000,- -
64,Retained Earnings,- -,14496000,38314000,71008000,68421000,124511000,193698000,258076000,316651000,381519000,438581000,- -
65,Other Comprehensive Income/Loss,- -,-245000,1064000,-8118000,-122000,-7984000,-4892000,-359000,-22663000,-1250000,-5764000,- -
66,Other Total Stockholders Equity,- -,122102000,211590000,298977000,347568000,354374000,418775000,413863000,413105000,422438000,433812000,- -
67,Total Stockholders Equity,- -,147748000,269475000,386623000,443145000,553902000,855872000,920964000,956816000,1052795000,1117086000,- -
68,Total Liabilities And Stockholders Equity,- -,2077532000,3201234000,4153173000,6825370000,8401313000,9382736000,9839555000,9833425000,11520717000,18439248000,- -
69,Minority Interest,- -,- -,- -,- -,- -,- -,- -,- -,- -,- -,- -,- -
70,Total Liabilities & Equity,- -,2077532000,3201234000,4153173000,6825370000,8401313000,9382736000,9839555000,9833425000,11520717000,18439248000,- -
71,SEC Link,undefined,- -,- -,- -,- -,- -,- -,- -,- -,https://www.sec.gov/Archives/edgar/data/1488813/000148881320000033/0001488813-20-000033-index.htm,https://www.sec.gov/Archives/edgar/data/1488813/000148881321000069/0001488813-21-000069-index.htm,undefined
72,CASH FLOW STATEMENT, , , , , , , , , , , , 
73,Net Income,23735000,4034000,23818000,32694000,43214000,58583000,78702000,78837000,71695000,79327000,132578000,- -
74,Depreciation and Amortization,840000,1375000,2024000,3129000,3604000,3998000,3569000,10801000,14157000,22879000,30537000,- -
75,Deferred Income Tax,1817000,-2728000,-3731000,2210000,-6187000,-10092000,-2579000,14820000,9303000,14516000,-17966000,- -
76,Stock Based Compensation,2041000,704000,2014000,3368000,5237000,5661000,6492000,7167000,9740000,9851000,12883000,- -
77,Change in Working Capital,-19092000,-112000,-12538000,-12209000,-9226000,-5748000,-3449000,-48943000,-24733000,-69139000,-57372000,- -
78,Accounts Receivable,-11417000,2257000,-9587000,-15091000,-16423000,-12024000,-9982000,-32256000,-34614000,-84141000,-95833000,- -
79,Inventory,- -,- -,- -,- -,- -,- -,- -,- -,- -,- -,- -,- -
80,Accounts Payable,-6927000,-2369000,4346000,6974000,9606000,8706000,6278000,-16687000,9881000,15002000,38461000,- -
81,Other Working Capital,-228000,- -,-1458000,-2482000,- -,- -,- -,- -,- -,- -,- -,- -
82,Other Non-Cash Items,-230887000,26630000,-1253648000,692843000,-579140000,-409050000,-373197000,322918000,17312000,20846000,32365000,- -
83,Cash Provided by Operating Activities,-221546000,29903000,-1242061000,722035000,-542498000,-356648000,-290462000,385600000,97474000,78280000,133025000,- -
84,CAPEX,-3287000,-2721000,-2713000,-3894000,-1419000,-2939000,-5117000,-24358000,-38984000,-50257000,-28866000,- -
85,Acquisitions Net,- -,19207000,- -,- -,- -,- -,- -,- -,-1502000,- -,- -,- -
86,Purchases of Investments,-305824000,-470414000,-122394000,-542110000,-164940000,-231703000,-5000000,-796594000,-763242000,- -,-1201913000,- -
87,Sales/Maturities of Investments,162462000,282929000,391609000,160302000,262444000,77137000,67553000,817327000,520495000,136264000,623911000,- -
88,Other Investing Activites,-202137000,-589479000,-4372000,-1202313000,-2018005000,-1100721000,-657105000,-884907000,179135000,-1530442000,-5818101000,- -
89,Cash Used for Investing Activites,-348786000,-760478000,262130000,-1588015000,-1921920000,-1258226000,-599669000,-888532000,-104098000,-1444435000,-6424969000,- -
90,Debt Repayment,- -,- -,- -,- -,-2000000,- -,- -,- -,-63250000,-25000000,- -,- -
91,Common Stock Issued,59724000,28526000,94586000,97507000,77000,806000,65088000,2716000,3585000,2150000,923000,- -
92,Common Stock Repurchased,- -,-500000,- -,-7754000,- -,- -,- -,- -,-12976000,-571000,- -,- -
93,Dividends Paid,- -,-44000,- -,- -,- -,-2314000,-9051000,-14459000,-14459000,-14459000,-14076000,- -
94,Other Financing Activites,680525000,537439000,997791000,823279000,2604296000,1509952000,814210000,396289000,9536000,1554405000,6785946000,- -
95,Cash Used/Provided by Financing Activities,740249000,565421000,1092377000,913032000,2602373000,1508444000,870247000,384546000,-77564000,1516525000,6772793000,- -
96,Effect of Forex Changes on Cash,- -,- -,- -,- -,- -,- -,- -,- -,- -,- -,- -,- -
97,Net Change In Cash,169917000,-165154000,112446000,47052000,137955000,-106430000,-19884000,-118386000,-84188000,150370000,480849000,- -
98,Cash at the End of Period,238724000,73570000,186016000,233068000,371023000,264593000,244709000,146323000,62135000,212505000,693354000,- -
99,Cash at the Beginning of Period,68807000,238724000,73570000,186016000,233068000,371023000,264593000,264709000,146323000,62135000,212505000,- -
100,Free Cash Flow,-224833000,27182000,-1244774000,718141000,-543917000,-359587000,-295579000,361242000,58490000,28023000,104159000,- -
101,SEC Link,- -,- -,- -,- -,- -,- -,- -,- -,- -,https://www.sec.gov/Archives/edgar/data/1488813/000148881320000033/0001488813-20-000033-index.htm,https://www.sec.gov/Archives/edgar/data/1488813/000148881321000069/0001488813-21-000069-index.htm,undefined
102,false,,,,,,,,,,,,
