,https://roic.ai/company/HCMC,2000,2001,2002,2003,2004,2005,2006,2007,2008,2009,2010,2011,2012,2013,2014,2015,2016,2017,2018,2019,2020,2021
0,INCOME STATEMENT, , , , , , , , , , , , , , , , , , , , , , 
1,Revenue,11920578,14275416,11421114,9458640,- -,- -,- -,- -,- -,7957247,10917101,15982097,21352691,25990228,15279859,10750033,10565163,12961095,14647040,15114006,13920745,13319854
2,COGS,10890435,13644509,10993806,8880368,- -,- -,- -,- -,- -,3039301,6058297,6732335,13225008,16300333,14497254,8014643,5331810,6682314,7482153,8629762,8143524,8027300
3,Gross Profit,1030143,630907,427308,578272,- -,- -,- -,- -,- -,4917946,4858804,9249762,8127683,9689895,782605,2735390,5233353,6278781,7164887,6484244,5777221,5292554
4,Gross Profit Ratio,0.0864,0.0442,0.0374,0.0611,- -,- -,- -,- -,- -,0.6180,0.4451,0.5788,0.3806,0.3728,0.0512,0.2545,0.4953,0.4844,0.4892,0.4290,0.4150,0.3973
5,Research and Development Exp.,- -,- -,- -,- -,- -,- -,- -,- -,- -,- -,- -,- -,- -,- -,- -,- -,- -,- -,- -,- -,- -,- -
6,General and Administrative Exp.,- -,- -,- -,- -,- -,- -,- -,- -,81279,- -,- -,4157638,6865633,6464969,11126759,15744130,10048135,16444944,9952858,10250784,- -,- -
7,Selling and Marketing Exp.,- -,- -,- -,- -,- -,- -,- -,- -,- -,- -,- -,3961946,3559616,2264807,2374329,336342,92124,110694,193955,166430,- -,- -
8,"Selling, General and Administrative Exp.",891629,890546,725123,763763,84978,142709,166871,412885,81279,4381215,4958492,8119584,10425249,8729776,13501088,16080472,10140259,16555638,10146813,10417214,8844947,10033048
9,Other Expenses,96939,- -,- -,- -,- -,1200,1200,136200,- -,- -,- -,- -,- -,- -,- -,- -,- -,- -,- -,- -,- -,- -
10,Operating Expenses,988568,890546,725123,763763,84978,143909,168071,549085,81279,4381215,4958492,8119584,10425249,8729776,13501088,16080472,10140259,16555638,10146813,10417214,8844947,10033048
11,COGS and Expenses,11879003,14535055,11718929,9644131,84978,143909,168071,549085,81279,7420516,11016789,14851919,23650257,25030109,27998342,24095115,15472069,23237952,17628966,19046976,16988471,18060348
12,Interest Income ,- -,70694,62564,54869,- -,- -,- -,- -,- -,- -,- -,- -,- -,- -,- -,19323,45723,33774,108067,108374,- -,- -
13,Interest Expense (Gain),- -,175116,160016,176626,- -,19636,19650,19650,19650,- -,- -,- -,89347,383981,348975,188901,15386,3722,8915,171225,272651,65281
14,Depreciation and Amortization,96939,96558,94594,94431,- -,- -,- -,- -,- -,- -,- -,5144,11451,11284,56435,462103,374388,350647,375690,920148,1134496,497408
15,EBITDA,-79127,209696,-203221,81256,-84978,-143909,-168071,-549085,-81279,536731,-99688,1135322,-2286115,671826,-12679506,2451757,11074266,-9507559,-12778656,-1708003,-2315245,-3474770
16,EBITDA ratio,-0.0066,0.0147,-0.0178,0.0086,-Infinity,-Infinity,-Infinity,-Infinity,-Infinity,0.0675,-0.0091,0.0710,-0.1071,0.0258,-0.8298,0.2281,1.0482,-0.7335,-0.8724,-0.1130,-0.1663,-0.2609
17,Operating Income,41575,-259639,-297815,-185491,-101416,-143909,-168071,-549085,-81279,536731,-99688,1130178,-2297566,960119,-12718483,-28748915,-8862268,-10276857,-2981926,-4414284,-3448372,-4740494
18,Operating Income ratio,0.0035,-0.0182,-0.0261,-0.0196,-Infinity,-Infinity,-Infinity,-Infinity,-Infinity,0.0675,-0.0091,0.0707,-0.1076,0.0369,-0.8324,-2.6743,-0.8388,-0.7929,-0.2036,-0.2921,-0.2477,-0.3559
19,Total Other Income Expenses (Gains),-217641,197661,-160016,-4310,- -,-19636,-19650,-19650,-19650,- -,- -,- -,-89347,-683558,-366433,30549668,21136563,133446,-10181335,1614908,-274020,703035
20,Income Before Tax,-176066,-61978,-457831,-189801,-101416,-163545,-187721,-568735,-100929,536731,-99688,1130178,-2386913,276561,-13084916,1800753,12274295,-10143411,-13163261,-2799376,-3722392,-4037459
21,Income Before Tax Ratio,-0.0148,-0.0043,-0.0401,-0.0201,-Infinity,-Infinity,-Infinity,-Infinity,-Infinity,0.0675,-0.0091,0.0707,-0.1118,0.0106,-0.8564,0.1675,1.1618,-0.7826,-0.8987,-0.1852,-0.2674,-0.3031
22,Income Tax expense (Gain),-59185,-4245,-147675,376167,- -,- -,- -,- -,- -,202000,1000,416840,-465941,-524791,767333,- -,- -,- -,- -,- -,- -,- -
23,Net Income,-116881,-57733,-310156,-565968,-455720,-163545,-187721,-568735,-100929,334731,-100688,713338,-1920972,801352,-13852249,1800753,10684492,-9861928,-13163261,-2799376,-3722392,-4037459
24,Net Income ratio,-0.0098,-0.0040,-0.0272,-0.0598,-Infinity,-Infinity,-Infinity,-Infinity,-Infinity,0.0421,-0.0092,0.0446,-0.0900,0.0308,-0.9066,0.1675,1.0113,-0.7609,-0.8987,-0.1852,-0.2674,-0.3031
25,EPS,-16697.29,-8247.57,-44308.00,-80852.57,-65102.86,-23363.57,-26817.29,-81247.86,-14418.43,47818.71,-14384.00,101905.43,-274424.57,114478.86,-1978892.71,-5181038.29,0.00,-0.00,-0.00,-0.00,-0.00,-0.00
26,EPS Diluted,-16697.29,-8247.57,-44308.00,-80852.57,-65102.86,-23363.57,-26817.29,-81247.86,-14418.43,47818.71,-14384.00,101905.43,-274424.57,114478.86,-1978892.71,-5181038.29,0.00,-0.00,-0.00,-0.00,-0.00,-0.00
27,Weighted Average Shares Outstanding,7,7,7,7,339742000000,339742000000,339742000000,339742000000,339742000000,339742000000,339742026666,339742026666,339742000000,339742016000,339742016000,7,4102959032,26199887696,42696521421,66977667455,90351540618,90351540618
28,Weighted Average Shares Outstanding Diluted,7,7,7,7,339742000000,339742000000,339742000000,339742000000,339742000000,339742000000,339742026666,339742026666,339742000000,339742016000,339742016000,7,640656219521,26199887696,42696521421,66977667455,90351540618,90351540618
29,SEC Link,- -,- -,- -,- -,- -,- -,- -,- -,- -,- -,- -,https://www.sec.gov/Archives/edgar/data/844856/000119312512134703/0001193125-12-134703-index.html,https://www.sec.gov/Archives/edgar/data/844856/000119312513134687/0001193125-13-134687-index.html,https://www.sec.gov/Archives/edgar/data/844856/000119312514069730/0001193125-14-069730-index.htm,https://www.sec.gov/Archives/edgar/data/844856/000149315215001079/0001493152-15-001079-index.htm,https://www.sec.gov/Archives/edgar/data/844856/000157104916013764/0001571049-16-013764-index.htm,https://www.sec.gov/Archives/edgar/data/844856/000157104917002865/0001571049-17-002865-index.html,https://www.sec.gov/Archives/edgar/data/844856/000121390018002977/0001213900-18-002977-index.html,https://www.sec.gov/Archives/edgar/data/844856/000121390019004953/0001213900-19-004953-index.html,https://www.sec.gov/Archives/edgar/data/844856/000084485620000011/form10k.htm,https://www.sec.gov/Archives/edgar/data/844856/000084485621000019/0000844856-21-000019-index.htm,https://www.sec.gov/Archives/edgar/data/844856/000084485622000019/0000844856-22-000019-index.htm
30,BALANCE SHEET, , , , , , , , , , , , , , , , , , , , , , 
31,Cash and Cash Equivalents,- -,- -,- -,321670,340,281,230,94,- -,841,65734,356485,176409,6570215,471194,27214991,13366272,7883191,7061253,3525415,925475,26496404
32,Short-Term Investments,- -,- -,- -,- -,- -,- -,- -,- -,- -,- -,- -,- -,- -,- -,- -,- -,- -,- -,90857,24000,22731,23143
33,Cash and Short-Term Investments,- -,- -,- -,321670,340,281,230,94,- -,841,65734,356485,176409,6570215,471194,27214991,13366272,7883191,7152110,3549415,948206,26519547
34,Net Receivables,- -,- -,- -,2026655,- -,- -,- -,- -,- -,361623,803876,1286168,1827871,2008755,818715,382648,56070,103978,84351,65401,23675,28481
35,Inventory,- -,- -,- -,805450,- -,- -,- -,- -,- -,827412,924809,2234834,1670007,3321898,2048883,1529806,748551,861650,1864619,1757012,1749246,1521199
36,Other Current Assets,- -,- -,- -,28583,- -,- -,- -,- -,- -,169424,4713,782697,687990,1967538,786312,438925,146132,104991,402578,269833,286065,704312
37,Total Current Assets,- -,- -,- -,3182358,340,281,230,94,- -,1359300,1799132,4660184,4362277,13868406,4125104,29566370,14317025,8953810,9503658,5641661,3007192,28773539
38,PP&E,- -,- -,- -,837851,- -,- -,- -,- -,- -,- -,- -,27323,25190,28685,712019,410277,638926,589506,497039,4995309,4309340,3720918
39,Goodwill,- -,- -,- -,- -,- -,- -,- -,- -,- -,- -,- -,- -,- -,- -,- -,3177017,481314,481314,1437314,956000,916000,916000
40,Intangible Assets,- -,- -,- -,- -,- -,- -,- -,- -,- -,- -,- -,- -,- -,- -,- -,929000,1669329,1559531,3062205,1923447,1248352,947593
41,Intangible Assets,- -,- -,- -,- -,- -,- -,- -,- -,- -,- -,- -,- -,- -,- -,- -,4106017,2150643,2040845,4499519,2879447,2164352,1863593
42,Investments,- -,- -,- -,- -,- -,- -,- -,- -,- -,- -,- -,- -,- -,- -,- -,- -,- -,- -,- -,- -,- -,- -
43,Tax Assets,- -,- -,- -,- -,- -,- -,- -,- -,- -,- -,- -,- -,- -,- -,- -,- -,- -,- -,- -,- -,- -,- -
44,Other Non-Current Assets,- -,- -,- -,311495,- -,- -,- -,- -,- -,- -,- -,12000,12000,65284,91360,165198,128157,117244,672448,490252,2394109,85437
45,Total Non-Current Assets,- -,- -,- -,1149346,- -,- -,- -,- -,- -,- -,- -,39323,37190,93969,803379,4681492,2917726,2747595,5669006,8365008,8867801,5669948
46,Other Assets,- -,- -,- -,- -,- -,- -,- -,- -,- -,- -,- -,- -,- -,- -,- -,- -,- -,- -,- -,- -,- -,- -
47,Total Assets,- -,- -,- -,4331704,340,281,230,94,- -,1359300,1799132,4699507,4399467,13962375,4928483,34247862,17234751,11701405,15172664,14006669,11874993,34443487
48,Accounts Payable,- -,- -,- -,817292,2396,40139,32397,14580,23437,453823,1001122,1628940,3208595,1123508,1920135,1581347,520586,512395,- -,- -,- -,- -
49,Short-Term Debt,- -,- -,- -,2456847,262000,366907,541469,807035,878163,- -,- -,- -,- -,478847,802015,60871,53054,2111,2150684,2838303,4547170,437328
50,Tax Payable,- -,- -,- -,- -,- -,- -,- -,- -,- -,202000,173471,724356,- -,5807,3092,- -,121617,36000,- -,- -,- -,- -
51,Deferred Revenue,- -,- -,- -,- -,- -,- -,- -,- -,- -,- -,- -,- -,477695,182266,140626,95588,- -,- -,442630,26823,21262,- -
52,Other Current Liabilities,- -,- -,- -,50167,15058,34694,54344,73994,93644,202000,173471,1683398,350151,426170,1134454,45035691,14203565,10769901,3024346,825860,1085663,2086666
53,Total Current Liabilities,- -,- -,- -,3324306,279454,441740,628210,895609,995244,655823,1174593,3312338,4036441,2210791,3997230,46773497,14777205,11284407,5617660,3690986,5654095,2523994
54,Long-Term Debt,- -,- -,- -,836792,- -,- -,- -,- -,- -,- -,- -,- -,846470,- -,119443,58572,- -,10459,1128234,4413952,3963530,3103057
55,Deferred Revenue,- -,- -,- -,- -,- -,- -,- -,- -,- -,- -,- -,- -,- -,- -,- -,- -,- -,- -,- -,- -,- -,- -
56,Deferred Tax Liabilities,- -,- -,- -,- -,- -,- -,- -,- -,- -,- -,- -,- -,- -,- -,- -,- -,- -,- -,- -,- -,- -,- -
57,Other Non-Current Liabilities,- -,- -,- -,- -,- -,- -,- -,- -,- -,- -,- -,- -,- -,- -,- -,- -,- -,- -,- -,- -,- -,- -
58,Total Non-Current Liabilities,- -,- -,- -,836792,- -,- -,- -,- -,- -,- -,- -,- -,846470,- -,119443,58572,- -,10459,1128234,4413952,3963530,3103057
59,Other Liabilities,- -,- -,- -,- -,- -,- -,- -,- -,- -,- -,- -,- -,- -,- -,- -,- -,- -,- -,- -,- -,- -,- -
60,Capital Lease Obligations,- -,- -,- -,836792,- -,- -,- -,- -,- -,- -,- -,- -,- -,- -,171458,119443,53054,- -,- -,4100688,3589207,- -
61,Total Liabilities,- -,- -,- -,4161098,279454,441740,628210,895609,995244,655823,1174593,3312338,4882911,2210791,4116673,46832069,14777205,11294866,6745894,8104938,9617625,5209830
62,Preferred Stock,- -,- -,- -,- -,- -,- -,- -,- -,- -,- -,- -,- -,- -,- -,- -,13,- -,- -,20150116,20150116,16277116,- -
63,Common Stock,- -,- -,- -,640,640,640,640,640,640,60000,60135,60185,60185,16214,16762,15,1421386,2934887,6662351,6769849,14384084,33974163
64,Retained Earnings,- -,- -,- -,-1175723,-1631443,-1794988,-1982709,-2551444,-2652373,317977,217289,-260034,-2181006,-1379654,-15231903,-13431150,-2746658,-12608586,-25734088,-28636479,-32358871,-36396330
65,Other Comprehensive Income/Loss,- -,- -,- -,-522165,- -,- -,- -,- -,- -,- -,- -,-10000,-20000,-30000,-84310,-211820,-293400,-393770,-579210,-742900,- -,- -
66,Other Total Stockholders Equity,- -,- -,- -,1867854,1351689,1352889,1354089,1655289,1656489,325500,347115,1597018,1657377,13145024,16111261,1058735,4076218,10474008,7927600,8361145,3955039,31655824
67,Total Stockholders Equity,- -,- -,- -,170606,-279114,-441459,-627980,-895515,-995244,703477,624539,1387169,-483444,11751584,811810,-12584207,2457546,406539,8426769,5901731,2257368,29233657
68,Total Liabilities And Stockholders Equity,- -,- -,- -,4331704,340,281,230,94,- -,1359300,1799132,4699507,4399467,13962375,4928483,34247862,17234751,11701405,15172663,14006669,11874993,34443487
69,Minority Interest,- -,- -,- -,- -,- -,- -,- -,- -,- -,- -,- -,- -,- -,- -,- -,- -,- -,- -,1,- -,- -,- -
70,Total Liabilities & Equity,- -,- -,- -,4331704,340,281,230,94,- -,1359300,1799132,4699507,4399467,13962375,4928483,34247862,17234751,11701405,15172664,14006669,11874993,34443487
71,SEC Link,undefined,undefined,undefined,- -,- -,- -,- -,- -,- -,- -,- -,https://www.sec.gov/Archives/edgar/data/844856/000119312512134703/0001193125-12-134703-index.html,https://www.sec.gov/Archives/edgar/data/844856/000119312513134687/0001193125-13-134687-index.html,https://www.sec.gov/Archives/edgar/data/844856/000119312514069730/0001193125-14-069730-index.htm,https://www.sec.gov/Archives/edgar/data/844856/000149315215001079/0001493152-15-001079-index.htm,https://www.sec.gov/Archives/edgar/data/844856/000157104916013764/0001571049-16-013764-index.htm,https://www.sec.gov/Archives/edgar/data/844856/000157104917002865/0001571049-17-002865-index.html,https://www.sec.gov/Archives/edgar/data/844856/000121390018002977/0001213900-18-002977-index.html,https://www.sec.gov/Archives/edgar/data/844856/000121390019004953/0001213900-19-004953-index.html,https://www.sec.gov/Archives/edgar/data/844856/000084485620000011/form10k.htm,https://www.sec.gov/Archives/edgar/data/844856/000084485621000019/0000844856-21-000019-index.htm,https://www.sec.gov/Archives/edgar/data/844856/000084485622000019/0000844856-22-000019-index.htm
72,CASH FLOW STATEMENT, , , , , , , , , , , , , , , , , , , , , , 
73,Net Income,-116881,-57733,-310156,-565968,-455720,-163545,-187721,-568735,-100929,334731,-100688,713338,-1920972,801352,-13852249,1800753,10684492,-9861928,-13163261,-2799376,-3722392,-4037459
74,Depreciation and Amortization,96939,96558,94594,94431,- -,- -,- -,- -,- -,- -,- -,5144,11451,11284,56435,462103,374388,350647,375690,920148,1134496,497408
75,Deferred Income Tax,-59185,-4245,-147686,376167,- -,- -,- -,- -,- -,- -,- -,-143037,-79093,-197585,766498,- -,- -,- -,- -,- -,- -,- -
76,Stock Based Compensation,- -,- -,- -,- -,- -,- -,- -,- -,- -,- -,- -,49292,46089,135239,1766579,4473418,75430,7505851,1712412,374241,78029,34375
77,Change in Working Capital,-2155362,- -,- -,-141948,-137166,-162345,-186521,-267535,-99729,1698721,-78938,723307,-1022010,11331779,-11529741,-17335001,16746947,-1870417,6216595,-1935323,-4597578,28896448
78,Accounts Receivable,- -,- -,- -,- -,- -,- -,- -,- -,- -,- -,-324391,-395202,-129632,-1250034,1450231,-205987,-197908,-35398,39610,27202,41726,-4806
79,Inventory,-2830549,414197,2457106,810841,- -,- -,- -,- -,- -,-816099,-97397,-1310025,564827,-1651891,-561604,1322530,-350148,-505170,-534085,107607,7766,707710
80,Accounts Payable,- -,- -,- -,- -,- -,- -,- -,- -,8857,- -,- -,730318,1579655,-2085087,796627,-861795,332012,-8191,349890,-475558,- -,- -
81,Other Working Capital,- -,- -,- -,-141948,-279114,-441459,-627980,-895515,-995244,703477,624539,1347846,325836,11657615,127874,-17207127,-460180,-2330597,3885998,1950675,-2646903,26249545
82,Other Non-Cash Items,111175,-360192,2063881,1661827,565041,325831,374191,836134,200564,-2354373,244519,-1024826,1943777,-16202221,16501481,1311969,-35197244,1052402,4655957,-94931,4818531,-28918977
83,Cash Provided by Operating Activities,-2123314,-325612,1700633,1424509,-27845,-59,-51,-136,-94,-320921,64893,323218,-1020758,-4120152,-6290997,-9286758,-7315987,-2823445,-202607,-3535241,-2288914,-3528205
84,CAPEX,-109806,- -,-19617,- -,-307281,- -,- -,- -,- -,- -,- -,-32467,-9318,-14779,-560410,-214766,-50299,-192885,-245593,-57866,-114078,-56418
85,Acquisitions Net,- -,- -,- -,- -,- -,- -,- -,- -,- -,- -,- -,- -,- -,- -,- -,-1262611,-2910612,- -,-3250000,- -,- -,- -
86,Purchases of Investments,- -,- -,- -,- -,- -,- -,- -,- -,- -,- -,- -,- -,- -,- -,- -,- -,- -,- -,- -,- -,- -,- -
87,Sales/Maturities of Investments,- -,175000,- -,- -,- -,- -,- -,- -,- -,- -,- -,- -,- -,- -,- -,- -,- -,- -,59143,- -,- -,- -
88,Other Investing Activites,-95191,103460,-576146,-801163,-282749,- -,- -,- -,- -,- -,- -,- -,- -,- -,-517095,447095,-251605,-50000,-698257,159620,-50539,-30904
89,Cash Used for Investing Activites,-204997,278460,-595763,-801163,-282749,- -,- -,- -,- -,- -,- -,-32467,-9318,-14779,-1077505,-1010282,-3187516,-192885,-3964457,126754,-75202,-87322
90,Debt Repayment,- -,- -,- -,- -,- -,- -,- -,- -,- -,- -,- -,- -,- -,-679041,-736748,-5369015,-66389,-54461,-2112,-258891,-1652339,- -
91,Common Stock Issued,- -,- -,- -,- -,- -,- -,- -,- -,- -,- -,- -,- -,- -,9125103,- -,2941960,- -,- -,- -,- -,- -,5000000
92,Common Stock Repurchased,- -,- -,- -,- -,- -,- -,- -,- -,- -,- -,- -,- -,- -,- -,- -,- -,- -,- -,- -,- -,- -,- -
93,Dividends Paid,- -,- -,- -,- -,- -,- -,- -,- -,- -,- -,- -,- -,- -,- -,- -,- -,- -,- -,- -,- -,- -,- -
94,Other Financing Activites,2627886,-68478,-1163440,-516021,-10736,- -,- -,- -,- -,10000,- -,- -,850000,2082675,2006229,39467892,-3278827,-2412290,3347238,131540,3416515,22186456
95,Cash Used/Provided by Financing Activities,2627886,-68478,-1163440,-516021,-10736,- -,- -,- -,- -,10000,- -,- -,850000,10528737,1269481,37040837,-3345216,-2466751,3345126,-127351,1764176,27186456
96,Effect of Forex Changes on Cash,- -,- -,- -,- -,- -,- -,- -,- -,- -,- -,- -,- -,- -,- -,- -,- -,- -,- -,- -,- -,- -,- -
97,Net Change In Cash,299575,-115630,-58570,107325,-321330,-59,-51,-136,- -,-310921,64893,290751,-180076,6393806,-6099021,26743797,-13848719,-5483081,-821938,-3535838,-599940,23570929
98,Cash at the End of Period,388545,272915,214345,321670,340,281,230,94,- -,841,65734,356485,176409,6570215,471194,27214991,13366272,7883191,7061253,3525415,2925475,26496404
99,Cash at the Beginning of Period,88970,388545,272915,214345,321670,340,281,230,94,311762,841,65734,356485,176409,6570215,471194,27214991,13366272,7883191,7061253,3525415,2925475
100,Free Cash Flow,-2233120,-325612,1681016,1424509,-335126,-59,-51,-136,-94,-320921,64893,290751,-1030076,-4134931,-6851407,-9501524,-7366286,-3016330,-448200,-3593107,-2402992,-3584623
101,SEC Link,- -,- -,- -,- -,- -,- -,- -,- -,- -,- -,- -,https://www.sec.gov/Archives/edgar/data/844856/000119312512134703/0001193125-12-134703-index.html,https://www.sec.gov/Archives/edgar/data/844856/000119312513134687/0001193125-13-134687-index.html,https://www.sec.gov/Archives/edgar/data/844856/000119312514069730/0001193125-14-069730-index.htm,https://www.sec.gov/Archives/edgar/data/844856/000149315215001079/0001493152-15-001079-index.htm,https://www.sec.gov/Archives/edgar/data/844856/000157104916013764/0001571049-16-013764-index.htm,https://www.sec.gov/Archives/edgar/data/844856/000157104917002865/0001571049-17-002865-index.html,https://www.sec.gov/Archives/edgar/data/844856/000121390018002977/0001213900-18-002977-index.html,https://www.sec.gov/Archives/edgar/data/844856/000121390019004953/0001213900-19-004953-index.html,https://www.sec.gov/Archives/edgar/data/844856/000084485620000011/form10k.htm,https://www.sec.gov/Archives/edgar/data/844856/000084485621000019/0000844856-21-000019-index.htm,https://www.sec.gov/Archives/edgar/data/844856/000084485622000019/0000844856-22-000019-index.htm
102,false,,,,,,,,,,,,,,,,,,,,,,
