,https://roic.ai/company/IVR-PC,2009,2010,2011,2012,2013,2014,2015,2016,2017,2018,2019,2020,2021
0,INCOME STATEMENT, , , , , , , , , , , , , 
1,Revenue,20904000,107542000,302655000,376523000,191789000,-155808000,146988000,297112000,405944000,-26120000,410275000,-1648259000,-63405000
2,COGS,- -,- -,- -,- -,- -,- -,- -,- -,- -,- -,- -,- -,- -
3,Gross Profit,- -,- -,- -,- -,- -,- -,- -,- -,- -,- -,410275000,- -,- -
4,Gross Profit Ratio,- -,- -,- -,- -,- -,- -,- -,- -,- -,- -,1.0000,- -,- -
5,Research and Development Exp.,- -,- -,- -,- -,- -,- -,- -,- -,- -,- -,- -,- -,- -
6,General and Administrative Exp.,3464000,12093000,30118000,39684000,53144000,52866000,46401000,41806000,44746000,47792000,46174000,40230000,29233000
7,Selling and Marketing Exp.,- -,- -,- -,- -,- -,- -,- -,- -,- -,- -,- -,- -,- -
8,"Selling, General and Administrative Exp.",3464000,12093000,30118000,39684000,53144000,52866000,46401000,41806000,44746000,47792000,46174000,40230000,29233000
9,Other Expenses,- -,- -,- -,- -,- -,- -,- -,- -,- -,- -,- -,- -,- -
10,Operating Expenses,- -,- -,- -,- -,- -,- -,- -,- -,- -,- -,46174000,- -,- -
11,COGS and Expenses,- -,- -,- -,- -,- -,- -,- -,- -,- -,- -,- -,- -,- -
12,Interest Income ,23529000,134229000,453352000,566830000,682360000,693938000,644495000,478682000,545055000,643016000,778367000,280166000,169202000
13,Interest Expense (Gain),4627000,29556000,155241000,237405000,332252000,281895000,277973000,157354000,196591000,338868000,472320000,82262000,-11290000
14,Depreciation and Amortization,- -,- -,- -,- -,- -,- -,- -,- -,- -,- -,-23207000,- -,-21383000
15,EBITDA,19721000,127955000,437156000,577290000,473872000,82450000,381943000,411765000,545198000,268078000,813214000,-1592090000,-122673000
16,EBITDA ratio,0.9434,1.1898,1.4444,1.5332,2.4708,-0.5292,2.5985,1.3859,1.3430,-10.2633,1.9821,0.9659,1.9348
17,Operating Income,- -,- -,- -,- -,- -,- -,- -,- -,- -,- -,364101000,- -,- -
18,Operating Income ratio,- -,- -,- -,- -,- -,- -,- -,- -,- -,- -,0.8875,- -,- -
19,Total Other Income Expenses (Gains),- -,- -,- -,- -,- -,- -,- -,- -,- -,- -,- -,- -,- -
20,Income Before Tax,- -,- -,- -,344008000,143106000,-201746000,105211000,257698000,353057000,-70536000,364101000,-1674352000,-90000000
21,Income Before Tax Ratio,- -,- -,- -,0.9136,0.7462,1.2948,0.7158,0.8673,0.8697,2.7005,0.8875,1.0158,1.4194
22,Income Tax expense (Gain),- -,- -,- -,- -,- -,- -,- -,- -,- -,- -,- -,- -,- -
23,Net Income,15094000,98399000,281915000,339885000,141620000,-199445000,103970000,254411000,348607000,-70790000,364101000,-1674352000,-90000000
24,Net Income ratio,0.7221,0.9150,0.9315,0.9027,0.7384,1.2801,0.7073,0.8563,0.8588,2.7102,0.8875,1.0158,1.4194
25,EPS,0.11,0.74,2.13,2.57,1.07,-1.51,0.79,1.92,2.63,-0.54,2.75,-12.66,-0.68
26,EPS Diluted,0.11,0.74,2.13,2.57,1.07,-1.51,0.79,1.92,2.63,-0.54,2.75,-12.66,-0.68
27,Weighted Average Shares Outstanding,132305568,132305568,132305568,132305568,132305568,132305568,132305568,132305568,132305568,132305568,132305568,132305568,132305568
28,Weighted Average Shares Outstanding Diluted,132305568,132305568,132305568,132305568,132305568,132305568,132305568,132305568,132305568,132305568,132317853,132305568,132305568
29,SEC Link,- -,- -,- -,- -,- -,- -,- -,- -,- -,- -,https://www.sec.gov/Archives/edgar/data/1437071/000143707120000006/0001437071-20-000006-index.htm,https://www.sec.gov/Archives/edgar/data/1437071/000143707121000005/0001437071-21-000005-index.htm,https://www.sec.gov/Archives/edgar/data/1437071/000143707122000007/0001437071-22-000007-index.htm
30,BALANCE SHEET, , , , , , , , , , , , , 
31,Cash and Cash Equivalents,24041000,63552000,197224000,286474000,210612000,164144000,53199000,161788000,88381000,135617000,73927000,148011000,357134000
32,Short-Term Investments,806720000,5633058000,14214149000,- -,- -,- -,- -,- -,- -,- -,- -,- -,- -
33,Cash and Short-Term Investments,830761000,5696610000,14411373000,286474000,210612000,164144000,53199000,161788000,88381000,135617000,73927000,148011000,357134000
34,Net Receivables,6255000,30104000,214591000,104406000,585150000,162365000,315382000,177281000,73837000,80098000,- -,16918000,24751000
35,Inventory,- -,- -,- -,- -,- -,- -,- -,- -,- -,- -,- -,- -,- -
36,Other Current Assets,- -,- -,- -,- -,- -,- -,- -,- -,- -,- -,- -,- -,- -
37,Total Current Assets,- -,- -,- -,- -,- -,- -,- -,- -,- -,- -,73927000,- -,- -
38,PP&E,- -,- -,- -,- -,- -,- -,- -,- -,- -,- -,- -,- -,- -
39,Goodwill,- -,- -,- -,- -,- -,- -,- -,- -,- -,- -,- -,- -,- -
40,Intangible Assets,- -,- -,- -,- -,- -,- -,- -,- -,- -,- -,- -,- -,- -
41,Intangible Assets,- -,- -,- -,- -,- -,- -,- -,- -,- -,- -,- -,- -,- -
42,Investments,806720000,5633058000,14282942000,35301000,54403000,106498000,16179723000,15014632000,18220705000,17420654000,21793784000,8188590000,7816735000
43,Tax Assets,- -,- -,- -,- -,- -,- -,- -,- -,- -,- -,- -,- -,- -
44,Other Non-Current Assets,- -,- -,- -,- -,- -,- -,- -,- -,- -,- -,- -,- -,- -
45,Total Non-Current Assets,- -,- -,- -,- -,- -,- -,- -,- -,- -,- -,- -,- -,- -
46,Other Assets,853400000,5862400000,14772167000,18914760000,20350979000,21231017000,16772736000,15706238000,18657256000,17813505000,11490426000,8632851000,8443841000
47,Total Assets,853400000,5862400000,14772167000,18914760000,20350979000,21231017000,16772736000,15706238000,18657256000,17813505000,11564353000,8632851000,8443841000
48,Accounts Payable,598000,2579000,12377000,16152000,30796000,32109000,23980000,22600000,20045000,39314000,1560000,2271000,3058000
49,Short-Term Debt,- -,- -,- -,- -,- -,- -,- -,- -,- -,- -,- -,- -,- -
50,Tax Payable,- -,- -,- -,- -,- -,- -,- -,- -,- -,- -,- -,- -,- -
51,Deferred Revenue,- -,- -,- -,- -,- -,- -,- -,- -,- -,- -,- -,- -,- -
52,Other Current Liabilities,- -,- -,- -,- -,- -,- -,- -,- -,- -,- -,- -,- -,- -
53,Total Current Liabilities,- -,- -,- -,- -,- -,- -,- -,- -,- -,- -,1560000,- -,- -
54,Long-Term Debt,80377000,- -,- -,- -,2043741000,4579820000,2050000000,2047041000,1793231000,1650000000,- -,- -,- -
55,Deferred Revenue,- -,- -,- -,- -,- -,- -,- -,- -,- -,- -,- -,- -,- -
56,Deferred Tax Liabilities,- -,- -,- -,- -,- -,- -,- -,- -,- -,- -,- -,- -,- -
57,Other Non-Current Liabilities,- -,- -,- -,- -,- -,- -,- -,- -,- -,- -,- -,- -,- -
58,Total Non-Current Liabilities,80377000,- -,- -,- -,2043741000,4579820000,2050000000,2047041000,1793231000,1650000000,- -,- -,- -
59,Other Liabilities,723467000,4811586000,12854754000,16325240000,19991485000,23171987000,16555828000,15483095000,17793609000,17176808000,10271056000,7265693000,7041706000
60,Capital Lease Obligations,- -,- -,- -,- -,- -,- -,- -,- -,- -,- -,- -,- -,- -
61,Total Liabilities,643090000,4811586000,12854754000,16325240000,17947744000,18592167000,14505828000,13436054000,16000378000,15526808000,10272616000,7265693000,7041706000
62,Preferred Stock,- -,- -,- -,135362000,135356000,285216000,285216000,285216000,563324000,563324000,563324000,563324000,427968000
63,Common Stock,89000,499000,1154000,1162000,1245000,1231000,1136000,1116000,1116000,1115000,1443000,2032000,3299000
64,Retained Earnings,320000,-8173000,-15068000,18848000,-155957000,-612821000,-755799000,-718303000,-579334000,-882087000,-814483000,-2644355000,-2882824000
65,Other Comprehensive Income/Loss,7721000,24015000,-393291000,86436000,-156993000,404559000,303110000,293668000,261029000,220813000,288963000,58605000,37286000
66,Other Total Stockholders Equity,172385000,1002809000,2299543000,2316290000,2552464000,2532130000,2407372000,2379863000,2384356000,2383532000,2892652000,3387552000,3816406000
67,Total Stockholders Equity,180515000,1019150000,1892338000,2558098000,2376115000,2610315000,2241035000,2241560000,2630491000,2286697000,2931899000,1367158000,1402135000
68,Total Liabilities And Stockholders Equity,823605000,5830736000,14747092000,18883338000,20323859000,21202482000,16746863000,15677614000,18630869000,17813505000,13204515000,8632851000,8443841000
69,Minority Interest,29795000,31664000,25075000,31422000,27120000,28535000,25873000,28624000,26387000,- -,-1640162000,- -,- -
70,Total Liabilities & Equity,853400000,5862400000,14772167000,18914760000,20350979000,21231017000,16772736000,15706238000,18657256000,17813505000,11564353000,8632851000,8443841000
71,SEC Link,- -,- -,- -,- -,- -,- -,- -,- -,- -,- -,https://www.sec.gov/Archives/edgar/data/1437071/000143707120000006/0001437071-20-000006-index.htm,https://www.sec.gov/Archives/edgar/data/1437071/000143707121000005/0001437071-21-000005-index.htm,https://www.sec.gov/Archives/edgar/data/1437071/000143707122000007/0001437071-22-000007-index.htm
72,CASH FLOW STATEMENT, , , , , , , , , , , , , 
73,Net Income,15094000,98399000,281915000,339885000,141620000,-199445000,103970000,254411000,348607000,-70790000,364101000,-1674352000,-90000000
74,Depreciation and Amortization,- -,- -,- -,- -,- -,- -,- -,- -,- -,- -,-23207000,- -,-21383000
75,Deferred Income Tax,- -,- -,- -,- -,- -,- -,- -,- -,- -,- -,- -,- -,- -
76,Stock Based Compensation,- -,- -,- -,- -,- -,- -,- -,- -,- -,- -,- -,- -,- -
77,Change in Working Capital,-2234000,- -,- -,- -,- -,- -,- -,- -,- -,- -,72367000,-72367000,-58000
78,Accounts Receivable,- -,- -,-31664000,-8810000,-5269000,- -,- -,- -,- -,- -,- -,- -,- -
79,Inventory,- -,- -,- -,- -,- -,- -,- -,- -,- -,- -,- -,- -,- -
80,Accounts Payable,-2920000,-17004000,9798000,3235000,14707000,- -,- -,- -,- -,- -,- -,- -,- -
81,Other Working Capital,- -,- -,- -,- -,- -,- -,- -,- -,- -,- -,72367000,- -,- -
82,Other Non-Cash Items,-1382000,-26870000,23448000,87565000,348872000,579107000,254615000,75304000,-30653000,375054000,-69902000,1917178000,263733000
83,Cash Provided by Operating Activities,11478000,71529000,305363000,427450000,490492000,379662000,358585000,329715000,317954000,304264000,343359000,170459000,152292000
84,CAPEX,- -,- -,- -,- -,- -,- -,- -,- -,- -,- -,- -,- -,- -
85,Acquisitions Net,- -,- -,- -,- -,- -,- -,- -,- -,- -,- -,- -,- -,- -
86,Purchases of Investments,-961356000,-5063798000,-13756602000,-8813000,-72723000,-111741000,-49446000,-465580000,- -,-2830000,-597077000,-875930000,-5430000
87,Sales/Maturities of Investments,172534000,680681000,4608084000,- -,114538000,- -,- -,524478000,67838000,- -,- -,-31353000,16430116000
88,Other Investing Activites,-4359000,-43451000,- -,-3671375000,-2345007000,-800639000,1287189000,890118000,-3189103000,624381000,-3727154000,12461792000,-16303938000
89,Cash Used for Investing Activites,-793181000,-4426568000,-9148518000,-3680188000,-2303192000,-912380000,1237743000,949016000,-3121265000,621551000,-4324231000,11554509000,120748000
90,Debt Repayment,-30000,-151903000,- -,- -,-41722000,-1821457000,-2443150000,-125000000,-262069000,-143433000,- -,-1650000000,- -
91,Common Stock Issued,200113000,830806000,1335940000,16316000,396465000,256000,191000,35000,- -,- -,509075000,420737000,430496000
92,Common Stock Repurchased,- -,- -,- -,- -,-160533000,-21130000,-125631000,-25000000,- -,-1144000,- -,- -,-140038000
93,Dividends Paid,-6290000,-72953000,-267492000,-306443000,-332779000,-264528000,-239361000,-204491000,-212692000,-234374000,-271234000,-137499000,-133068000
94,Other Financing Activites,611950000,3788600000,7908379000,3632115000,1875407000,2593109000,1100678000,-815686000,3204665000,-500248000,3896916000,-10255124000,-245962000
95,Cash Used/Provided by Financing Activities,805743000,4394550000,8976827000,3341988000,1736838000,486250000,-1707273000,-1170142000,2729904000,-879199000,4134757000,-11621886000,-88572000
96,Effect of Forex Changes on Cash,- -,- -,- -,- -,- -,- -,- -,- -,- -,- -,- -,- -,- -
97,Net Change In Cash,24040000,39511000,133672000,89250000,-75862000,-46468000,-110945000,108589000,-73407000,46616000,153885000,103082000,184468000
98,Cash at the End of Period,24041000,63552000,197224000,286474000,210612000,164144000,53199000,161788000,88381000,135617000,289502000,392584000,577052000
99,Cash at the Beginning of Period,1000,24041000,63552000,197224000,286474000,210612000,164144000,53199000,161788000,89001000,135617000,289502000,392584000
100,Free Cash Flow,11478000,71529000,305363000,427450000,490492000,379662000,358585000,329715000,317954000,304264000,343359000,170459000,152292000
101,SEC Link,- -,- -,- -,- -,- -,- -,- -,- -,- -,- -,https://www.sec.gov/Archives/edgar/data/1437071/000143707120000006/0001437071-20-000006-index.htm,https://www.sec.gov/Archives/edgar/data/1437071/000143707121000005/0001437071-21-000005-index.htm,https://www.sec.gov/Archives/edgar/data/1437071/000143707122000007/0001437071-22-000007-index.htm
102,false,,,,,,,,,,,,,
