,https://roic.ai/company/MCRI,1993,1994,1995,1996,1997,1998,1999,2000,2001,2002,2003,2004,2005,2006,2007,2008,2009,2010,2011,2012,2013,2014,2015,2016,2017,2018,2019,2020,2021
0,INCOME STATEMENT, , , , , , , , , , , , , , , , , , , , , , , , , , , , , 
1,Revenue,27200000,36400000,53400000,53600000,59100000,62500000,78865656,96964775,104515593,111037570,115950513,129456890,139784877,151968954,159856371,141369469,133731856,142030027,140632205,170356964,188749350,187767000,202245000,217032000,230726000,240315000,249166000,184413000,395377000
2,COGS,16500000,21400000,28300000,28200000,29900000,31800000,43636184,51597806,52641901,53079767,55284408,58575381,59823158,63501532,66054030,65631381,62856467,66420377,66852445,80338687,89224352,92530000,98969000,105242000,112205000,117058000,122292000,84712000,177716000
3,Gross Profit,10700000,15000000,25100000,25400000,29200000,30700000,35229472,45366969,51873692,57957803,60666105,70881509,79961719,88467422,93802341,75738088,70875389,75609650,73779760,90018277,99524998,95237000,103276000,111790000,118521000,123257000,126874000,99701000,217661000
4,Gross Profit Ratio,0.3934,0.4121,0.4700,0.4739,0.4941,0.4912,0.4467,0.4679,0.4963,0.5220,0.5232,0.5475,0.5720,0.5821,0.5868,0.5357,0.5300,0.5323,0.5246,0.5284,0.5273,0.5072,0.5106,0.5151,0.5137,0.5129,0.5092,0.5406,0.5505
5,Research and Development Exp.,- -,- -,- -,- -,- -,- -,- -,- -,- -,- -,- -,- -,- -,106477,10477,- -,- -,- -,- -,- -,- -,- -,- -,- -,- -,- -,- -,- -,- -
6,General and Administrative Exp.,- -,- -,- -,15200000,16000000,17300000,23328208,25541559,27656572,30441900,32659258,34979998,38513297,- -,49966276,51160484,47865432,48295204,50629987,55228994,52431832,52987000,54779000,57730000,62719000,65802000,69312000,60395000,- -
7,Selling and Marketing Exp.,- -,- -,- -,- -,- -,- -,- -,- -,- -,- -,- -,- -,- -,- -,- -,- -,- -,- -,- -,- -,- -,- -,- -,- -,- -,- -,- -,- -,- -
8,"Selling, General and Administrative Exp.",5100000,11900000,14800000,15200000,16000000,17300000,23328208,25541559,27656572,30441900,32659258,34979998,38513297,46309938,49966276,51160484,47865432,48295204,50629987,55228994,52431832,52987000,54779000,57730000,62719000,65802000,69312000,60395000,84427000
9,Other Expenses,1700000,2700000,4000000,4100000,4300000,4600000,7919120,10275198,10085331,10320403,10797494,9627870,8379033,8559374,8137886,9891803,13867662,13281396,13379538,16650604,16637932,19688000,15933000,14835000,15132000,14617000,17987000,24035000,43357000
10,Operating Expenses,6800000,14600000,18800000,19300000,20300000,21900000,31247328,35816757,37741903,40762303,43456752,44607868,46892330,54975789,58114639,61052287,61733094,61576600,64009525,71879598,69069764,72675000,70712000,72565000,77851000,80419000,87299000,84430000,127784000
11,COGS and Expenses,23300000,36000000,47100000,47500000,50200000,53700000,74883512,87414563,90383804,93842070,98741160,103183249,106715488,118477321,124168669,126683668,124589561,127996977,130861970,152218285,158294116,165205000,169681000,177807000,190056000,197477000,209591000,169142000,305500000
12,Interest Income ,- -,- -,- -,- -,- -,- -,- -,- -,- -,- -,- -,- -,- -,466050,1928450,370632,124661,- -,- -,- -,- -,- -,- -,- -,- -,- -,1000,- -,- -
13,Interest Expense (Gain),2000000,2300000,4100000,3600000,- -,2200000,- -,8164697,7243330,3934363,1607840,1448125,1013377,97722,152274,538684,2103798,1457865,914308,2023957,1860367,1104000,679000,616000,967000,177000,- -,273000,4506000
14,Depreciation and Amortization,1700000,2700000,4000000,4100000,4300000,4600000,7919120,10275198,10264757,10499828,10976921,9801578,8516129,8597651,8286724,9911696,12501048,13281396,13379538,16650604,16637932,17824000,15933000,14835000,15132000,14617000,14875000,17324000,38428000
15,EBITDA,5500000,3600000,10500000,9000000,9800000,12500000,6974583,19825410,24396546,27467308,27156264,35939055,41585518,42555334,45902876,24968129,21768004,27314446,23149773,32633762,47093166,40043000,48488000,53383000,55798000,57443000,54451000,32595000,128305000
16,EBITDA ratio,0.2022,0.0989,0.1966,0.1679,0.1658,0.2000,0.0884,0.2045,0.2334,0.2474,0.2342,0.2776,0.2975,0.2800,0.2872,0.1766,0.1628,0.1923,0.1646,0.1916,0.2495,0.2133,0.2397,0.2460,0.2418,0.2390,0.2185,0.1768,0.3245
17,Operating Income,3900000,400000,6300000,6100000,8900000,8800000,3982144,9550212,14131789,17195500,17209353,26273641,33069389,33491633,35687702,14685801,9142295,14033050,9770235,15983158,30455234,22219000,32555000,38548000,40666000,42826000,39575000,15271000,89877000
18,Operating Income ratio,0.1434,0.0110,0.1180,0.1138,0.1506,0.1408,0.0505,0.0985,0.1352,0.1549,0.1484,0.2030,0.2366,0.2204,0.2232,0.1039,0.0684,0.0988,0.0695,0.0938,0.1614,0.1183,0.1610,0.1776,0.1763,0.1782,0.1588,0.0828,0.2273
19,Total Other Income Expenses (Gains),-2100000,-1800000,-3900000,-4800000,-3200000,-3100000,-4926681,-8164697,-7243330,-4162383,-2637850,-1584289,-1013377,368328,1776176,-168052,-1979137,-1457865,-914308,-2023957,-1860367,-1104000,-679000,-616000,-967000,-177000,1000,-273000,-4506000
20,Income Before Tax,1800000,-1400000,2400000,1300000,5700000,5700000,-944537,1385515,6888459,13033117,14571503,24689352,32056012,33859961,37463878,14517749,7163158,12575185,8855927,13959201,28594867,21115000,31876000,37932000,39699000,42649000,39576000,14998000,85371000
21,Income Before Tax Ratio,0.0662,-0.0385,0.0449,0.0243,0.0964,0.0912,-0.0120,0.0143,0.0659,0.1174,0.1257,0.1907,0.2293,0.2228,0.2344,0.1027,0.0536,0.0885,0.0630,0.0819,0.1515,0.1125,0.1576,0.1748,0.1721,0.1775,0.1588,0.0813,0.2159
22,Income Tax expense (Gain),1300000,-700000,800000,500000,2000000,1900000,-359672,425434,2286695,4429771,4965580,8162912,11020552,11779590,12983660,4976781,2321679,4338924,3180073,5048353,10634045,6930000,11217000,13358000,14161000,8551000,7760000,-8680000,16883000
23,Net Income,500000,-700000,1600000,800000,3500000,3800000,-584865,960081,4601764,8603346,9605923,16526440,21035460,22080371,24480218,9540968,4841479,8236261,5675854,8910848,17960822,14185000,20659000,24574000,25538000,34098000,31816000,23678000,68488000
24,Net Income ratio,0.0184,-0.0192,0.0300,0.0149,0.0592,0.0608,-0.0074,0.0099,0.0440,0.0775,0.0828,0.1277,0.1505,0.1453,0.1531,0.0675,0.0362,0.0580,0.0404,0.0523,0.0952,0.0755,0.1021,0.1132,0.1107,0.1419,0.1277,0.1284,0.1732
25,EPS,0.03,-0.04,0.08,0.04,0.18,0.20,-0.03,0.05,0.24,0.46,0.51,0.88,1.12,1.16,1.28,0.56,0.30,0.51,0.35,0.55,1.10,0.85,1.22,1.42,1.45,1.91,1.77,1.30,3.67
26,EPS Diluted,0.03,-0.04,0.08,0.04,0.18,0.20,-0.03,0.05,0.24,0.45,0.51,0.88,1.10,1.15,1.27,0.56,0.30,0.51,0.35,0.55,1.06,0.83,1.19,1.39,1.39,1.83,1.70,1.25,3.53
27,Weighted Average Shares Outstanding,16666667,17500000,20000000,19003316,18888666,18872550,18872550,18872550,18872550,18915338,18758892,18756450,18848532,18990331,19057583,16957692,16123027,16131321,16138158,16140078,16301824,16734000,16948000,17305000,17585000,17846000,18025000,18218000,18640000
28,Weighted Average Shares Outstanding Diluted,16666667,17500000,20000000,20000000,18958718,19004654,18872550,18953464,18959660,19042706,18824918,18814686,19093777,19274847,19329131,17017859,16159415,16205606,16231325,16250088,16943925,17107000,17335000,17664000,18367000,18574000,18684000,18877000,19423000
29,SEC Link,- -,- -,- -,- -,- -,- -,- -,- -,- -,- -,- -,- -,- -,- -,https://www.sec.gov/Archives/edgar/data/907242/000090724208000010/0000907242-08-000010-index.htm,https://www.sec.gov/Archives/edgar/data/907242/000110465909017808/0001104659-09-017808-index.htm,https://www.sec.gov/Archives/edgar/data/907242/000110465910014318/0001104659-10-014318-index.htm,https://www.sec.gov/Archives/edgar/data/907242/000110465911014476/0001104659-11-014476-index.htm,https://www.sec.gov/Archives/edgar/data/907242/000110465912018162/0001104659-12-018162-index.htm,https://www.sec.gov/Archives/edgar/data/907242/000110465913021105/0001104659-13-021105-index.htm,https://www.sec.gov/Archives/edgar/data/907242/000110465914019644/0001104659-14-019644-index.htm,https://www.sec.gov/Archives/edgar/data/907242/000110465915019514/0001104659-15-019514-index.htm,https://www.sec.gov/Archives/edgar/data/907242/000110465916104448/0001104659-16-104448-index.htm,https://www.sec.gov/Archives/edgar/data/907242/000155837017001767/0001558370-17-001767-index.htm,https://www.sec.gov/Archives/edgar/data/907242/000155837018002048/0001558370-18-002048-index.htm,https://www.sec.gov/Archives/edgar/data/907242/000155837019002010/0001558370-19-002010-index.htm,https://www.sec.gov/Archives/edgar/data/907242/000155837020002525/0001558370-20-002525-index.htm,https://www.sec.gov/Archives/edgar/data/907242/000155837021002943/0001558370-21-002943-index.htm,https://www.sec.gov/Archives/edgar/data/907242/000155837022002306/0001558370-22-002306-index.htm
30,BALANCE SHEET, , , , , , , , , , , , , , , , , , , , , , , , , , , , , 
31,Cash and Cash Equivalents,1100000,2300000,3600000,4000000,5500000,5000000,6367507,6783998,8385743,9961484,9711310,11814778,12886494,36985187,38835820,11756900,14420323,13800604,13582659,19043213,19329540,21583000,21164000,26383000,29151000,30462000,60539000,28310000,33526000
32,Short-Term Investments,- -,- -,- -,- -,- -,- -,- -,- -,- -,- -,- -,- -,- -,- -,- -,- -,- -,- -,- -,- -,- -,- -,- -,- -,- -,- -,- -,- -,- -
33,Cash and Short-Term Investments,1100000,2300000,3600000,4000000,5500000,5000000,6367507,6783998,8385743,9961484,9711310,11814778,12886494,36985187,38835820,11756900,14420323,13800604,13582659,19043213,19329540,21583000,21164000,26383000,29151000,30462000,60539000,28310000,33526000
34,Net Receivables,200000,600000,500000,500000,800000,1300000,2037652,3443703,3638717,2724726,3575425,3453691,3846362,3268970,5132222,3344441,2294703,3368452,2299847,2456883,3236231,4186000,4340000,5444000,8933000,7019000,5643000,28630000,35827000
35,Inventory,200000,300000,300000,400000,600000,500000,1456602,1099285,976141,993260,1245967,1452696,1456453,1471667,1496046,1564347,1706867,1883816,2165109,2382802,2675145,2846000,2881000,3097000,3335000,3692000,6735000,7823000,7159000
36,Other Current Assets,600000,1700000,2100000,2500000,2400000,2400000,3218745,4075841,2781183,2630541,2777230,3461961,3727843,3798151,4228658,3281172,3713713,3937784,6814794,8062270,8738812,5647000,3402000,4487000,4612000,5508000,6238000,8393000,7552000
37,Total Current Assets,2100000,4900000,6500000,7400000,9300000,9200000,13080506,15402827,15781784,16310011,17309932,20183126,21917152,45523975,49692746,19946860,22135606,22990656,24862409,31945168,33979728,34262000,31787000,39411000,46031000,46681000,79155000,73156000,84064000
38,PP&E,35200000,63700000,61700000,58900000,56800000,78600000,117696537,110309734,104795141,100850259,98438930,97749175,95483363,92625685,101775280,159756687,163081486,156430839,153213145,178425594,175637463,180271000,203154000,214899000,250714000,374324000,501483000,572507000,580807000
39,Goodwill,- -,- -,- -,- -,- -,- -,- -,- -,- -,- -,- -,- -,- -,- -,- -,- -,- -,- -,- -,25110810,25110810,25111000,25111000,25111000,25111000,25111000,25111000,25111000,25111000
40,Intangible Assets,- -,- -,- -,- -,- -,- -,- -,- -,- -,- -,- -,- -,- -,- -,- -,- -,- -,- -,- -,10205000,8531000,7366000,6200000,5035000,3869000,2704000,1538000,973000,477000
41,Intangible Assets,- -,- -,- -,- -,- -,- -,- -,- -,- -,- -,- -,- -,- -,- -,- -,- -,- -,- -,- -,35315810,33641810,32477000,31311000,30146000,28980000,27815000,26649000,26084000,25588000
42,Investments,- -,- -,- -,- -,- -,- -,- -,- -,- -,- -,- -,- -,- -,- -,- -,- -,- -,- -,- -,- -,- -,- -,- -,- -,- -,- -,- -,- -,- -
43,Tax Assets,- -,- -,- -,- -,- -,- -,- -,- -,- -,- -,- -,- -,- -,- -,- -,- -,- -,- -,- -,1214113,349561,4682000,7415000,7354000,3544000,4027000,2683000,130000,- -
44,Other Non-Current Assets,600000,700000,1100000,1100000,1700000,1700000,877382,678247,486592,319817,128263,406620,269524,231247,2817842,2797949,569622,312043,1524050,1219270,914461,609000,1179000,3355000,2818000,2280000,908000,- -,- -
45,Total Non-Current Assets,35800000,64400000,62800000,60000000,58500000,80300000,118573919,110987981,105281733,101170076,98567193,98155795,95752887,92856932,104593122,162554636,163651108,156742882,154737195,216174787,210543295,218039000,243059000,255754000,286056000,408446000,531723000,598721000,606395000
46,Other Assets,- -,- -,- -,- -,- -,- -,- -,- -,- -,- -,- -,- -,- -,- -,- -,- -,- -,- -,- -,- -,- -,- -,- -,- -,- -,- -,- -,- -,- -
47,Total Assets,37900000,69300000,69300000,67400000,67800000,89500000,131654425,126390808,121063517,117480087,115877125,118338921,117670039,138380907,154285868,182501496,185786714,179733538,179599604,248119955,244523023,252301000,274846000,295165000,332087000,455127000,610878000,671877000,690459000
48,Accounts Payable,2200000,2500000,3600000,2800000,4100000,3400000,8180348,8268869,6596568,6227124,8407887,5747775,7335630,8590669,12811340,10213418,8984010,10216495,8693395,8061570,8665570,7933000,6747000,8720000,8184000,11182000,17037000,11655000,18575000
49,Short-Term Debt,- -,- -,- -,3500000,2200000,900000,7333921,7537893,8106296,8279095,6059591,- -,- -,- -,- -,2500000,1000000,- -,- -,- -,- -,- -,40900000,- -,- -,- -,20000000,12500000,20745000
50,Tax Payable,- -,- -,- -,- -,- -,- -,- -,- -,- -,- -,- -,- -,- -,- -,- -,- -,- -,- -,- -,- -,- -,- -,- -,- -,- -,- -,- -,- -,5226000
51,Deferred Revenue,- -,- -,- -,- -,- -,- -,- -,- -,- -,- -,- -,- -,- -,- -,- -,- -,- -,- -,- -,- -,- -,- -,- -,- -,- -,- -,- -,130000,- -
52,Other Current Liabilities,1900000,7800000,6400000,2600000,3700000,4100000,5370049,5690888,5702850,6146440,6707257,7918299,8722221,9895308,9230157,14578218,11102625,14077344,14598180,18110595,18177386,21117000,23280000,26400000,31229000,48263000,42428000,85159000,101858000
53,Total Current Liabilities,4100000,10300000,10000000,8900000,10000000,8400000,20884318,21497650,20405714,20652659,21174735,13666074,16057851,18485977,22041497,27291636,21086635,24293839,23291575,26172165,26842956,29050000,70927000,35120000,39413000,59445000,79465000,109444000,141178000
54,Long-Term Debt,15500000,41400000,39100000,37600000,32900000,52300000,82235509,73480788,64236548,52000000,41125000,32400000,8100000,- -,- -,47500000,47500000,28600000,24680000,81100000,53800000,46300000,- -,26200000,26200000,94500000,175415000,167162000,81650000
55,Deferred Revenue,- -,- -,- -,- -,- -,- -,- -,- -,- -,- -,- -,- -,- -,- -,- -,- -,- -,- -,- -,- -,- -,- -,- -,- -,- -,- -,- -,- -,- -
56,Deferred Tax Liabilities,700000,500000,1600000,1800000,2200000,2200000,2666017,4583708,4990829,4526744,4854587,6509505,5953193,4248614,2825433,2115371,4695657,3384218,1112049,- -,- -,- -,- -,- -,- -,- -,- -,13220000,19617000
57,Other Non-Current Liabilities,- -,-100000,- -,100000,- -,100000,- -,- -,- -,- -,- -,- -,- -,- -,- -,- -,- -,873872,- -,- -,- -,- -,- -,- -,- -,- -,14797000,13984000,- -
58,Total Non-Current Liabilities,16200000,41800000,40700000,39500000,35100000,54600000,84901526,78064496,69227377,56526744,45979587,38909505,14053193,4248614,2825433,49615371,52195657,32858090,25792049,81100000,53800000,46300000,- -,26200000,26200000,94500000,190212000,194366000,101267000
59,Other Liabilities,- -,- -,- -,- -,- -,- -,- -,- -,- -,- -,- -,- -,- -,- -,- -,- -,- -,- -,- -,- -,- -,- -,- -,- -,- -,- -,- -,- -,- -
60,Capital Lease Obligations,- -,- -,- -,- -,- -,- -,- -,- -,- -,- -,- -,- -,- -,- -,- -,- -,- -,- -,- -,- -,- -,- -,- -,- -,- -,- -,15588000,14797000,14243000
61,Total Liabilities,20300000,52100000,50700000,48400000,45100000,63000000,105785844,99562146,89633091,77179403,67154322,52575579,30111044,22734591,24866930,76907007,73282292,57151929,49083624,107272165,80642956,75350000,70927000,61320000,65613000,153945000,269677000,303810000,242445000
62,Preferred Stock,- -,- -,- -,- -,- -,- -,- -,- -,- -,- -,- -,- -,- -,- -,- -,- -,- -,- -,- -,- -,- -,- -,- -,- -,- -,- -,- -,- -,- -
63,Common Stock,- -,- -,- -,- -,- -,- -,95363,95363,95363,95363,95363,95363,190726,190726,190963,190963,190963,190963,190963,190963,190963,191000,191000,191000,191000,191000,191000,191000,191000
64,Retained Earnings,500000,-200000,1300000,2200000,5700000,9100000,8861305,9821386,14423150,23026496,32632419,49158859,70194319,92274690,116754908,126295876,131137355,139373616,145688335,154599183,172560005,186745000,207404000,231978000,257516000,286756000,318572000,342250000,410738000
65,Other Comprehensive Income/Loss,-5000000,-7700000,-11700000,-15300000,-17900000,-22100000,-27964180,-37816876,-47164026,-55985653,-63618047,-68791045,-76117346,- -,-92215149,-101825190,-113538145,-125437458,-138227868,-152868719,-166992754,-167498000,-180792000,-184503000,-197638000,-206657000,-220021000,- -,- -
66,Other Total Stockholders Equity,22100000,24800000,28800000,32100000,34900000,39500000,44876093,54728789,64075939,73164478,79613068,85300165,93291296,- -,104688216,80932840,94714249,108454488,122864550,138926363,158122072,157513000,177116000,186179000,206405000,220892000,242459000,25626000,37085000
67,Total Stockholders Equity,17600000,16900000,18400000,19000000,22700000,26500000,25868581,26828662,31430426,40300684,48722803,65763342,87558995,115646316,129418938,105594489,112504422,122581609,130515980,140847790,163880286,176951000,203919000,233845000,266474000,301182000,341201000,368067000,448014000
68,Total Liabilities And Stockholders Equity,37900000,69000000,69100000,67400000,67800000,89500000,131654425,126390808,121063517,117480087,115877125,118338921,117670039,138380907,154285868,182501496,185786714,179733538,179599604,248119955,244523242,252301000,274846000,295165000,332087000,455127000,610878000,671877000,690459000
69,Minority Interest,- -,300000,200000,- -,- -,- -,- -,- -,- -,- -,- -,- -,- -,- -,- -,- -,- -,- -,- -,- -,-219,- -,- -,- -,- -,- -,- -,- -,- -
70,Total Liabilities & Equity,37900000,69300000,69300000,67400000,67800000,89500000,131654425,126390808,121063517,117480087,115877125,118338921,117670039,138380907,154285868,182501496,185786714,179733538,179599604,248119955,244523023,252301000,274846000,295165000,332087000,455127000,610878000,671877000,690459000
71,SEC Link,- -,- -,- -,- -,- -,- -,- -,- -,- -,- -,- -,- -,- -,- -,https://www.sec.gov/Archives/edgar/data/907242/000090724208000010/0000907242-08-000010-index.htm,https://www.sec.gov/Archives/edgar/data/907242/000110465909017808/0001104659-09-017808-index.htm,https://www.sec.gov/Archives/edgar/data/907242/000110465910014318/0001104659-10-014318-index.htm,https://www.sec.gov/Archives/edgar/data/907242/000110465911014476/0001104659-11-014476-index.htm,https://www.sec.gov/Archives/edgar/data/907242/000110465912018162/0001104659-12-018162-index.htm,https://www.sec.gov/Archives/edgar/data/907242/000110465913021105/0001104659-13-021105-index.htm,https://www.sec.gov/Archives/edgar/data/907242/000110465914019644/0001104659-14-019644-index.htm,https://www.sec.gov/Archives/edgar/data/907242/000110465915019514/0001104659-15-019514-index.htm,https://www.sec.gov/Archives/edgar/data/907242/000110465916104448/0001104659-16-104448-index.htm,https://www.sec.gov/Archives/edgar/data/907242/000155837017001767/0001558370-17-001767-index.htm,https://www.sec.gov/Archives/edgar/data/907242/000155837018002048/0001558370-18-002048-index.htm,https://www.sec.gov/Archives/edgar/data/907242/000155837019002010/0001558370-19-002010-index.htm,https://www.sec.gov/Archives/edgar/data/907242/000155837020002525/0001558370-20-002525-index.htm,https://www.sec.gov/Archives/edgar/data/907242/000155837021002943/0001558370-21-002943-index.htm,https://www.sec.gov/Archives/edgar/data/907242/000155837022002306/0001558370-22-002306-index.htm
72,CASH FLOW STATEMENT, , , , , , , , , , , , , , , , , , , , , , , , , , , , , 
73,Net Income,500000,-700000,1600000,800000,3500000,3800000,-584865,960081,4601764,8603346,9605923,16526440,21035460,22080371,24480218,9540968,4841479,8236261,5675854,8910848,17960822,14185000,20659000,24574000,25538000,34098000,31816000,23678000,68488000
74,Depreciation and Amortization,1700000,2700000,4000000,4100000,4300000,4600000,7919120,10275198,10264757,10499828,10976921,9801578,8516129,8597651,8286724,9911696,12501048,13281396,13379538,16650604,16637932,17824000,15933000,14835000,15132000,14617000,14875000,17324000,38428000
75,Deferred Income Tax,700000,-300000,1100000,- -,400000,- -,-324283,1046666,1306714,189516,277842,1081656,-766817,-1343380,-1542439,-55078,1919523,-731947,-2377510,-240303,795038,336000,-241000,798000,3810000,-483000,1344000,15774000,6527000
76,Stock Based Compensation,- -,- -,- -,- -,- -,- -,- -,- -,- -,- -,- -,- -,- -,- -,- -,- -,2048771,1741084,1619652,1367967,1220345,1226000,1544000,1681000,7091000,5468000,8203000,3855000,4060000
77,Change in Working Capital,100000,-3400000,1900000,2000000,800000,1500000,-8603812,1708989,1470893,281282,477845,10381855,-657751,21178697,613251,-34996025,8393747,-2352154,2874017,4202169,1363769,-1924772,-44352000,43431000,2327000,-19382000,12454000,-35978000,9245000
78,Accounts Receivable,- -,- -,- -,- -,- -,- -,- -,- -,- -,- -,- -,- -,- -,- -,- -,- -,- -,- -,- -,- -,- -,- -,-922000,- -,-1992000,92000,1093000,1563000,-5390000
79,Inventory,- -,-100000,- -,- -,-200000,100000,-709238,357317,123144,-17118,-252708,-206728,-3756,-15214,-24379,-68301,-142520,-176949,-281293,-124693,-292343,-171000,-35000,-216000,-238000,-357000,-3043000,-1088000,664000
80,Accounts Payable,- -,- -,- -,- -,- -,- -,- -,- -,- -,- -,- -,- -,- -,- -,- -,- -,-1229408,1232485,-1523100,-898473,604000,-733000,-1186000,1973000,-431000,2998000,5855000,-5382000,6920000
81,Other Working Capital,-2000000,-5400000,-3500000,-1500000,-700000,800000,-7803812,-6094823,-4623930,-4342648,-3864803,6517052,5859301,27037998,27651249,-7344776,1048971,-1303183,1570834,5773003,7136772,5212000,-39140000,4291000,6618000,-12764000,-310000,-36288000,- -
82,Other Non-Cash Items,400000,3900000,-1500000,-1600000,600000,-1300000,12724774,-1543768,-2936950,424296,1062528,-12058207,2886420,-15291078,-1698977,38600181,-3621823,5804359,1391716,-4841806,-1890633,-401228,44698000,-41591000,-4444000,24438000,-5446000,6791000,1355000
83,Cash Provided by Operating Activities,3400000,2200000,7100000,5300000,9600000,8600000,11130934,12447166,14707178,19998268,22401059,25733322,31013441,35222261,30138777,23001742,26082745,25978999,22563267,26049479,36087273,31245000,38241000,43728000,49454000,58756000,63246000,31444000,128103000
84,CAPEX,-5200000,-26500000,-1700000,-1600000,-1900000,-26100000,- -,-2264401,-3383643,-4802525,-7996678,-9149964,-6113220,-5795089,-17287483,-67881958,-15845321,-6814562,-13591843,-10328915,-12400465,-21719000,-37676000,-26121000,-49990000,-137074000,-125367000,-88667000,-46928000
85,Acquisitions Net,- -,- -,- -,- -,- -,- -,- -,- -,- -,- -,- -,- -,- -,- -,- -,- -,- -,- -,- -,-67000000,- -,- -,- -,- -,- -,- -,- -,- -,- -
86,Purchases of Investments,- -,- -,- -,- -,- -,- -,- -,- -,- -,- -,- -,- -,- -,- -,- -,- -,- -,- -,- -,- -,- -,- -,- -,- -,- -,- -,- -,- -,- -
87,Sales/Maturities of Investments,- -,- -,- -,- -,- -,- -,- -,- -,- -,- -,- -,- -,- -,- -,- -,- -,- -,- -,- -,- -,- -,- -,- -,- -,- -,- -,- -,- -,- -
88,Other Investing Activites,- -,- -,- -,100000,200000,- -,-38258270,-521056,171948,-98502,154869,38954,41636,38280,1977991,3475750,-5320947,16000,-3798500,266995,48190,1874000,-349000,1227000,3304000,11329000,-9552000,42274000,9142000
89,Cash Used for Investing Activites,-5200000,-26500000,-1700000,-1500000,-1700000,-26100000,-38258270,-2785457,-3211695,-4901027,-7841809,-9111010,-6071584,-5756809,-15309492,-64406208,-21166268,-6798562,-17390343,-77061920,-12352275,-19845000,-38025000,-24894000,-46686000,-125745000,-134919000,-46393000,-37786000
90,Debt Repayment,- -,- -,- -,- -,- -,- -,- -,- -,- -,- -,- -,- -,- -,- -,- -,- -,-14022737,-21200000,-19100000,-21340000,-27300000,-7500000,-5400000,-14700000,- -,- -,-3750000,-24563000,-92500000
91,Common Stock Issued,16700000,- -,- -,- -,- -,- -,- -,- -,- -,126116,122092,265747,429859,2213489,602636,- -,- -,- -,- -,- -,- -,- -,- -,- -,- -,- -,- -,- -,- -
92,Common Stock Repurchased,- -,- -,- -,-300000,-100000,- -,- -,- -,- -,- -,-1427400,- -,- -,- -,-13874045,-35674454,- -,- -,- -,- -,- -,- -,- -,- -,- -,- -,- -,- -,- -
93,Dividends Paid,- -,- -,- -,- -,- -,- -,- -,- -,- -,- -,- -,- -,- -,- -,- -,- -,- -,- -,- -,- -,- -,- -,- -,- -,- -,- -,- -,- -,- -
94,Other Financing Activites,-14900000,25500000,-4100000,-3200000,-6200000,16900000,28575700,-9245218,-9893738,-13647616,-13504116,-14784591,-24300000,-7580248,292757,50000000,11769683,1399844,13709131,77812995,3851329,-1647000,4765000,1085000,- -,68300000,105500000,7283000,7399000
95,Cash Used/Provided by Financing Activities,1800000,25500000,-4100000,-3500000,-6300000,16900000,28575700,-9245218,-9893738,-13521500,-14809424,-14518844,-23870141,-5366759,-12978652,14325546,-2253054,-19800156,-5390869,56472995,-23448671,-9147000,-635000,-13615000,- -,68300000,101750000,-17280000,-85101000
96,Effect of Forex Changes on Cash,- -,- -,- -,- -,- -,- -,- -,- -,- -,- -,- -,- -,- -,- -,- -,- -,- -,- -,- -,- -,- -,- -,- -,- -,- -,- -,- -,- -,- -
97,Net Change In Cash,- -,- -,- -,- -,- -,- -,1448364,416491,1601745,1575741,-250174,2103468,1071716,24098693,1850633,-27078920,2663423,-619719,-217945,5460554,286327,2253000,-419000,5219000,2768000,1311000,30077000,-32229000,5216000
98,Cash at the End of Period,- -,- -,- -,- -,- -,- -,6367507,6783998,8385743,9961484,9711310,11814778,12886494,36985187,38835820,11756900,14420323,13800604,13582659,19043213,19329540,21583000,21164000,26383000,29151000,30462000,60539000,28310000,33526000
99,Cash at the Beginning of Period,1000000,1100000,2300000,3600000,4000000,5500000,4919143,6367507,6783998,8385743,9961484,9711310,11814778,12886494,36985187,38835820,11756900,14420323,13800604,13582659,19043213,19330000,21583000,21164000,26383000,29151000,30462000,60539000,28310000
100,Free Cash Flow,-1800000,-24300000,5400000,3700000,7700000,-17500000,11130934,10182765,11323535,15195743,14404381,16583358,24900221,29427172,12851294,-44880216,10237424,19164437,8971424,15720564,23686808,9526000,565000,17607000,-536000,-78318000,-62121000,-57223000,81175000
101,SEC Link,- -,- -,- -,- -,- -,- -,- -,- -,- -,- -,- -,- -,- -,- -,https://www.sec.gov/Archives/edgar/data/907242/000090724208000010/0000907242-08-000010-index.htm,https://www.sec.gov/Archives/edgar/data/907242/000110465909017808/0001104659-09-017808-index.htm,https://www.sec.gov/Archives/edgar/data/907242/000110465910014318/0001104659-10-014318-index.htm,https://www.sec.gov/Archives/edgar/data/907242/000110465911014476/0001104659-11-014476-index.htm,https://www.sec.gov/Archives/edgar/data/907242/000110465912018162/0001104659-12-018162-index.htm,https://www.sec.gov/Archives/edgar/data/907242/000110465913021105/0001104659-13-021105-index.htm,https://www.sec.gov/Archives/edgar/data/907242/000110465914019644/0001104659-14-019644-index.htm,https://www.sec.gov/Archives/edgar/data/907242/000110465915019514/0001104659-15-019514-index.htm,https://www.sec.gov/Archives/edgar/data/907242/000110465916104448/0001104659-16-104448-index.htm,https://www.sec.gov/Archives/edgar/data/907242/000155837017001767/0001558370-17-001767-index.htm,https://www.sec.gov/Archives/edgar/data/907242/000155837018002048/0001558370-18-002048-index.htm,https://www.sec.gov/Archives/edgar/data/907242/000155837019002010/0001558370-19-002010-index.htm,https://www.sec.gov/Archives/edgar/data/907242/000155837020002525/0001558370-20-002525-index.htm,https://www.sec.gov/Archives/edgar/data/907242/000155837021002943/0001558370-21-002943-index.htm,https://www.sec.gov/Archives/edgar/data/907242/000155837022002306/0001558370-22-002306-index.htm
102,false,,,,,,,,,,,,,,,,,,,,,,,,,,,,,
