,https://roic.ai/company/MTDR,2009,2010,2011,2012,2013,2014,2015,2016,2017,2018,2019,2020,2021
0,INCOME STATEMENT, , , , , , , , , , , , , 
1,Revenue,19038514,34041607,66999826,165156000,260889000,431036000,316169000,264422000,544276000,899599000,983670000,862126000,1662981000
2,COGS,1077145,1981550,6277860,120310000,158088000,219262000,272575000,226685000,316129000,465490000,666314000,634356000,771441000
3,Gross Profit,17961369,32060057,60721966,44846000,102801000,211774000,43594000,37737000,228147000,434109000,317356000,227770000,891540000
4,Gross Profit Ratio,0.9434,0.9418,0.9063,0.2715,0.3940,0.4913,0.1379,0.1427,0.4192,0.4826,0.3226,0.2642,0.5361
5,Research and Development Exp.,- -,- -,- -,- -,- -,- -,- -,- -,- -,- -,- -,- -,- -
6,General and Administrative Exp.,- -,- -,- -,14543000,20779000,32152000,50105000,55089000,66016000,69308000,80054000,62578000,96396000
7,Selling and Marketing Exp.,- -,- -,- -,- -,- -,- -,- -,- -,- -,- -,- -,- -,- -
8,"Selling, General and Administrative Exp.",- -,- -,- -,14543000,20779000,32152000,50105000,55089000,66016000,69308000,80054000,62578000,96396000
9,Other Expenses,22720360,30737438,52600916,256000,348000,504000,734000,1182000,1290000,1530000,1822000,1948000,2068000
10,Operating Expenses,22720360,30737438,52600916,14799000,21127000,32656000,50839000,56271000,67306000,70838000,81876000,64526000,98464000
11,COGS and Expenses,23797505,32718988,58878776,135109000,179215000,251918000,323414000,282956000,383435000,536328000,748190000,698882000,869905000
12,Interest Income ,781072,364338,314136,224000,225000,1345000,2365000,- -,- -,- -,- -,- -,- -
13,Interest Expense (Gain),- -,3235,682754,1002000,5687000,5334000,21754000,28199000,34565000,41327000,73873000,76692000,74687000
14,Depreciation and Amortization,- -,- -,- -,- -,- -,- -,- -,- -,- -,- -,- -,361831000,344905000
15,EBITDA,-24350491,9901373,-15147663,-33689000,60478000,180480000,-805399000,-70258000,152275000,307843000,197182000,-200281000,1079270000
16,EBITDA ratio,-1.2790,0.2909,-0.2261,-0.2040,0.2318,0.4187,-2.5474,-0.2657,0.2798,0.3422,0.2005,-0.2323,0.6490
17,Operating Income,-24752247,9760725,-15308266,-33428000,60445000,179118000,-808411000,-177167000,160841000,363271000,235480000,-521499000,793076000
18,Operating Income ratio,-1.3001,0.2867,-0.2285,-0.2024,0.2317,0.4156,-2.5569,-0.6700,0.2955,0.4038,0.2394,-0.6049,0.4769
19,Total Other Income Expenses (Gains),401756,137413,-522151,-1263000,-5654000,-3989000,-18481000,79074000,-30991000,-71198000,-76966000,-77660000,-77730000
20,Income Before Tax,-24350491,9898138,-15830417,-34691000,54791000,175129000,-826892000,-98093000,129850000,292073000,158514000,-599159000,715346000
21,Income Before Tax Ratio,-1.2790,0.2908,-0.2363,-0.2100,0.2100,0.4063,-2.6153,-0.3710,0.2386,0.3247,0.1611,-0.6950,0.4302
22,Income Tax expense (Gain),-9925149,3521175,-5521404,-1430000,9697000,64375000,-147368000,-1036000,-8157000,-7691000,35532000,-45599000,74710000
23,Net Income,-14425342,6376963,-10309013,-33261000,45094000,110771000,-679785000,-97421000,125867000,274207000,87777000,-593205000,584968000
24,Net Income ratio,-0.7577,0.1873,-0.1539,-0.2014,0.1728,0.2570,-2.1501,-0.3684,0.2313,0.3048,0.0892,-0.6881,0.3518
25,EPS,-0.36,0.16,-0.24,-0.62,0.77,1.58,-8.34,-1.07,1.23,2.41,0.75,-5.11,5.48
26,EPS Diluted,-0.36,0.16,-0.24,-0.62,0.77,1.56,-8.34,-1.07,1.23,2.41,0.75,-5.11,5.37
27,Weighted Average Shares Outstanding,40123267,41037487,42717507,53957000,58777000,70229000,81537000,91273000,102029000,113580000,116555000,116068000,117008000
28,Weighted Average Shares Outstanding Diluted,40123267,41133627,42717507,53957000,58929000,70906000,81537000,91273000,102543000,113691000,117063000,116068000,119197000
29,SEC Link,- -,- -,- -,https://www.sec.gov/Archives/edgar/data/1520006/000119312513111031/0001193125-13-111031-index.html,https://www.sec.gov/Archives/edgar/data/1520006/000152000614000017/0001520006-14-000017-index.htm,https://www.sec.gov/Archives/edgar/data/1520006/000152000615000008/mtdr10-k12312014.htm,https://www.sec.gov/Archives/edgar/data/1520006/000152000616000245/0001520006-16-000245-index.html,https://www.sec.gov/Archives/edgar/data/1520006/000152000617000074/0001520006-17-000074-index.html,https://www.sec.gov/Archives/edgar/data/1520006/000152000618000053/0001520006-18-000053-index.html,https://www.sec.gov/Archives/edgar/data/1520006/000152000619000048/0001520006-19-000048-index.html,https://www.sec.gov/Archives/edgar/data/1520006/000152000620000037/0001520006-20-000037-index.html,https://www.sec.gov/Archives/edgar/data/1520006/000152000621000056/0001520006-21-000056-index.htm,https://www.sec.gov/Archives/edgar/data/1520006/000152000622000065/0001520006-22-000065-index.htm
30,BALANCE SHEET, , , , , , , , , , , , , 
31,Cash and Cash Equivalents,104229709,21059519,10284180,2095000,6287000,8407000,16732000,212884000,96505000,64545000,40024000,57916000,48135000
32,Short-Term Investments,15675346,2349313,1335000,230000,- -,- -,- -,- -,- -,- -,- -,- -,- -
33,Cash and Short-Term Investments,119905055,23408832,11619180,2325000,6287000,8407000,16732000,212884000,96505000,64545000,40024000,57916000,48135000
34,Net Receivables,11262822,11648493,13171505,29514000,31674000,44992000,44409000,58668000,141218000,146151000,189413000,137133000,241416000
35,Inventory,1818514,1423197,1343416,877000,785000,1212000,2022000,3045000,5993000,17564000,10744000,10584000,12188000
36,Other Current Assets,2335244,6020769,10141981,5481000,3426000,58712000,63844000,4585000,13454000,77425000,38311000,55996000,69566000
37,Total Current Assets,135321635,42501291,36276082,38197000,42172000,113323000,127007000,279182000,257170000,305685000,278492000,261629000,371305000
38,PP&E,142078130,303880466,399864775,591090000,845877000,1322072000,1012406000,1184525000,1881456000,3122864000,3699595000,3367769000,3856685000
39,Goodwill,- -,- -,- -,- -,- -,- -,- -,- -,- -,- -,- -,- -,- -
40,Intangible Assets,- -,- -,- -,- -,- -,- -,- -,- -,- -,- -,- -,- -,- -
41,Intangible Assets,- -,- -,- -,- -,- -,- -,- -,- -,- -,- -,- -,- -,- -
42,Investments,- -,- -,- -,- -,- -,- -,- -,- -,- -,- -,- -,- -,- -
43,Tax Assets,- -,- -,1593331,411000,- -,- -,- -,- -,- -,20457000,- -,- -,- -
44,Other Non-Current Assets,- -,- -,1734328,2331000,2281000,896000,1448000,958000,7064000,6512000,91589000,57882000,34163000
45,Total Non-Current Assets,142078130,303880466,403192434,593832000,848158000,1322968000,1013854000,1185483000,1888520000,3149833000,3791184000,3425651000,3890848000
46,Other Assets,- -,- -,- -,- -,- -,- -,- -,- -,- -,- -,- -,- -,- -
47,Total Assets,277399765,346381757,439468516,632029000,890330000,1436291000,1140861000,1464665000,2145690000,3455518000,4069676000,3687280000,4262153000
48,Accounts Payable,2049361,12166938,18841295,28120000,25358000,17526000,10966000,4674000,11757000,66970000,43036000,14400000,37540000
49,Short-Term Debt,- -,- -,- -,- -,- -,- -,- -,- -,- -,- -,- -,24276000,32182000
50,Tax Payable,- -,- -,- -,- -,- -,- -,- -,- -,- -,- -,- -,- -,- -
51,Deferred Revenue,450000,722843,- -,- -,- -,- -,4830000,- -,- -,- -,- -,- -,- -
52,Other Current Liabilities,6368797,17206725,55734782,68372000,74969000,144261000,121034000,164831000,270849000,263052000,356736000,252260000,395115000
53,Total Current Liabilities,8868158,30096506,74576077,96492000,100327000,161787000,136830000,169505000,282606000,330022000,399772000,290936000,464837000
54,Long-Term Debt,- -,25000000,88000000,150000000,200000000,340000000,391254000,573924000,574073000,1297837000,1582416000,1814998000,1527580000
55,Deferred Revenue,- -,- -,- -,- -,- -,- -,102506000,- -,- -,- -,- -,- -,- -
56,Deferred Tax Liabilities,1635003,5432638,- -,- -,10929000,53783000,- -,- -,- -,13221000,37329000,- -,77938000
57,Other Non-Current Liabilities,2575214,3975470,5377246,6433000,10150000,14180000,21312000,29791000,31465000,34781000,80707000,68321000,64410000
58,Total Non-Current Liabilities,4210217,34408108,93377246,156433000,221079000,407963000,515072000,603715000,605538000,1345839000,1700452000,1883319000,1669928000
59,Other Liabilities,- -,- -,- -,- -,- -,- -,- -,- -,- -,- -,- -,- -,- -
60,Capital Lease Obligations,- -,- -,- -,5218000,6251000,9034000,7743000,16009000,12611000,12705000,18223000,24276000,32182000
61,Total Liabilities,13078375,64504614,167953323,252925000,321406000,569750000,651902000,773220000,888144000,1675861000,2100224000,2174255000,2134765000
62,Preferred Stock,- -,- -,- -,- -,- -,- -,- -,- -,- -,- -,- -,- -,- -
63,Common Stock,414737,437805,439473,568000,670000,734000,856000,995000,1085000,1164000,1166000,1169000,1179000
64,Retained Earnings,22760408,28862518,18278652,-15010000,30084000,140855000,-538930000,-636351000,-510484000,-236277000,-148500000,-741705000,-171318000
65,Other Comprehensive Income/Loss,-122459957,-138014986,-205441724,-349370000,-468995000,-603732000,-1583659000,-1864311000,-2041806000,-2306949000,-2655586000,- -,- -
66,Other Total Stockholders Equity,363606202,390591806,458238792,742916000,1007165000,1328551000,2609736000,3189792000,3707761000,4230942000,4636574000,2027066000,- -
67,Total Stockholders Equity,264321390,281877143,271515193,379104000,568924000,866408000,488003000,690125000,1156556000,1688880000,1833654000,1286530000,1907210000
68,Total Liabilities And Stockholders Equity,277399765,346381757,439468516,632029000,890330000,1436158000,1139905000,1463345000,2044700000,3364741000,3933878000,3460785000,4041975000
69,Minority Interest,- -,- -,- -,- -,- -,133000,956000,1320000,100990000,90777000,135798000,226495000,220178000
70,Total Liabilities & Equity,277399765,346381757,439468516,632029000,890330000,1436291000,1140861000,1464665000,2145690000,3455518000,4069676000,3687280000,4262153000
71,SEC Link,- -,- -,- -,https://www.sec.gov/Archives/edgar/data/1520006/000119312513111031/0001193125-13-111031-index.html,https://www.sec.gov/Archives/edgar/data/1520006/000152000614000017/0001520006-14-000017-index.htm,https://www.sec.gov/Archives/edgar/data/1520006/000152000615000008/mtdr10-k12312014.htm,https://www.sec.gov/Archives/edgar/data/1520006/000152000616000245/0001520006-16-000245-index.html,https://www.sec.gov/Archives/edgar/data/1520006/000152000617000074/0001520006-17-000074-index.html,https://www.sec.gov/Archives/edgar/data/1520006/000152000618000053/0001520006-18-000053-index.html,https://www.sec.gov/Archives/edgar/data/1520006/000152000619000048/0001520006-19-000048-index.html,https://www.sec.gov/Archives/edgar/data/1520006/000152000620000037/0001520006-20-000037-index.html,https://www.sec.gov/Archives/edgar/data/1520006/000152000621000056/0001520006-21-000056-index.htm,https://www.sec.gov/Archives/edgar/data/1520006/000152000622000065/0001520006-22-000065-index.htm
72,CASH FLOW STATEMENT, , , , , , , , , , , , , 
73,Net Income,-14425342,6376963,-10309013,-33261000,45094000,110771000,-679785000,-97421000,125867000,274207000,87777000,-593205000,584968000
74,Depreciation and Amortization,- -,- -,- -,- -,- -,- -,- -,- -,- -,- -,- -,361831000,- -
75,Deferred Income Tax,-7600811,4931783,-5475828,-1430000,9293000,64242000,-150327000,- -,- -,-7236000,35532000,-45599000,74710000
76,Stock Based Compensation,- -,- -,- -,140000,3897000,5524000,9450000,12362000,16654000,17200000,18505000,13625000,9039000
77,Change in Working Capital,-15716798,-114048692,-50704780,-19995005,140000,9691000,38641000,119500000,-135113000,1099000,-96943000,91973000,-982000
78,Accounts Receivable,408710,-385671,-1523011,-16342000,-2160000,-13318000,3633000,-14259000,-82549000,-4934000,-43261000,53001000,-98456000
79,Inventory,-799844,-8078,22412,50000,243000,-211000,-180000,-700000,-3623000,-12176000,4777000,-655000,-1537000
80,Accounts Payable,- -,- -,- -,19740000,-3638000,607000,1375000,6611000,33559000,68647000,-19004000,-43844000,76891000
81,Other Working Capital,126453477,12404785,-38299995,-58295000,-58155000,-48464000,-9823000,109677000,-25436000,-24337000,-121280000,-29307000,- -
82,Other Non-Cash Items,39533999,130012985,128357927,178774005,121046000,61253000,990556000,99645000,291717000,323253000,507171000,648957000,385620000
83,Cash Provided by Operating Activities,1791048,27273039,61868306,124228000,179470000,251481000,208535000,134086000,299125000,608523000,552042000,477582000,1053355000
84,CAPEX,-54550480,-160659948,-161102104,-308021000,-367169000,-570001000,-497214000,-453912000,-820261000,-1523586000,-925897000,-780455000,-733480000
85,Acquisitions Net,- -,- -,- -,- -,- -,- -,-24000000,- -,- -,-653000000,-51000000,- -,- -
86,Purchases of Investments,-15500424,-3739000,-4298000,-496000,-61000,- -,- -,- -,- -,- -,- -,- -,- -
87,Sales/Maturities of Investments,20607012,17065033,5312313,1601000,291000,- -,- -,- -,- -,- -,- -,- -,- -
88,Other Investing Activites,28732,- -,- -,- -,- -,-530000,96060000,48272000,-3742000,661333000,72921000,-702857000,-490656000
89,Cash Used for Investing Activites,-49415160,-147333915,-160087791,-306916000,-366939000,-570531000,-425154000,-405640000,-824003000,-1515253000,-903976000,-775666000,-729265000
90,Debt Repayment,- -,- -,-103000000,-123000000,-130000000,-180000000,-476982000,-120000000,- -,-975780000,-35918000,-35000000,-684000000
91,Common Stock Issued,32146050,20479719,591492,146510000,149069000,181875000,188720000,288510000,208720000,226612000,- -,- -,- -
92,Common Stock Repurchased,-32066965,-10292555,- -,- -,- -,- -,- -,- -,- -,- -,- -,- -,- -
93,Dividends Paid,-274853,-274853,-274853,-96000,- -,- -,- -,- -,- -,- -,- -,- -,-14581000
94,Other Financing Activites,1281500,26978375,190127507,151085000,172592000,319295000,513206000,299196000,199779000,1637400000,368996000,359339000,370028000
95,Cash Used/Provided by Financing Activities,1085732,36890686,87444146,174499000,191661000,321170000,224944000,467706000,408499000,888232000,333078000,324339000,-328553000
96,Effect of Forex Changes on Cash,- -,- -,- -,- -,- -,- -,- -,- -,- -,- -,- -,- -,- -
97,Net Change In Cash,-46538380,-83170190,-10775339,-8189000,4192000,2120000,8325000,196152000,-116379000,-18498000,-18856000,26255000,-4463000
98,Cash at the End of Period,104229709,21059519,10284180,2095000,6287000,8407000,16732000,212884000,96505000,83984000,65128000,91383000,86920000
99,Cash at the Beginning of Period,150768089,104229709,21059519,10284000,2095000,6287000,8407000,16732000,212884000,102482000,83984000,65128000,91383000
100,Free Cash Flow,-52759432,-133386909,-99233798,-183793000,-187699000,-318520000,-288679000,-319826000,-521136000,-915063000,-373855000,-302873000,319875000
101,SEC Link,- -,- -,- -,https://www.sec.gov/Archives/edgar/data/1520006/000119312513111031/0001193125-13-111031-index.html,https://www.sec.gov/Archives/edgar/data/1520006/000152000614000017/0001520006-14-000017-index.htm,https://www.sec.gov/Archives/edgar/data/1520006/000152000615000008/mtdr10-k12312014.htm,https://www.sec.gov/Archives/edgar/data/1520006/000152000616000245/0001520006-16-000245-index.html,https://www.sec.gov/Archives/edgar/data/1520006/000152000617000074/0001520006-17-000074-index.html,https://www.sec.gov/Archives/edgar/data/1520006/000152000618000053/0001520006-18-000053-index.html,https://www.sec.gov/Archives/edgar/data/1520006/000152000619000048/0001520006-19-000048-index.html,https://www.sec.gov/Archives/edgar/data/1520006/000152000620000037/0001520006-20-000037-index.html,https://www.sec.gov/Archives/edgar/data/1520006/000152000621000056/0001520006-21-000056-index.htm,https://www.sec.gov/Archives/edgar/data/1520006/000152000622000065/0001520006-22-000065-index.htm
102,false,,,,,,,,,,,,,
