,https://roic.ai/company/NCBS,2009,2010,2011,2012,2013,2014,2015,2016,2017,2018,2019,2020,2021
0,INCOME STATEMENT, , , , , , , , , , , , , 
1,Revenue,23900000,29100000,29800000,33009000,50725000,56067000,59092000,94807000,133381000,146157000,169895000,193234000,225319000
2,COGS,15200000,11300000,8400000,- -,- -,- -,- -,- -,- -,- -,- -,- -,- -
3,Gross Profit,8700000,17800000,21400000,- -,- -,- -,- -,- -,- -,- -,- -,- -,- -
4,Gross Profit Ratio,0.3640,0.6117,0.7181,- -,- -,- -,- -,- -,- -,- -,- -,- -,- -
5,Research and Development Exp.,- -,- -,- -,- -,- -,- -,- -,- -,- -,- -,- -,- -,- -
6,General and Administrative Exp.,22700000,27800000,28000000,17050000,25140000,27632000,28947000,44799000,58660000,64314000,70072000,73211000,90046000
7,Selling and Marketing Exp.,- -,- -,- -,- -,- -,- -,- -,- -,- -,- -,- -,- -,- -
8,"Selling, General and Administrative Exp.",22700000,27800000,28000000,17050000,25140000,27632000,28947000,44799000,58660000,64314000,70072000,73211000,90046000
9,Other Expenses,15200000,11300000,8400000,- -,- -,- -,- -,- -,- -,- -,- -,- -,- -
10,Operating Expenses,37900000,39100000,36400000,- -,- -,- -,- -,- -,- -,- -,- -,- -,- -
11,COGS and Expenses,53100000,50400000,44800000,- -,- -,- -,- -,- -,- -,- -,- -,- -,- -
12,Interest Income ,- -,- -,- -,28795000,43196000,48949000,48597000,75467000,109253000,125537000,138588000,149202000,171559000
13,Interest Expense (Gain),15200000,11300000,8400000,6530000,6292000,7067000,7213000,7334000,10511000,18889000,22510000,19864000,13604000
14,Depreciation and Amortization,- -,1430000,1900000,2417000,3411000,3848000,3322000,5132000,7067000,6282000,7311000,10685000,13857000
15,EBITDA,16400000,13930000,12100000,13512000,29681000,25471000,28052000,40299000,66995000,79653000,100920000,111147000,108583000
16,EBITDA ratio,0.6862,0.4787,0.4060,0.4093,0.5851,0.4543,0.4747,0.4251,0.5023,0.5450,0.5940,0.5752,0.4819
17,Operating Income,1200000,1300000,1800000,4622000,20009000,14658000,17644000,28065000,- -,- -,- -,- -,- -
18,Operating Income ratio,0.0502,0.0447,0.0604,0.1400,0.3945,0.2614,0.2986,0.2960,- -,- -,- -,- -,- -
19,Total Other Income Expenses (Gains),- -,- -,- -,- -,- -,- -,- -,- -,- -,- -,- -,- -,- -
20,Income Before Tax,1200000,1300000,1800000,4622000,20009000,14658000,17644000,28065000,49700000,54799000,71446000,80945000,81122000
21,Income Before Tax Ratio,0.0502,0.0447,0.0604,0.1400,0.3945,0.2614,0.2986,0.2960,0.3726,0.3749,0.4205,0.4189,0.3600
22,Income Tax expense (Gain),- -,100000,300000,1529000,3837000,4607000,6089000,9371000,16267000,13446000,16458000,20476000,20470000
23,Net Income,1200000,1100000,1500000,3036000,16141000,9949000,11428000,18462000,33150000,41036000,54641000,60122000,60652000
24,Net Income ratio,0.0502,0.0378,0.0503,0.0920,0.3182,0.1774,0.1934,0.1947,0.2485,0.2808,0.3216,0.3111,0.2692
25,EPS,0.34,0.31,0.43,0.43,3.81,2.33,2.80,2.49,3.51,4.26,5.71,5.82,5.65
26,EPS Diluted,0.34,0.31,0.43,0.43,3.80,2.25,2.57,2.37,3.33,4.12,5.52,5.70,5.44
27,Weighted Average Shares Outstanding,3500000,3500000,3500000,4269119,3976845,4165254,4003988,7158367,9439951,9640258,9561978,10337000,10736000
28,Weighted Average Shares Outstanding Diluted,3500000,3500000,3500000,4269119,3988119,4311347,4362213,7513971,9958160,9956353,9900319,10541000,11145000
29,SEC Link,- -,- -,- -,- -,https://www.sec.gov/Archives/edgar/data/1174850/000118811214000675/0001188112-14-000675-index.htm,https://www.sec.gov/Archives/edgar/data/1174850/000157104915001773/0001571049-15-001773-index.htm,https://www.sec.gov/Archives/edgar/data/1174850/000157104916012689/0001571049-16-012689-index.html,https://www.sec.gov/Archives/edgar/data/1174850/000157104917002253/0001571049-17-002253-index.html,https://www.sec.gov/Archives/edgar/data/1174850/000114420418013359/0001144204-18-013359-index.html,https://www.sec.gov/Archives/edgar/data/1174850/000117485019000013/0001174850-19-000013-index.html,https://www.sec.gov/Archives/edgar/data/1174850/000117485020000012/0001174850-20-000012-index.html,https://www.sec.gov/Archives/edgar/data/1174850/000117485021000007/0001174850-21-000007-index.htm,https://www.sec.gov/Archives/edgar/data/1174850/000117485022000008/0001174850-22-000008-index.htm
30,BALANCE SHEET, , , , , , , , , , , , , 
31,Cash and Cash Equivalents,- -,- -,- -,81504000,147880000,77529000,86118000,132360000,155945000,250519000,201364000,832380000,617212000
32,Short-Term Investments,- -,- -,- -,55901000,127515000,168475000,172596000,365287000,405153000,400144000,449302000,539337000,921661000
33,Cash and Short-Term Investments,- -,- -,- -,137405000,275395000,246004000,258714000,497647000,561098000,650663000,650666000,1371717000,1538873000
34,Net Receivables,- -,- -,- -,11027000,21115000,18924000,17151000,33072000,35816000,34418000,39461000,55516000,113375000
35,Inventory,- -,- -,- -,- -,- -,- -,- -,- -,- -,- -,- -,- -,- -
36,Other Current Assets,- -,- -,- -,- -,- -,- -,- -,1253574000,1739972000,1820833000,2191323000,2322303000,3991259000
37,Total Current Assets,- -,- -,- -,- -,- -,- -,- -,1784293000,2336886000,2505914000,2881450000,3749536000,5643507000
38,PP&E,- -,- -,19300000,19602000,29845000,31924000,29613000,45862000,47151000,48173000,56469000,59944000,94566000
39,Goodwill,- -,- -,- -,- -,- -,- -,- -,66743000,107366000,107366000,151198000,163151000,- -
40,Intangible Assets,- -,- -,- -,- -,- -,- -,- -,21195000,21040000,16941000,14769000,12202000,- -
41,Intangible Assets,- -,- -,- -,- -,- -,- -,- -,87938000,128406000,124307000,165967000,175353000,339492000
42,Investments,- -,- -,- -,61122000,135497000,176540000,180731000,382786000,419990000,418141000,473374000,566956000,1617472000
43,Tax Assets,- -,- -,- -,- -,- -,- -,- -,- -,- -,- -,- -,- -,- -
44,Other Non-Current Assets,- -,- -,- -,- -,- -,- -,- -,- -,- -,- -,- -,- -,- -
45,Total Non-Current Assets,- -,- -,- -,- -,- -,- -,- -,516586000,595547000,590621000,695810000,802253000,2051530000
46,Other Assets,675400000,674800000,678200000,745255000,1198803000,1215285000,1214439000,2817465000,3527980000,3687156000,4273070000,5354042000,9746567000
47,Total Assets,675400000,674800000,678200000,745255000,1198803000,1215285000,1214439000,2300879000,2932433000,3096535000,3577260000,4551789000,7695037000
48,Accounts Payable,- -,- -,4800000,6408000,7424000,10812000,8547000,16911000,18444000,17740000,38188000,48332000,68729000
49,Short-Term Debt,- -,- -,- -,4035000,7116000,- -,- -,- -,- -,- -,- -,- -,- -
50,Tax Payable,- -,- -,- -,- -,- -,- -,- -,- -,- -,- -,- -,- -,- -
51,Deferred Revenue,- -,- -,- -,- -,- -,- -,- -,- -,- -,- -,- -,- -,- -
52,Other Current Liabilities,- -,- -,591200000,- -,- -,- -,- -,- -,- -,- -,- -,- -,- -
53,Total Current Liabilities,- -,- -,596000000,10443000,14540000,- -,- -,- -,- -,- -,- -,- -,- -
54,Long-Term Debt,- -,- -,6200000,41341000,44550000,33503000,39788000,37617000,78046000,77305000,67629000,53869000,216915000
55,Deferred Revenue,- -,- -,- -,- -,- -,- -,- -,- -,- -,- -,- -,- -,- -
56,Deferred Tax Liabilities,- -,- -,- -,- -,- -,- -,- -,- -,- -,- -,- -,- -,- -
57,Other Non-Current Liabilities,- -,- -,- -,- -,- -,- -,- -,- -,- -,- -,- -,- -,- -
58,Total Non-Current Liabilities,- -,- -,6200000,41341000,44550000,33503000,39788000,37617000,78046000,77305000,67629000,53869000,216915000
59,Other Liabilities,- -,- -,- -,698775000,1123934000,1137721000,1144540000,2062131000,2645600000,2786488000,3127899000,4066469000,7020061000
60,Capital Lease Obligations,- -,- -,- -,- -,- -,- -,- -,- -,- -,- -,- -,- -,- -
61,Total Liabilities,- -,- -,602200000,667877000,1093924000,1104218000,1104752000,2024514000,2567554000,2709183000,3060270000,4012600000,6803146000
62,Preferred Stock,- -,- -,- -,24400000,24400000,24400000,12200000,- -,- -,- -,- -,- -,- -
63,Common Stock,- -,- -,- -,34000,42000,41000,42000,86000,98000,95000,106000,100000,140000
64,Retained Earnings,- -,- -,13200000,14973000,30138000,39843000,51059000,68888000,102391000,144364000,199005000,252952000,313604000
65,Other Comprehensive Income/Loss,99600000,100800000,3400000,1683000,666000,1031000,980000,-2727000,-2146000,-5640000,4418000,12747000,3102000
66,Other Total Stockholders Equity,- -,- -,59400000,36243000,49616000,45693000,45220000,209700000,263835000,247790000,312733000,273390000,- -
67,Total Stockholders Equity,64800000,65600000,76000000,77333000,104862000,111008000,109501000,275947000,364178000,386609000,516262000,539189000,891891000
68,Total Liabilities And Stockholders Equity,- -,- -,678200000,745210000,1198786000,1215226000,1214253000,2300461000,2931732000,3095792000,3576532000,4551789000,7695037000
69,Minority Interest,675400000,674800000,- -,45000,17000,59000,186000,418000,701000,743000,728000,- -,- -
70,Total Liabilities & Equity,675400000,674800000,678200000,745255000,1198803000,1215285000,1214439000,2300879000,2932433000,3096535000,3577260000,4551789000,7695037000
71,SEC Link,- -,- -,- -,- -,https://www.sec.gov/Archives/edgar/data/1174850/000118811214000675/0001188112-14-000675-index.htm,https://www.sec.gov/Archives/edgar/data/1174850/000157104915001773/0001571049-15-001773-index.htm,https://www.sec.gov/Archives/edgar/data/1174850/000157104916012689/0001571049-16-012689-index.html,https://www.sec.gov/Archives/edgar/data/1174850/000157104917002253/0001571049-17-002253-index.html,https://www.sec.gov/Archives/edgar/data/1174850/000114420418013359/0001144204-18-013359-index.html,https://www.sec.gov/Archives/edgar/data/1174850/000117485019000013/0001174850-19-000013-index.html,https://www.sec.gov/Archives/edgar/data/1174850/000117485020000012/0001174850-20-000012-index.html,https://www.sec.gov/Archives/edgar/data/1174850/000117485021000007/0001174850-21-000007-index.htm,https://www.sec.gov/Archives/edgar/data/1174850/000117485022000008/0001174850-22-000008-index.htm
72,CASH FLOW STATEMENT, , , , , , , , , , , , , 
73,Net Income,- -,1100000,1500000,3036000,16141000,9949000,11428000,18462000,33150000,41036000,54641000,60122000,60652000
74,Depreciation and Amortization,- -,1430000,1900000,2417000,3411000,3848000,3322000,5132000,7067000,6282000,7311000,10685000,13857000
75,Deferred Income Tax,- -,-880000,450000,-273000,2601000,68000,1589000,2966000,6962000,-1521000,-2652000,3127000,6332000
76,Stock Based Compensation,- -,- -,- -,511000,709000,959000,1202000,1608000,3064000,4901000,5038000,5700000,7307000
77,Change in Working Capital,- -,2370000,-596000000,1267000,-1166000,-261000,-5161000,-3025000,-8515000,-2281000,4092000,10508000,1244385000
78,Accounts Receivable,- -,- -,- -,583000,1105000,528000,-1995000,301000,-5360000,-666000,-2951000,6991000,- -
79,Inventory,- -,- -,- -,- -,- -,- -,- -,- -,- -,- -,- -,- -,- -
80,Accounts Payable,- -,- -,- -,1394000,-1446000,144000,-2170000,-2042000,-1377000,242000,9010000,5716000,- -
81,Other Working Capital,- -,- -,-596000000,-710000,-825000,-933000,-996000,-1284000,-1778000,-1857000,-1967000,-2199000,1244385000
82,Other Non-Cash Items,- -,-170000,603310000,7984000,-1516000,-3523000,2671000,-337000,-1015000,2572000,-10293000,-11243000,-1234879000
83,Cash Provided by Operating Activities,- -,3850000,11160000,14942000,20180000,11040000,15051000,24806000,40713000,50989000,58137000,78899000,97654000
84,CAPEX,- -,-1610000,-1740000,-1938000,-3032000,-5765000,-1181000,-4051000,-3737000,-4260000,-4392000,-10791000,- -
85,Acquisitions Net,- -,- -,- -,- -,37622000,- -,-19865000,66517000,9119000,- -,7331000,-21820000,- -
86,Purchases of Investments,- -,- -,- -,-17361000,-14397000,-60129000,-41489000,-85895000,-66437000,-78114000,-98296000,-174878000,-313178000
87,Sales/Maturities of Investments,- -,- -,- -,18667000,68177000,21809000,36104000,67083000,65045000,72793000,94482000,113863000,177227000
88,Other Investing Activites,- -,74030000,29190000,-86246000,-11974000,-46874000,4798000,7788000,-154943000,-67491000,-62275000,-125861000,-234647000
89,Cash Used for Investing Activites,- -,72420000,27450000,-86878000,76396000,-90959000,-21633000,51442000,-150953000,-77072000,-63150000,-208696000,-370598000
90,Debt Repayment,- -,- -,- -,-5218000,-46311000,-11247000,-5763000,-56519000,-9549000,-1253000,-91470000,-384091000,-187961000
91,Common Stock Issued,- -,- -,- -,- -,3138000,254000,1721000,1900000,4030000,1800000,8742000,2055000,2382000
92,Common Stock Repurchased,- -,270000,8880000,-1332000,-92000,-5770000,-16581000,-17401000,-15007000,-22749000,-28460000,-42088000,- -
93,Dividends Paid,- -,-820000,-750000,-1220000,-1220000,-244000,-212000,-633000,- -,- -,- -,- -,- -
94,Other Financing Activites,- -,-107710000,-6710000,69580000,12884000,18656000,42328000,41889000,156596000,142878000,48734000,1174721000,250956000
95,Cash Used/Provided by Financing Activities,- -,-108260000,1420000,61810000,-31601000,1649000,21493000,-30764000,136070000,120676000,-62454000,750597000,65377000
96,Effect of Forex Changes on Cash,- -,- -,- -,- -,- -,- -,- -,- -,- -,- -,- -,- -,- -
97,Net Change In Cash,- -,-32000000,40030000,-10126000,64975000,-78270000,14911000,45484000,25830000,94593000,-67467000,620800000,-2380000
98,Cash at the End of Period,- -,-32000000,40030000,82003000,146978000,68708000,83619000,129103000,154933000,249526000,182059000,802859000,595292000
99,Cash at the Beginning of Period,- -,- -,- -,92129000,82003000,146978000,68708000,83619000,129103000,154933000,249526000,182059000,- -
100,Free Cash Flow,- -,2240000,9420000,13004000,17148000,5275000,13870000,20755000,36976000,46729000,53745000,68108000,97654000
101,SEC Link,undefined,- -,- -,- -,https://www.sec.gov/Archives/edgar/data/1174850/000118811214000675/0001188112-14-000675-index.htm,https://www.sec.gov/Archives/edgar/data/1174850/000157104915001773/0001571049-15-001773-index.htm,https://www.sec.gov/Archives/edgar/data/1174850/000157104916012689/0001571049-16-012689-index.html,https://www.sec.gov/Archives/edgar/data/1174850/000157104917002253/0001571049-17-002253-index.html,https://www.sec.gov/Archives/edgar/data/1174850/000114420418013359/0001144204-18-013359-index.html,https://www.sec.gov/Archives/edgar/data/1174850/000117485019000013/0001174850-19-000013-index.html,https://www.sec.gov/Archives/edgar/data/1174850/000117485020000012/0001174850-20-000012-index.html,https://www.sec.gov/Archives/edgar/data/1174850/000117485021000007/0001174850-21-000007-index.htm,https://www.sec.gov/Archives/edgar/data/1174850/000117485022000008/0001174850-22-000008-index.htm
102,false,,,,,,,,,,,,,
