,https://roic.ai/company/NRZ-PC,2012,2013,2014,2015,2016,2017,2018,2019,2020,2021
0,INCOME STATEMENT, , , , , , , , , , 
1,Revenue,38102000,200749000,475861000,328044000,811556000,1406612000,1428268000,1551292000,-340846000,2635012000
2,COGS,- -,- -,- -,- -,- -,- -,- -,- -,- -,- -
3,Gross Profit,- -,- -,- -,- -,- -,- -,- -,- -,340846000,- -
4,Gross Profit Ratio,- -,- -,- -,- -,- -,- -,- -,- -,-1.0000,- -
5,Research and Development Exp.,- -,- -,- -,- -,- -,- -,- -,- -,- -,- -
6,General and Administrative Exp.,5878000,21493000,46652000,95337000,80180000,122793000,294173000,369740000,662627000,1344458000
7,Selling and Marketing Exp.,- -,- -,- -,- -,- -,- -,- -,- -,- -,- -
8,"Selling, General and Administrative Exp.",5878000,10284000,27001000,49962000,38570000,67159000,161427000,346840000,662627000,1344458000
9,Other Expenses,- -,- -,- -,- -,- -,- -,- -,- -,1018987000,- -
10,Operating Expenses,- -,- -,- -,- -,- -,- -,- -,- -,1681614000,- -
11,COGS and Expenses,- -,- -,- -,- -,- -,- -,- -,- -,- -,- -
12,Interest Income ,33759000,87567000,346857000,645072000,1076735000,1519679000,1664223000,1766130000,1102537000,810896000
13,Interest Expense (Gain),704000,15024000,140708000,274013000,373424000,460865000,606433000,933751000,584469000,497308000
14,Depreciation and Amortization,- -,- -,- -,- -,- -,- -,- -,- -,- -,6072000
15,EBITDA,41951000,280973000,516542000,531648000,916788000,1586026000,1496969000,1538813000,-808973000,1433832000
16,EBITDA ratio,1.1010,1.3996,1.0855,1.6207,1.1297,1.1276,1.0481,0.9920,2.3734,0.5441
17,Operating Income,- -,- -,- -,- -,- -,- -,- -,- -,-1340768000,963808000
18,Operating Income ratio,- -,- -,- -,- -,- -,- -,- -,- -,3.9336,0.3658
19,Total Other Income Expenses (Gains),- -,- -,- -,- -,- -,- -,- -,- -,- -,- -
20,Income Before Tax,41247000,265623000,465056000,270881000,621627000,1182280000,931100000,647699000,-1340768000,963808000
21,Income Before Tax Ratio,1.0825,1.3232,0.9773,0.8257,0.7660,0.8405,0.6519,0.4175,3.9336,0.3658
22,Income Tax expense (Gain),- -,- -,22957000,-11001000,38911000,167628000,-73431000,41766000,16916000,158226000
23,Net Income,41247000,265949000,352877000,268636000,504453000,957533000,963967000,563296000,-1410358000,772226000
24,Net Income ratio,1.0825,1.3248,0.7416,0.8189,0.6216,0.6807,0.6749,0.3631,4.1378,0.2931
25,EPS,- -,- -,- -,- -,- -,- -,- -,- -,-3.52,1.56
26,EPS Diluted,- -,- -,- -,- -,- -,- -,- -,- -,-3.52,1.51
27,Weighted Average Shares Outstanding,- -,- -,- -,- -,- -,- -,- -,- -,- -,- -
28,Weighted Average Shares Outstanding Diluted,- -,- -,- -,- -,- -,- -,- -,- -,- -,- -
29,SEC Link,- -,- -,- -,- -,- -,- -,- -,https://www.sec.gov/Archives/edgar/data/1556593/000155659320000004/0001556593-20-000004-index.htm,https://www.sec.gov/Archives/edgar/data/1556593/000155659321000004/0001556593-21-000004-index.htm,https://www.sec.gov/Archives/edgar/data/1556593/000155659322000008/0001556593-22-000008-index.htm
30,BALANCE SHEET, , , , , , , , , , 
31,Cash and Cash Equivalents,- -,271994000,212985000,249936000,290602000,295798000,251058000,528737000,944854000,1332575000
32,Short-Term Investments,289756000,1973189000,2463163000,2501881000,5073858000,8071140000,11636581000,19477728000,- -,9396539000
33,Cash and Short-Term Investments,- -,2245183000,2676148000,2751817000,5364460000,8366938000,11887639000,20006465000,944854000,10729114000
34,Net Receivables,84000,47680000,82179000,1760149000,1951114000,2566795000,9317462000,11138312000,3700938000,3981081000
35,Inventory,- -,- -,- -,- -,- -,- -,- -,- -,- -,- -
36,Other Current Assets,- -,- -,- -,- -,- -,- -,- -,-31067540000,-4522668000,7946015000
37,Total Current Assets,- -,- -,- -,- -,- -,- -,- -,77237000,123124000,22656210000
38,PP&E,- -,- -,- -,- -,- -,- -,- -,- -,95677000,173748000
39,Goodwill,- -,- -,- -,- -,- -,- -,24645000,29737000,29468000,85199000
40,Intangible Assets,245036000,676149000,748609000,1798738000,2253726000,3080982000,3498632000,4514266000,5030821000,7346883000
41,Intangible Assets,245036000,676149000,748609000,1798738000,2253726000,3080982000,3523277000,4544003000,5060289000,7432082000
42,Investments,289756000,4638740000,5734002000,9928675000,10780451000,12117778000,12454528000,20182220000,14849305000,9480150000
43,Tax Assets,- -,- -,- -,- -,- -,- -,- -,- -,- -,- -
44,Other Non-Current Assets,- -,- -,- -,- -,- -,- -,- -,-24714387000,-19993435000,- -
45,Total Non-Current Assets,- -,- -,- -,- -,- -,- -,- -,11836000,11836000,17085980000
46,Other Assets,534876000,5958658000,8093690000,15192722000,18365035000,22213562000,31691013000,- -,- -,56828170000
47,Total Assets,534876000,5958658000,8093690000,15192722000,18365035000,22213562000,31691013000,89073000,134960000,39742190000
48,Accounts Payable,403000,253770000,38594000,762590000,1436375000,1271734000,2173291000,1218366000,191854000,376832000
49,Short-Term Debt,- -,- -,- -,- -,- -,- -,- -,- -,2700962000,- -
50,Tax Payable,- -,- -,- -,- -,- -,- -,- -,- -,- -,- -
51,Deferred Revenue,- -,- -,- -,- -,- -,- -,- -,- -,- -,- -
52,Other Current Liabilities,- -,- -,- -,- -,- -,- -,- -,- -,-191854000,- -
53,Total Current Liabilities,- -,- -,- -,- -,- -,- -,- -,- -,2700962000,- -
54,Long-Term Debt,- -,2488618000,2913209000,7249568000,7990605000,7084391000,7102266000,7720148000,8185711000,31710921000
55,Deferred Revenue,- -,- -,- -,- -,- -,- -,- -,- -,- -,- -
56,Deferred Tax Liabilities,- -,- -,15114000,- -,- -,19218000,- -,- -,7859000,440690000
57,Other Non-Current Liabilities,- -,- -,- -,- -,- -,- -,- -,- -,- -,- -
58,Total Non-Current Liabilities,- -,2488618000,2928323000,7249568000,7990605000,7103609000,7102266000,7720148000,8193570000,32151611000
59,Other Liabilities,156520000,6934201000,9172088000,19455710000,22887463000,24521009000,32704984000,45347342000,33315038000,65224421000
60,Capital Lease Obligations,- -,- -,- -,- -,- -,- -,- -,38520000,31270000,142620000
61,Total Liabilities,156520000,4445583000,6243765000,12206142000,14896858000,17417400000,25602718000,37627194000,27822430000,33072810000
62,Preferred Stock,- -,- -,- -,- -,- -,- -,- -,423444000,812992000,1262481000
63,Common Stock,- -,2532000,1414000,2304000,2507000,3074000,3692000,4156000,4148000,4669000
64,Retained Earnings,- -,102986000,237769000,148800000,210500000,559476000,830713000,549733000,-1108929000,-813042000
65,Other Comprehensive Income/Loss,- -,- -,- -,- -,- -,- -,- -,- -,- -,90253000
66,Other Total Stockholders Equity,378356000,1160332000,1356906000,2644829000,3047093000,4127655000,5163265000,6180377000,5612805000,6059671000
67,Total Stockholders Equity,378356000,1265850000,1596089000,2795933000,3260100000,4690205000,5997670000,7157710000,5321016000,6604032000
68,Total Liabilities And Stockholders Equity,534876000,5711433000,7839854000,15002075000,18156958000,22107605000,31600388000,44784904000,33143446000,39676842000
69,Minority Interest,- -,247225000,253836000,190647000,208077000,105957000,90625000,-44695831000,-33008486000,65348000
70,Total Liabilities & Equity,534876000,5958658000,8093690000,15192722000,18365035000,22213562000,31691013000,89073000,134960000,39742190000
71,SEC Link,- -,- -,- -,- -,- -,- -,- -,https://www.sec.gov/Archives/edgar/data/1556593/000155659320000004/0001556593-20-000004-index.htm,https://www.sec.gov/Archives/edgar/data/1556593/000155659321000004/0001556593-21-000004-index.htm,https://www.sec.gov/Archives/edgar/data/1556593/000155659322000008/0001556593-22-000008-index.htm
72,CASH FLOW STATEMENT, , , , , , , , , , 
73,Net Income,41247000,265949000,352877000,268636000,504453000,957533000,963967000,563296000,-1410358000,772226000
74,Depreciation and Amortization,- -,- -,- -,- -,- -,- -,- -,- -,- -,6072000
75,Deferred Income Tax,- -,- -,15114000,-6633000,34846000,168518000,-80054000,52991000,15029000,151200000
76,Stock Based Compensation,- -,78000,453000,450000,300000,699000,1020000,1055000,1211000,1110000
77,Change in Working Capital,4542000,- -,- -,- -,- -,- -,- -,77237000,-2655075000,824739000
78,Accounts Receivable,- -,- -,- -,- -,- -,- -,- -,- -,- -,- -
79,Inventory,- -,- -,- -,- -,- -,- -,- -,- -,- -,- -
80,Accounts Payable,- -,- -,- -,- -,- -,- -,- -,- -,- -,- -
81,Other Working Capital,- -,- -,- -,- -,- -,- -,- -,77237000,-2577838000,- -
82,Other Non-Cash Items,-45789000,-113087000,-213071000,58310000,21197000,-2026468000,-2114047000,-2317127000,5905136000,1128525000
83,Cash Provided by Operating Activities,- -,152940000,155373000,320763000,560796000,-899718000,-1229114000,-1622548000,1855943000,2883872000
84,CAPEX,- -,-297198000,-94113000,-252127000,-528799000,-1661608000,-1194467000,70886000,-539889000,-23015000
85,Acquisitions Net,- -,- -,- -,- -,- -,- -,- -,- -,- -,-1173171000
86,Purchases of Investments,- -,-1148736000,-10124603000,-20900377000,-24749578000,-24071515000,-15647802000,-1923579000,-1509504000,-7585690000
87,Sales/Maturities of Investments,- -,994674000,8944438000,21205898000,24891809000,23932605000,11329581000,1894866000,1502518000,11968811000
88,Other Investing Activites,- -,-839391000,-833454000,-618263000,-324814000,-1638669000,-852869000,-10990688000,8676067000,-903697000
89,Cash Used for Investing Activites,- -,-993453000,-2013619000,-312742000,-182583000,-1777579000,-5171090000,-10948515000,8645441000,2306253000
90,Debt Repayment,- -,-59149000,-5416883000,-7286860000,-10843732000,-8971523000,-9892659000,-9307033000,-74573429000,-138823064000
91,Common Stock Issued,- -,- -,173507000,882166000,279600000,835465000,983149000,752217000,1735000,513540000
92,Common Stock Repurchased,- -,- -,- -,- -,- -,- -,- -,- -,-7462000,- -
93,Dividends Paid,- -,-62020000,-227646000,-303023000,-433414000,-570232000,-661859000,-817122000,-383567000,-438544000
94,Other Financing Activites,- -,1233676000,7270259000,6736647000,10728392000,11375940000,15940601000,22218857000,64850878000,134005912000
95,Cash Used/Provided by Financing Activities,- -,1112507000,1799237000,28930000,-269154000,2669650000,6369232000,12846919000,-10111845000,-4742156000
96,Effect of Forex Changes on Cash,- -,- -,- -,- -,- -,- -,- -,- -,- -,- -
97,Net Change In Cash,- -,- -,-59009000,36951000,109059000,-7647000,-30972000,275856000,389539000,447969000
98,Cash at the End of Period,- -,271994000,212985000,249936000,453697000,446050000,415078000,690934000,1080473000,1528442000
99,Cash at the Beginning of Period,- -,- -,271994000,212985000,344638000,453697000,446050000,415078000,690934000,1080473000
100,Free Cash Flow,- -,-144258000,61260000,68636000,31997000,-2561326000,-2423581000,-3072923000,1316054000,2860857000
101,SEC Link,- -,- -,- -,- -,- -,- -,- -,https://www.sec.gov/Archives/edgar/data/1556593/000155659320000004/0001556593-20-000004-index.htm,https://www.sec.gov/Archives/edgar/data/1556593/000155659321000004/0001556593-21-000004-index.htm,https://www.sec.gov/Archives/edgar/data/1556593/000155659322000008/0001556593-22-000008-index.htm
102,false,,,,,,,,,,
