,https://roic.ai/company/OXBRW,2013,2014,2015,2016,2017,2018,2019,2020,2021
0,INCOME STATEMENT, , , , , , , , , 
1,Revenue,- -,5559000,6380000,19062000,23841000,3810000,981000,1214000,10225000
2,COGS,- -,- -,- -,- -,- -,- -,- -,- -,- -
3,Gross Profit,- -,- -,6380000,19062000,23841000,3810000,981000,- -,- -
4,Gross Profit Ratio,- -,- -,1.0000,1.0000,1.0000,1.0000,1.0000,- -,- -
5,Research and Development Exp.,- -,- -,- -,- -,- -,- -,- -,- -,- -
6,General and Administrative Exp.,- -,1128000,1435000,1420000,1325000,1282000,1067000,1028000,1305000
7,Selling and Marketing Exp.,- -,- -,- -,- -,- -,- -,- -,- -,- -
8,"Selling, General and Administrative Exp.",- -,1128000,1435000,1420000,1325000,1282000,1067000,1028000,1305000
9,Other Expenses,- -,- -,344000,15061000,43108000,10277000,64000,- -,- -
10,Operating Expenses,- -,- -,1779000,16481000,44433000,11559000,1131000,1028000,1305000
11,COGS and Expenses,- -,1559000,1779000,16481000,44433000,11559000,1131000,1126000,- -
12,Interest Income ,- -,- -,- -,- -,- -,- -,- -,- -,- -
13,Interest Expense (Gain),- -,- -,- -,- -,- -,- -,- -,- -,- -
14,Depreciation and Amortization,- -,13000,18000,21000,24000,18000,10000,10000,7
15,EBITDA,- -,4013000,4619000,2602000,-20568000,-5731000,-295000,98000,8565007
16,EBITDA ratio,- -,0.7219,0.7240,0.1365,-0.8627,-1.5042,-0.3007,0.0807,0.8377
17,Operating Income,- -,4000000,4601000,2581000,-20592000,-7749000,-150000,-50000,- -
18,Operating Income ratio,- -,0.7196,0.7212,0.1354,-0.8637,-2.0339,-0.1529,-0.0412,- -
19,Total Other Income Expenses (Gains),- -,- -,-4406000,-1156000,21043000,- -,- -,138000,- -
20,Income Before Tax,- -,4000000,195000,1425000,451000,-7749000,-150000,88000,8565000
21,Income Before Tax Ratio,- -,0.7196,0.0306,0.0748,0.0189,-2.0339,-0.1529,0.0725,0.8377
22,Income Tax expense (Gain),- -,- -,- -,- -,- -,- -,- -,- -,- -
23,Net Income,- -,4000000,4601000,2581000,-20592000,-5749000,-305000,88000,8565000
24,Net Income ratio,- -,0.7196,0.7212,0.1354,-0.8637,-1.5089,-0.3109,0.0725,0.8377
25,EPS,- -,0.66,0.76,0.43,-3.55,-1.00,-0.05,0.02,1.49
26,EPS Diluted,- -,0.66,0.76,0.43,-3.55,-1.00,-0.05,0.02,1.49
27,Weighted Average Shares Outstanding,- -,6056219,6056219,6022985,5808354,5733587,5733587,5733587,5733587
28,Weighted Average Shares Outstanding Diluted,- -,6056219,6056219,6022985,5808354,5733587,5733587,5733587,5733587
29,SEC Link,undefined,- -,https://www.sec.gov/Archives/edgar/data/1584831/000165495416000181/0001654954-16-000181-index.htm,https://www.sec.gov/Archives/edgar/data/1584831/000165495417001925/0001654954-17-001925-index.htm,https://www.sec.gov/Archives/edgar/data/1584831/000165495418002491/0001654954-18-002491-index.htm,https://www.sec.gov/Archives/edgar/data/1584831/000165495419002948/0001654954-19-002948-index.htm,https://www.sec.gov/Archives/edgar/data/1584831/000165495420002991/0001654954-20-002991-index.htm,https://www.sec.gov/Archives/edgar/data/1584831/000165495421003408/0001654954-21-003408-index.htm,https://www.sec.gov/Archives/edgar/data/1584831/000165495422004186/0001654954-22-004186-index.htm
30,BALANCE SHEET, , , , , , , , , 
31,Cash and Cash Equivalents,695215,5317000,8584000,12242000,7763000,8074000,5962000,5562000,3527000
32,Short-Term Investments,- -,- -,3096000,6051000,4433000,1155000,692000,- -,11173000
33,Cash and Short-Term Investments,695215,5317000,11680000,18293000,12196000,9229000,6654000,5562000,14700000
34,Net Receivables,- -,4103000,4117000,4038000,3798000,- -,506000,465000,284000
35,Inventory,- -,- -,- -,- -,- -,- -,- -,- -,- -
36,Other Current Assets,- -,- -,- -,- -,- -,- -,- -,-464000,- -
37,Total Current Assets,- -,- -,15797000,22331000,15994000,9229000,7160000,5563000,14984000
38,PP&E,- -,46000,64000,54000,36000,18000,9000,235000,144000
39,Goodwill,- -,- -,- -,- -,- -,- -,- -,- -,- -
40,Intangible Assets,- -,- -,- -,- -,- -,- -,- -,- -,- -
41,Intangible Assets,- -,- -,- -,- -,- -,- -,- -,- -,- -
42,Investments,- -,11838000,9348000,10992000,6469000,1155000,692000,787000,- -
43,Tax Assets,- -,- -,- -,- -,- -,- -,- -,- -,- -
44,Other Non-Current Assets,- -,- -,27478000,17623000,-1106000,2159000,1634000,- -,- -
45,Total Non-Current Assets,- -,- -,36890000,28669000,5399000,3332000,2335000,- -,144000
46,Other Assets,11362798,49694000,- -,- -,- -,- -,- -,3520000,2849000
47,Total Assets,11362798,49694000,52687000,51000000,21393000,12561000,9495000,9083000,17689000
48,Accounts Payable,1878186,7242000,9913000,1470000,135000,139000,279000,209000,- -
49,Short-Term Debt,- -,- -,- -,- -,- -,- -,600000,216000,216000
50,Tax Payable,- -,- -,- -,- -,- -,- -,- -,- -,- -
51,Deferred Revenue,- -,- -,5571000,3461000,2012000,- -,440000,- -,- -
52,Other Current Liabilities,- -,- -,- -,- -,- -,- -,-600000,-209000,- -
53,Total Current Liabilities,- -,- -,15484000,4931000,2147000,139000,719000,216000,216000
54,Long-Term Debt,- -,- -,- -,- -,- -,- -,600000,438000,135000
55,Deferred Revenue,- -,- -,- -,- -,- -,- -,- -,- -,- -
56,Deferred Tax Liabilities,- -,- -,- -,- -,- -,- -,- -,- -,- -
57,Other Non-Current Liabilities,- -,- -,- -,- -,- -,- -,- -,- -,687000
58,Total Non-Current Liabilities,- -,- -,- -,- -,- -,- -,600000,438000,822000
59,Other Liabilities,4181916,12986000,176000,8906000,5328000,4108000,1333000,1280000,- -
60,Capital Lease Obligations,- -,- -,- -,- -,- -,- -,133000,222000,- -
61,Total Liabilities,4181916,12986000,15660000,13837000,7475000,4247000,1452000,1058000,1038000
62,Preferred Stock,- -,- -,- -,- -,- -,- -,- -,- -,- -
63,Common Stock,1115,6000,6000,6000,6000,6000,6000,6000,- -
64,Retained Earnings,585247,3145000,4838000,4534000,-18149000,-23920000,-24225000,-24275000,-15710000
65,Other Comprehensive Income/Loss,- -,17000,-1474000,-411000,-39000,2000,- -,- -,- -
66,Other Total Stockholders Equity,- -,- -,33657000,33034000,32100000,32226000,32262000,32294000,32361000
67,Total Stockholders Equity,7180882,36708000,37027000,37163000,13918000,8314000,8043000,8025000,16651000
68,Total Liabilities And Stockholders Equity,11362798,49694000,52687000,51000000,21393000,12561000,9495000,9083000,17689000
69,Minority Interest,- -,- -,- -,- -,- -,- -,- -,- -,- -
70,Total Liabilities & Equity,11362798,49694000,52687000,51000000,21393000,12561000,9495000,9083000,17689000
71,SEC Link,- -,- -,https://www.sec.gov/Archives/edgar/data/1584831/000165495416000181/0001654954-16-000181-index.htm,https://www.sec.gov/Archives/edgar/data/1584831/000165495417001925/0001654954-17-001925-index.htm,https://www.sec.gov/Archives/edgar/data/1584831/000165495418002491/0001654954-18-002491-index.htm,https://www.sec.gov/Archives/edgar/data/1584831/000165495419002948/0001654954-19-002948-index.htm,https://www.sec.gov/Archives/edgar/data/1584831/000165495420002991/0001654954-20-002991-index.htm,https://www.sec.gov/Archives/edgar/data/1584831/000165495421003408/0001654954-21-003408-index.htm,https://www.sec.gov/Archives/edgar/data/1584831/000165495422004186/0001654954-22-004186-index.htm
72,CASH FLOW STATEMENT, , , , , , , , , 
73,Net Income,- -,4000000,4601000,2581000,-20592000,-5749000,-305000,88000,8565
74,Depreciation and Amortization,- -,13000,18000,21000,24000,18000,10000,10000,7
75,Deferred Income Tax,- -,- -,- -,- -,- -,- -,- -,- -,- -
76,Stock Based Compensation,- -,- -,117000,119000,127000,126000,36000,32000,61
77,Change in Working Capital,- -,5307000,313000,17087000,-3553000,-4757000,-2649000,-1094000,9421000
78,Accounts Receivable,- -,-4081000,-36000,79000,240000,3798000,-506000,42000,- -
79,Inventory,- -,- -,- -,- -,- -,- -,- -,- -,- -
80,Accounts Payable,- -,- -,- -,28000,-98000,33000,140000,-70000,77
81,Other Working Capital,- -,- -,313000,17400000,13847000,9090000,6441000,5347000,14768000
82,Other Non-Cash Items,- -,-641000,3077000,-19392000,-2316000,3729000,-1463000,698000,-9429146
83,Cash Provided by Operating Activities,- -,8679000,8126000,416000,-26310000,-6633000,-4371000,-266000,487
84,CAPEX,- -,-59000,-36000,-11000,-6000,- -,-1000,-14000,-3
85,Acquisitions Net,- -,- -,- -,- -,- -,- -,- -,- -,- -
86,Purchases of Investments,- -,-19193000,-13130000,-13135000,-22647000,-10912000,-505000,-2592000,-1148
87,Sales/Maturities of Investments,- -,8013000,13405000,13087000,27320000,15957000,994000,2716000,- -
88,Other Investing Activites,- -,-18060000,-2190000,6928000,20316000,- -,- -,- -,-404
89,Cash Used for Investing Activites,- -,-29299000,-1951000,6869000,24983000,5045000,488000,110000,-1555
90,Debt Repayment,- -,- -,- -,- -,- -,- -,- -,-600000,- -
91,Common Stock Issued,- -,21870000,- -,- -,- -,- -,- -,- -,- -
92,Common Stock Repurchased,- -,- -,- -,-742000,-1061000,- -,- -,- -,- -
93,Dividends Paid,- -,-1708000,-2908000,-2885000,-2091000,- -,- -,- -,- -
94,Other Financing Activites,- -,5080000,- -,- -,- -,2000000,600000,216000,- -
95,Cash Used/Provided by Financing Activities,- -,25242000,-2908000,-3627000,-3152000,2000000,600000,-384000,- -
96,Effect of Forex Changes on Cash,- -,- -,- -,- -,- -,- -,- -,- -,- -
97,Net Change In Cash,- -,4622000,3267000,3658000,-4479000,412000,-3283000,-540000,-7472773
98,Cash at the End of Period,- -,5317000,8584000,12242000,7763000,11299000,8016000,7476000,3227
99,Cash at the Beginning of Period,- -,695000,5317000,8584000,12242000,10887000,11299000,8016000,7476000
100,Free Cash Flow,- -,8620000,8090000,405000,-26316000,-6633000,-4372000,-280000,484
101,SEC Link,undefined,- -,https://www.sec.gov/Archives/edgar/data/1584831/000165495416000181/0001654954-16-000181-index.htm,https://www.sec.gov/Archives/edgar/data/1584831/000165495417001925/0001654954-17-001925-index.htm,https://www.sec.gov/Archives/edgar/data/1584831/000165495418002491/0001654954-18-002491-index.htm,https://www.sec.gov/Archives/edgar/data/1584831/000165495419002948/0001654954-19-002948-index.htm,https://www.sec.gov/Archives/edgar/data/1584831/000165495420002991/0001654954-20-002991-index.htm,https://www.sec.gov/Archives/edgar/data/1584831/000165495421003408/0001654954-21-003408-index.htm,https://www.sec.gov/Archives/edgar/data/1584831/000165495422004186/0001654954-22-004186-index.htm
102,false,,,,,,,,,
