,https://roic.ai/company/PFBC,2002,2003,2004,2005,2006,2007,2008,2009,2010,2011,2012,2013,2014,2015,2016,2017,2018,2019,2020,2021
0,INCOME STATEMENT, , , , , , , , , , , , , , , , , , , , 
1,Revenue,14660000,- -,35395000,47888000,61866000,71498000,56266000,42540000,40073000,46277000,48663000,64442000,75728000,88218000,108813000,134965000,163015000,170883000,180211000,193620000
2,COGS,- -,- -,- -,- -,- -,- -,- -,- -,- -,- -,- -,- -,- -,- -,- -,- -,- -,- -,- -,- -
3,Gross Profit,- -,- -,- -,- -,- -,- -,- -,- -,- -,- -,- -,- -,- -,- -,- -,- -,- -,- -,- -,- -
4,Gross Profit Ratio,- -,- -,- -,- -,- -,- -,- -,- -,- -,- -,- -,- -,- -,- -,- -,- -,- -,- -,- -,- -
5,Research and Development Exp.,- -,- -,- -,- -,- -,- -,- -,- -,- -,- -,- -,- -,- -,- -,- -,- -,- -,- -,- -,- -
6,General and Administrative Exp.,- -,- -,9741000,10252000,12216000,11868000,9826000,8875000,10713000,12216000,13971000,17778000,19632000,22672000,28080000,32264000,37021000,41500000,41972000,45053000
7,Selling and Marketing Exp.,- -,- -,250000,444000,451000,409000,424000,201000,246000,335000,294000,366000,420000,593000,845000,883000,816000,840000,- -,- -
8,"Selling, General and Administrative Exp.",- -,- -,9991000,10696000,12667000,12277000,10250000,9076000,10959000,12551000,14265000,18144000,20052000,23265000,28925000,33147000,37837000,42340000,41972000,45053000
9,Other Expenses,- -,- -,- -,- -,- -,- -,- -,- -,- -,- -,- -,- -,- -,- -,- -,- -,- -,- -,- -,- -
10,Operating Expenses,- -,- -,- -,- -,- -,- -,- -,- -,- -,- -,- -,- -,- -,- -,- -,- -,- -,- -,- -,- -
11,COGS and Expenses,- -,- -,- -,- -,- -,- -,- -,- -,- -,- -,- -,- -,- -,- -,- -,- -,- -,- -,- -,- -
12,Interest Income ,33902000,- -,38643000,60082000,90262000,112607000,85959000,58876000,52088000,53790000,61542000,69726000,80327000,94702000,122913000,157600000,195165000,226721000,214262000,211035000
13,Interest Expense (Gain),10718000,- -,7447000,16062000,31424000,44199000,34634000,22812000,14822000,10303000,7783000,7729000,9340000,10856000,18734000,27896000,40936000,62084000,40108000,25158000
14,Depreciation and Amortization,- -,- -,1507000,2790000,315000,-502000,782000,1113000,895000,738000,650000,686000,484000,623000,929000,990000,953000,1342000,1909000,1895000
15,EBITDA,18009000,- -,27460000,47059000,71628000,88834000,25528000,-56738000,-1797000,18226000,11722000,39904000,50671000,61707000,79363000,109366000,140587000,174832000,138876000,160881000
16,EBITDA ratio,1.2284,- -,0.7758,0.9827,1.1578,1.2425,0.4537,-1.3338,-0.0448,0.3938,0.2409,0.6192,0.6691,0.6995,0.7294,0.8103,0.8624,1.0231,0.7706,0.8309
17,Operating Income,-5747000,- -,18506000,28207000,39889000,45137000,-9888000,-80663000,-17514000,- -,3289000,31489000,40847000,50228000,59700000,- -,- -,- -,- -,- -
18,Operating Income ratio,-0.3920,- -,0.5228,0.5890,0.6448,0.6313,-0.1757,-1.8962,-0.4371,- -,0.0676,0.4886,0.5394,0.5694,0.5486,- -,- -,- -,- -,- -
19,Total Other Income Expenses (Gains),13038000,- -,- -,- -,- -,- -,- -,- -,- -,- -,- -,- -,- -,- -,- -,- -,- -,- -,- -,- -
20,Income Before Tax,7291000,- -,18506000,28207000,39889000,45137000,-9888000,-80663000,-17514000,7185000,3289000,31489000,40847000,50228000,59700000,80480000,98698000,111406000,96859000,133828000
21,Income Before Tax Ratio,0.4973,- -,0.5228,0.5890,0.6448,0.6313,-0.1757,-1.8962,-0.4371,0.1553,0.0676,0.4886,0.5394,0.5694,0.5486,0.5963,0.6055,0.6519,0.5375,0.6912
22,Income Tax expense (Gain),2888000,- -,7354000,11382000,16538000,18670000,-4876000,-8128000,-704000,-5049000,-20583000,12290000,16255000,20485000,23331000,37086000,27705000,33035000,27391000,38588000
23,Net Income,4403000,2758000,11152000,16825000,23351000,26467000,-5012000,-72535000,-16810000,12234000,23872000,19199000,24592000,29743000,36369000,43394000,70993000,78371000,69468000,95240000
24,Net Income ratio,0.3003,Infinity,0.3151,0.3513,0.3774,0.3702,-0.0891,-1.7051,-0.4195,0.2644,0.4906,0.2979,0.3247,0.3372,0.3342,0.3215,0.4355,0.4586,0.3855,0.4919
25,EPS,2.70,1.70,6.74,8.60,11.45,12.80,-2.55,-31.50,-6.20,0.93,1.80,1.45,1.83,2.17,2.58,2.97,4.64,5.16,4.65,6.40
26,EPS Diluted,2.55,1.70,6.40,8.27,11.05,12.50,-2.55,-31.50,-6.20,0.93,1.78,1.42,1.78,2.14,2.56,2.96,4.64,5.16,4.65,6.40
27,Weighted Average Shares Outstanding,1619434,1635676,1654692,1955551,2038903,2066046,1958171,3133625,6829734,12995525,13050559,13116713,13290258,13484216,13883497,14438964,15056919,15060476,14885230,14885230
28,Weighted Average Shares Outstanding Diluted,1717255,1635676,1741899,2038172,2111256,2116189,1962078,3133625,6829734,12995525,13247389,13364320,13620027,13677892,13987257,14492671,15059845,15060476,14885230,14885230
29,SEC Link,- -,- -,- -,- -,- -,- -,- -,- -,- -,- -,- -,- -,- -,- -,- -,- -,- -,- -,- -,- -
30,BALANCE SHEET, , , , , , , , , , , , , , , , , , , , 
31,Cash and Cash Equivalents,24351000,- -,35212000,25123000,26878000,22803000,19386000,14071000,108233000,142466000,151995000,226615000,215194000,296175000,306330000,446822000,526759000,498645000,739465000,1030610000
32,Short-Term Investments,- -,- -,- -,- -,- -,- -,- -,- -,- -,- -,210742000,142670000,150539000,169502000,199833000,188203000,182413000,240640000,239682000,451911000
33,Cash and Short-Term Investments,24351000,- -,35212000,25123000,26878000,22803000,19386000,14071000,108233000,142466000,362737000,369285000,365733000,465677000,506163000,635025000,709172000,739285000,979147000,1482521000
34,Net Receivables,- -,- -,8055000,5529000,8633000,10165000,7807000,5582000,9005000,4851000,6188000,7162000,6497000,8427000,9550000,14004000,14266000,18329000,23692000,14646000
35,Inventory,- -,- -,- -,- -,- -,- -,- -,- -,- -,- -,- -,- -,- -,- -,- -,- -,- -,- -,- -,- -
36,Other Current Assets,- -,- -,- -,- -,- -,- -,- -,- -,- -,- -,- -,- -,- -,- -,- -,- -,- -,- -,- -,- -
37,Total Current Assets,- -,- -,- -,- -,- -,- -,- -,- -,- -,- -,- -,- -,- -,- -,- -,- -,- -,- -,- -,- -
38,PP&E,- -,- -,1365000,1835000,1711000,4721000,7157000,6325000,5418000,4789000,4383000,4205000,4132000,5601000,5313000,5684000,7497000,29339000,27931000,32502000
39,Goodwill,- -,- -,- -,- -,- -,- -,- -,- -,- -,- -,- -,- -,- -,- -,- -,- -,- -,- -,- -,- -
40,Intangible Assets,- -,- -,- -,- -,- -,- -,- -,- -,- -,- -,- -,- -,- -,- -,- -,- -,- -,- -,- -,- -
41,Intangible Assets,- -,- -,- -,- -,- -,- -,- -,- -,- -,- -,- -,- -,- -,- -,- -,- -,- -,- -,- -,- -
42,Investments,- -,- -,164635000,162935000,198689000,245268000,104406000,114464000,183269000,169104000,211721000,149081000,176353000,191384000,233840000,231691000,234268000,301092000,308771000,524891000
43,Tax Assets,- -,- -,- -,- -,- -,- -,- -,- -,- -,- -,- -,- -,- -,- -,- -,- -,- -,- -,- -,- -
44,Other Non-Current Assets,- -,- -,- -,- -,- -,- -,- -,- -,- -,- -,- -,- -,- -,- -,- -,- -,- -,- -,- -,- -
45,Total Non-Current Assets,- -,- -,- -,- -,- -,- -,- -,- -,- -,- -,- -,- -,- -,- -,- -,- -,- -,- -,- -,- -
46,Other Assets,706052000,- -,907270000,1136720000,1348841000,1542610000,1483231000,1306781000,1255866000,1309797000,1554856000,1768959000,2054154000,2598846000,3221598000,3769859000,4216435000,4628481000,5143641000,6046303000
47,Total Assets,706052000,- -,907270000,1136720000,1348841000,1542610000,1483231000,1306781000,1255866000,1309797000,1554856000,1768959000,2054154000,2598846000,3221598000,3769859000,4216435000,4628481000,5143641000,6046303000
48,Accounts Payable,- -,- -,- -,3070000,5272000,5493000,5446000,2949000,1716000,1292000,968000,983000,1419000,1919000,3199000,3833000,6839000,3324000,1245000,715000
49,Short-Term Debt,- -,- -,10000000,- -,- -,- -,- -,- -,- -,- -,- -,- -,- -,- -,- -,- -,- -,- -,- -,- -
50,Tax Payable,- -,- -,- -,- -,- -,- -,- -,- -,- -,- -,- -,- -,- -,- -,- -,- -,- -,- -,- -,- -
51,Deferred Revenue,- -,- -,- -,- -,- -,- -,- -,- -,- -,- -,- -,- -,- -,- -,- -,- -,- -,- -,- -,- -
52,Other Current Liabilities,- -,- -,- -,- -,- -,- -,- -,- -,- -,- -,- -,- -,- -,- -,- -,- -,- -,- -,- -,- -
53,Total Current Liabilities,- -,- -,10000000,- -,- -,- -,- -,- -,- -,- -,- -,- -,- -,- -,- -,- -,- -,- -,- -,- -
54,Long-Term Debt,- -,- -,5000000,20000000,20000000,111000000,58000000,48996000,25996000,25996000,- -,20000000,20000000,26635000,125355000,105364000,100394000,119708000,118016000,170619000
55,Deferred Revenue,- -,- -,- -,- -,- -,- -,- -,- -,- -,- -,- -,- -,- -,- -,- -,- -,- -,- -,- -,- -
56,Deferred Tax Liabilities,- -,- -,- -,- -,- -,- -,- -,- -,- -,- -,- -,- -,- -,- -,- -,- -,- -,- -,- -,- -
57,Other Non-Current Liabilities,- -,- -,- -,- -,- -,- -,- -,- -,- -,- -,- -,- -,- -,- -,- -,- -,- -,- -,- -,- -
58,Total Non-Current Liabilities,- -,- -,5000000,20000000,20000000,111000000,58000000,48996000,25996000,25996000,- -,20000000,20000000,26635000,125355000,105364000,100394000,119708000,118016000,170619000
59,Other Liabilities,646134000,- -,825462000,1032874000,1222909000,1500658000,1403740000,1270403000,1140528000,1177745000,1367018000,1582043000,1839128000,2361336000,3048888000,3520189000,3900178000,4278174000,4736210000,5630204000
60,Capital Lease Obligations,- -,- -,- -,- -,- -,- -,- -,- -,- -,- -,- -,- -,- -,- -,- -,- -,- -,20497000,18682000,22861000
61,Total Liabilities,646134000,- -,830462000,1012874000,1202909000,1389658000,1345740000,1221407000,1114532000,1151749000,1367018000,1562043000,1819128000,2334701000,2923533000,3414825000,3799784000,4158466000,4618194000,5459585000
62,Preferred Stock,- -,- -,- -,- -,- -,- -,- -,- -,- -,- -,- -,- -,- -,- -,- -,- -,- -,- -,- -,- -
63,Common Stock,- -,- -,32138000,67683000,69658000,- -,- -,- -,- -,- -,162927000,163237000,164023000,166560000,169861000,207948000,210882000,210882000,210882000,210882000
64,Retained Earnings,- -,- -,44591000,57305000,75219000,94595000,84996000,13267000,-18767000,-6391000,17481000,36680000,58552000,81046000,108261000,139684000,194855000,255050000,300969000,372952000
65,Other Comprehensive Income/Loss,- -,- -,79000,-1142000,-447000,-1478000,-4981000,-4107000,-743000,-2786000,2001000,140000,1935000,982000,-871000,1173000,-1982000,3967000,7034000,4926000
66,Other Total Stockholders Equity,- -,- -,- -,- -,1502000,- -,- -,- -,- -,- -,5429000,6859000,10516000,15557000,20814000,6229000,12896000,116000,6562000,-2042000
67,Total Stockholders Equity,59918000,- -,76808000,123846000,145932000,152952000,137491000,85374000,141334000,158048000,187838000,206916000,235026000,264145000,298065000,355034000,416651000,470015000,525447000,586718000
68,Total Liabilities And Stockholders Equity,706052000,- -,907270000,1136720000,1348841000,1542610000,1483231000,1306781000,1255866000,1309797000,1554856000,1768959000,2054154000,2598846000,3221598000,3769859000,4216435000,4628481000,5143641000,6046303000
69,Minority Interest,- -,- -,- -,- -,- -,- -,- -,- -,- -,- -,- -,- -,- -,- -,- -,- -,- -,- -,- -,- -
70,Total Liabilities & Equity,706052000,- -,907270000,1136720000,1348841000,1542610000,1483231000,1306781000,1255866000,1309797000,1554856000,1768959000,2054154000,2598846000,3221598000,3769859000,4216435000,4628481000,5143641000,6046303000
71,SEC Link,- -,undefined,- -,- -,- -,- -,- -,- -,- -,- -,- -,- -,- -,- -,- -,- -,- -,- -,- -,- -
72,CASH FLOW STATEMENT, , , , , , , , , , , , , , , , , , , , 
73,Net Income,- -,- -,11152000,16825000,23351000,26467000,-5012000,-72535000,-16810000,12234000,23872000,19199000,24592000,29743000,36369000,43394000,70993000,78371000,69468000,95240000
74,Depreciation and Amortization,- -,- -,1507000,2790000,315000,-502000,782000,1113000,895000,738000,650000,686000,484000,623000,929000,990000,953000,1342000,1909000,1895000
75,Deferred Income Tax,- -,- -,-6568000,-1334000,-1419000,-1986000,-11082000,20170000,2569000,-6979000,-19996000,4994000,735000,-1755000,-1458000,7784000,-934000,-2193000,-3736000,-1386000
76,Stock Based Compensation,- -,- -,- -,- -,- -,- -,1623000,1813000,1671000,1059000,1087000,1430000,3573000,3153000,2378000,3626000,8031000,7760000,8894000,9115000
77,Change in Working Capital,- -,- -,4350000,-5720000,2356000,-12778000,-173000,-35597000,28739000,3931000,-3977000,2274000,11435000,-5989000,7801000,-8866000,7813000,-7431000,-2828000,13306000
78,Accounts Receivable,- -,- -,- -,- -,- -,- -,- -,- -,- -,- -,-4135000,377000,5481000,-7885000,286000,-3352000,-4025000,- -,- -,7864000
79,Inventory,- -,- -,- -,- -,- -,- -,- -,- -,- -,- -,- -,- -,- -,- -,- -,- -,- -,- -,- -,- -
80,Accounts Payable,- -,- -,- -,- -,- -,- -,- -,- -,- -,- -,158000,3138000,2545000,1360000,5874000,-2801000,9125000,-6052000,-548000,5442000
81,Other Working Capital,- -,- -,- -,- -,- -,- -,- -,- -,- -,- -,-4135000,377000,5481000,-7885000,286000,-3352000,-4025000,1989000,-5648000,- -
82,Other Non-Cash Items,- -,- -,1810000,2115000,3190000,6089000,44090000,90531000,29191000,14168000,24824000,4555000,2024000,2462000,6607000,6252000,12156000,8908000,30058000,1464000
83,Cash Provided by Operating Activities,- -,- -,12251000,14676000,27793000,17290000,30228000,5495000,46255000,25151000,26460000,33138000,42843000,28237000,52626000,53180000,99012000,86757000,103765000,119634000
84,CAPEX,- -,- -,-756000,-1049000,-444000,-3585000,-3217000,-281000,-11000,-109000,-244000,-508000,-442000,-2092000,-641000,-1360000,-2766000,-6088000,-1498000,-603000
85,Acquisitions Net,- -,- -,- -,- -,- -,- -,- -,- -,- -,- -,- -,-6787000,-5060000,-1078000,-3326000,-7109000,-13993000,-10381000,-8420000,- -
86,Purchases of Investments,- -,- -,-96189000,-67405000,-155034000,-312358000,-115585000,-76056000,-146359000,-40086000,-82967000,-3697000,-45357000,-26748000,-64135000,-8262000,-15000000,-116083000,-176935000,-281891000
87,Sales/Maturities of Investments,- -,- -,85341000,65637000,120511000,263735000,238165000,69694000,75463000,57216000,41544000,58409000,32408000,7581000,25645000,23902000,16328000,66406000,181357000,50313000
88,Other Investing Activites,- -,- -,-111684000,-149558000,-226792000,-239607000,-45453000,89403000,96918000,-44627000,-188883000,-178032000,-277196000,-450925000,-487724000,-396665000,-394049000,-390958000,-313272000,-387826000
89,Cash Used for Investing Activites,- -,- -,-122532000,-151326000,-261315000,-288230000,73910000,82760000,26011000,-27606000,-230550000,-130615000,-295647000,-473262000,-530181000,-389494000,-409480000,-457104000,-318768000,-620007000
90,Debt Repayment,- -,- -,-5000000,-10000000,-1500000,-35000000,-53000000,-35000000,-23000000,- -,-25996000,- -,- -,6635000,- -,-20000000,-5035000,-1299000,- -,-100000000
91,Common Stock Issued,- -,- -,- -,- -,- -,- -,- -,16925000,70043000,- -,- -,- -,- -,- -,- -,32550000,1709000,- -,- -,- -
92,Common Stock Repurchased,- -,- -,- -,- -,- -,- -,-4139000,- -,- -,- -,- -,- -,- -,- -,- -,-14118000,-1296000,-20540000,-2448000,-17719000
93,Dividends Paid,- -,- -,-3318000,-4111000,-5437000,-7091000,-4587000,-780000,- -,- -,- -,- -,-1348000,-6302000,-8438000,-11036000,-15625000,-18288000,-17915000,-21425000
94,Other Financing Activites,- -,- -,144851000,225972000,187614000,205256000,4371000,-70915000,-79147000,36688000,239616000,192097000,247731000,513673000,580648000,500410000,378152000,343609000,459186000,930662000
95,Cash Used/Provided by Financing Activities,- -,- -,136533000,211861000,180677000,163165000,-57355000,-89770000,-32104000,36688000,213620000,192097000,246383000,514006000,572210000,487806000,357905000,303482000,438823000,791518000
96,Effect of Forex Changes on Cash,- -,- -,- -,- -,- -,- -,- -,- -,- -,- -,- -,- -,- -,- -,- -,- -,- -,- -,- -,- -
97,Net Change In Cash,- -,- -,26252000,75211000,-52845000,-107775000,46783000,-1515000,40162000,34233000,9529000,94620000,-6421000,68981000,94655000,151492000,47437000,-67114000,223820000,291145000
98,Cash at the End of Period,- -,- -,108212000,183423000,130578000,22803000,69586000,68071000,108233000,142466000,151995000,246615000,240194000,309175000,403830000,555322000,602759000,535645000,759465000,1050610000
99,Cash at the Beginning of Period,- -,- -,81960000,108212000,183423000,130578000,22803000,69586000,68071000,108233000,142466000,151995000,246615000,240194000,309175000,403830000,555322000,602759000,535645000,759465000
100,Free Cash Flow,- -,- -,11495000,13627000,27349000,13705000,27011000,5214000,46244000,25042000,26216000,32630000,42401000,26145000,51985000,51820000,96246000,80669000,102267000,119031000
101,SEC Link,undefined,undefined,- -,- -,- -,- -,- -,- -,- -,- -,- -,- -,- -,- -,- -,- -,- -,- -,- -,- -
102,false,,,,,,,,,,,,,,,,,,,,
