,https://roic.ai/company/REXR-PC,2011,2012,2013,2014,2015,2016,2017,2018,2019,2020,2021
0,INCOME STATEMENT, , , , , , , , , , , 
1,Revenue,26161000,32491000,43286000,65464000,93190000,125733000,160910000,211116000,264658000,329797000,452201000
2,COGS,7658000,9630000,12328000,18382000,25000000,33619000,42139000,51671000,63272000,79716000,107721000
3,Gross Profit,18503000,22861000,30958000,47082000,68190000,92114000,118771000,159445000,201386000,250081000,344480000
4,Gross Profit Ratio,0.7073,0.7036,0.7152,0.7192,0.7317,0.7326,0.7381,0.7552,0.7609,0.7583,0.7618
5,Research and Development Exp.,- -,- -,- -,- -,- -,- -,- -,- -,- -,- -,- -
6,General and Administrative Exp.,3729000,5146000,9747000,12144000,15016000,17415000,21610000,25194000,30300000,36795000,48990000
7,Selling and Marketing Exp.,- -,- -,- -,- -,- -,- -,- -,- -,- -,- -,- -
8,"Selling, General and Administrative Exp.",3729000,5146000,9747000,12144000,15016000,17415000,21610000,25194000,30300000,36795000,48990000
9,Other Expenses,9668000,12727000,15708000,28608000,41837000,51407000,64852000,80042000,98891000,115269000,151269000
10,Operating Expenses,13397000,17873000,25455000,40752000,56853000,68822000,86462000,105236000,129191000,152064000,200259000
11,COGS and Expenses,21055000,27503000,37783000,59134000,81853000,102441000,128601000,156907000,192463000,231780000,307980000
12,Interest Income ,1578000,1577000,1079000,1117000,710000,459000,445000,1378000,2555000,338000,37000
13,Interest Expense (Gain),17466000,17452000,11158000,6400000,8453000,14848000,20209000,25416000,26875000,30849000,40139000
14,Depreciation and Amortization,9668000,13215000,15708000,28608000,41837000,51407000,64852000,80042000,90984000,104736000,135826000
15,EBITDA,23382000,25776000,21975000,35904000,52164000,91381000,125773000,151668000,179838000,211988000,304206000
16,EBITDA ratio,0.8938,0.7933,0.5077,0.5485,0.5598,0.7268,0.7816,0.7184,0.6795,0.6428,0.6727
17,Operating Income,5106000,4988000,5503000,6330000,11337000,23292000,32309000,54209000,72195000,98017000,144258000
18,Operating Income ratio,0.1952,0.1535,0.1271,0.0967,0.1217,0.1852,0.2008,0.2568,0.2728,0.2972,0.3190
19,Total Other Income Expenses (Gains),-12540000,-13991000,-14707000,-7500000,-9387000,2584000,9391000,-7134000,-8194000,-17122000,-8012000
20,Income Before Tax,-7434000,-9003000,-9204000,-1170000,1950000,25876000,41700000,47075000,64001000,80895000,136246000
21,Income Before Tax Ratio,-0.2842,-0.2771,-0.2126,-0.0179,0.0209,0.2058,0.2592,0.2230,0.2418,0.2453,0.3013
22,Income Tax expense (Gain),- -,- -,- -,- -,- -,- -,- -,- -,- -,- -,- -
23,Net Income,-3752000,-4891000,-4891000,896000,1874000,25126000,40712000,46210000,61979000,76403000,128241000
24,Net Income ratio,-0.1434,-0.1505,-0.1130,0.0137,0.0201,0.1998,0.2530,0.2189,0.2342,0.2317,0.2836
25,EPS,- -,- -,- -,- -,- -,- -,- -,- -,- -,- -,0.80
26,EPS Diluted,- -,- -,- -,- -,- -,- -,- -,- -,- -,- -,0.80
27,Weighted Average Shares Outstanding,- -,- -,- -,- -,- -,- -,- -,- -,- -,- -,- -
28,Weighted Average Shares Outstanding Diluted,- -,- -,- -,- -,- -,- -,- -,- -,- -,- -,- -
29,SEC Link,- -,- -,- -,- -,- -,- -,- -,https://www.sec.gov/Archives/edgar/data/1571283/000157128319000007/0001571283-19-000007-index.htm,- -,https://www.sec.gov/Archives/edgar/data/1571283/000157128321000010/0001571283-21-000010-index.htm,https://www.sec.gov/Archives/edgar/data/1571283/000157128322000006/0001571283-22-000006-index.htm
30,BALANCE SHEET, , , , , , , , , , , 
31,Cash and Cash Equivalents,20928000,43499000,8997000,8606000,5201000,15525000,6620000,180601000,78857000,176293000,43987000
32,Short-Term Investments,- -,- -,- -,- -,- -,- -,- -,- -,- -,- -,- -
33,Cash and Short-Term Investments,20928000,43499000,8997000,8606000,5201000,15525000,6620000,180601000,78857000,176293000,43987000
34,Net Receivables,15280000,16264000,17710000,19963000,10867000,20556000,19490000,27172000,35560000,51101000,72538000
35,Inventory,- -,- -,- -,- -,- -,- -,- -,- -,- -,- -,- -
36,Other Current Assets,16731000,12907000,7941000,- -,- -,- -,12686000,- -,- -,14142000,15669000
37,Total Current Assets,52939000,72670000,34648000,28569000,16068000,36081000,38796000,207773000,114417000,241536000,132194000
38,PP&E,- -,- -,- -,- -,- -,- -,- -,- -,- -,- -,- -
39,Goodwill,- -,- -,- -,- -,- -,- -,- -,- -,- -,- -,- -
40,Intangible Assets,495000,249000,6868000,33407000,35654000,41535000,54395000,60839000,78246000,97328000,137314000
41,Intangible Assets,495000,249000,6868000,33407000,35654000,41535000,54395000,60839000,78246000,97328000,137314000
42,Investments,10191000,12697000,5687000,4018000,4087000,- -,- -,- -,- -,- -,- -
43,Tax Assets,- -,- -,- -,- -,- -,- -,- -,- -,- -,- -,- -
44,Other Non-Current Assets,319590000,334880000,507472000,866784000,1097442000,1437392000,2018182000,2519073000,3445959000,4612310000,6511657000
45,Total Non-Current Assets,330276000,347826000,520027000,904209000,1137183000,1478927000,2072577000,2579912000,3524205000,4709638000,6648971000
46,Other Assets,- -,- -,- -,- -,- -,- -,- -,- -,- -,- -,- -
47,Total Assets,383215000,420496000,554675000,932778000,1153251000,1515008000,2111373000,2787685000,3638622000,4951174000,6781165000
48,Accounts Payable,1756000,2627000,6024000,11304000,12631000,13585000,21134000,21074000,31112000,45384000,65833000
49,Short-Term Debt,- -,- -,- -,- -,- -,- -,- -,- -,- -,- -,- -
50,Tax Payable,- -,- -,- -,- -,- -,- -,- -,- -,- -,- -,- -
51,Deferred Revenue,- -,- -,- -,- -,- -,- -,- -,- -,- -,12660000,15829000
52,Other Current Liabilities,10837000,8458000,5628000,5244000,7806000,9282000,11970000,15938000,21624000,29940000,40374000
53,Total Current Liabilities,12593000,11085000,11652000,16548000,20437000,22867000,33104000,37012000,52736000,87984000,122036000
54,Long-Term Debt,297000000,308991000,192491000,357106000,418154000,500184000,668941000,757371000,857842000,1283416000,1399565000
55,Deferred Revenue,399000,355000,1448000,1463000,2846000,3455000,6267000,6539000,8988000,12660000,- -
56,Deferred Tax Liabilities,- -,- -,- -,- -,- -,- -,- -,- -,- -,- -,- -
57,Other Non-Current Liabilities,5543000,3817000,7315000,11784000,18070000,26362000,37807000,78340000,96607000,36522000,191869000
58,Total Non-Current Liabilities,302942000,313163000,201254000,370353000,439070000,530001000,713015000,842250000,963437000,1332598000,1591434000
59,Other Liabilities,- -,- -,- -,- -,- -,- -,- -,- -,- -,- -,- -
60,Capital Lease Obligations,106000,39000,1160000,3016000,3387000,9130000,18067000,52727000,59340000,67256000,127017000
61,Total Liabilities,315535000,324248000,212906000,386901000,459507000,552868000,746119000,879262000,1016173000,1420582000,1713470000
62,Preferred Stock,- -,- -,- -,- -,- -,86651000,159713000,159094000,242327000,242327000,155676000
63,Common Stock,10941000,11962000,255000,434000,553000,662000,782000,966000,1136000,1313000,1605000
64,Retained Earnings,-19455000,-24653000,-5993000,- -,- -,- -,- -,- -,- -,- -,- -
65,Other Comprehensive Income/Loss,- -,- -,- -,- -,- -,- -,- -,- -,- -,-17709000,-9874000
66,Other Total Stockholders Equity,- -,- -,311936000,519314000,671586000,852002000,1179551000,1716034000,2312714000,3019210000,4637172000
67,Total Stockholders Equity,-8514000,-12691000,306198000,519748000,672139000,939315000,1340046000,1876094000,2556177000,3245141000,4784579000
68,Total Liabilities And Stockholders Equity,307021000,311557000,519104000,906649000,1131646000,1492183000,2086165000,2755356000,3572350000,4665723000,6498049000
69,Minority Interest,76194000,108939000,35571000,26129000,21605000,22825000,25208000,32329000,66272000,285451000,283116000
70,Total Liabilities & Equity,383215000,420496000,554675000,932778000,1153251000,1515008000,2111373000,2787685000,3638622000,4951174000,6781165000
71,SEC Link,- -,- -,- -,- -,- -,- -,- -,https://www.sec.gov/Archives/edgar/data/1571283/000157128319000007/0001571283-19-000007-index.htm,- -,https://www.sec.gov/Archives/edgar/data/1571283/000157128321000010/0001571283-21-000010-index.htm,https://www.sec.gov/Archives/edgar/data/1571283/000157128322000006/0001571283-22-000006-index.htm
72,CASH FLOW STATEMENT, , , , , , , , , , , 
73,Net Income,-3752000,-4891000,- -,896000,1874000,25126000,40712000,46210000,61979000,76403000,128241000
74,Depreciation and Amortization,9668000,13215000,- -,28608000,41837000,51407000,64852000,80042000,90984000,104736000,135826000
75,Deferred Income Tax,- -,- -,- -,- -,- -,- -,- -,- -,- -,- -,- -
76,Stock Based Compensation,- -,- -,- -,1042000,1752000,3835000,5398000,10147000,10756000,12871000,19506000
77,Change in Working Capital,-1554000,-38589000,- -,-10975000,-16390000,17583000,-7522000,165069000,-109080000,91871000,-6960000
78,Accounts Receivable,25000,58000,- -,-883000,-1228000,-988000,-2007000,-2347000,-875000,-4030000,-745000
79,Inventory,- -,- -,- -,- -,- -,- -,- -,- -,- -,- -,- -
80,Accounts Payable,133000,663000,- -,1227000,1806000,1667000,4203000,651000,- -,4825000,11895000
81,Other Working Capital,61585000,22996000,- -,12021000,-4369000,13214000,5692000,170761000,61681000,153552000,-18529000
82,Other Non-Cash Items,-7711000,31345000,- -,4933000,11435000,-41519000,-26790000,-198693000,84875000,-102887000,-45150000
83,Cash Provided by Operating Activities,-3349000,1080000,- -,24504000,40508000,56432000,76650000,102775000,139514000,182994000,231463000
84,CAPEX,-1321000,-4620000,- -,-13959000,-22181000,-31928000,-42313000,-57951000,-911047000,-78765000,-102475000
85,Acquisitions Net,- -,- -,- -,- -,- -,- -,- -,- -,- -,- -,- -
86,Purchases of Investments,- -,- -,- -,- -,- -,- -,- -,- -,- -,- -,- -
87,Sales/Maturities of Investments,- -,- -,- -,- -,- -,- -,- -,- -,- -,- -,- -
88,Other Investing Activites,-42303000,-23778000,- -,-380581000,-236774000,-361214000,-606900000,-507213000,-61695000,-987523000,-1912767000
89,Cash Used for Investing Activites,-42303000,-23778000,- -,-380581000,-236774000,-361214000,-606900000,-507213000,-972742000,-987523000,-1912767000
90,Debt Repayment,-24757000,-4479000,- -,-147241000,-226712000,-179223000,-443011000,-311541000,-35158000,-175671000,-1095280000
91,Common Stock Issued,- -,- -,- -,221773000,175833000,183386000,330900000,556520000,638900000,734096000,1626091000
92,Common Stock Repurchased,- -,- -,- -,-98000,-327000,-747000,-1693000,-594000,-854000,-1278000,-91428000
93,Dividends Paid,-816000,-2842000,- -,-18372000,-27137000,-36036000,-46808000,-65468000,-89494000,-119711000,-151606000
94,Other Financing Activites,77142000,52590000,- -,299624000,271204000,347726000,682207000,399252000,218090000,465759000,1260002000
95,Cash Used/Provided by Financing Activities,51569000,45269000,- -,355686000,192861000,315106000,521595000,578169000,731484000,903195000,1547779000
96,Effect of Forex Changes on Cash,- -,- -,- -,- -,- -,- -,- -,- -,- -,- -,- -
97,Net Change In Cash,5917000,22571000,- -,-391000,-3405000,10324000,-8655000,173731000,-101744000,98666000,-133525000
98,Cash at the End of Period,20928000,43499000,- -,8606000,5201000,15525000,6870000,180601000,78857000,177523000,43998000
99,Cash at the Beginning of Period,15011000,20928000,- -,8997000,8606000,5201000,15525000,6870000,180601000,78857000,177523000
100,Free Cash Flow,-4670000,-3540000,- -,10545000,18327000,24504000,34337000,44824000,92345000,104229000,128988000
101,SEC Link,- -,- -,undefined,- -,- -,- -,- -,https://www.sec.gov/Archives/edgar/data/1571283/000157128319000007/0001571283-19-000007-index.htm,- -,https://www.sec.gov/Archives/edgar/data/1571283/000157128321000010/0001571283-21-000010-index.htm,https://www.sec.gov/Archives/edgar/data/1571283/000157128322000006/0001571283-22-000006-index.htm
102,false,,,,,,,,,,,
