,https://roic.ai/company/SBNY,2001,2002,2003,2004,2005,2006,2007,2008,2009,2010,2011,2012,2013,2014,2015,2016,2017,2018,2019,2020
0,INCOME STATEMENT, , , , , , , , , , , , , , , , , , , , 
1,Revenue,2599000,8340000,37381000,89914000,117820000,143376000,21062000,239459000,298349000,387506000,501825000,586045000,680354000,836133000,1014205000,1189992000,1273627000,1322265000,1339541000,1594340000
2,COGS,- -,- -,- -,- -,- -,- -,- -,- -,- -,- -,- -,- -,- -,- -,- -,- -,- -,- -,- -,- -
3,Gross Profit,- -,- -,- -,- -,- -,- -,- -,- -,- -,- -,- -,- -,- -,- -,- -,- -,- -,- -,- -,- -
4,Gross Profit Ratio,- -,- -,- -,- -,- -,- -,- -,- -,- -,- -,- -,- -,- -,- -,- -,- -,- -,- -,- -,- -
5,Research and Development Exp.,- -,- -,- -,- -,- -,- -,- -,- -,- -,- -,- -,- -,- -,- -,- -,- -,- -,- -,- -,- -
6,General and Administrative Exp.,- -,- -,- -,34597000,52127000,49231000,59464000,110516000,135843000,150035000,166421000,200949000,227496000,270754000,305730000,337960000,390904000,438269000,471747000,551397000
7,Selling and Marketing Exp.,- -,- -,- -,1039000,- -,- -,- -,- -,- -,- -,- -,- -,- -,- -,- -,- -,- -,- -,- -,- -
8,"Selling, General and Administrative Exp.",- -,- -,- -,35636000,52127000,49231000,59464000,110516000,135843000,150035000,166421000,200949000,227496000,270754000,305730000,337960000,390904000,438269000,471747000,551397000
9,Other Expenses,- -,- -,- -,- -,- -,- -,- -,16543000,1322000,- -,- -,- -,- -,- -,- -,- -,- -,- -,- -,- -
10,Operating Expenses,- -,- -,- -,- -,- -,- -,- -,- -,- -,- -,- -,- -,- -,- -,- -,- -,- -,- -,- -,- -
11,COGS and Expenses,- -,- -,- -,- -,- -,- -,- -,- -,- -,- -,- -,- -,- -,- -,- -,- -,- -,- -,- -,- -
12,Interest Income ,6344000,27394000,48344000,87206000,157536000,239657000,301605000,323464000,386135000,466530000,580516000,660556000,755150000,924273000,1106948000,1317151000,1470169000,1708920000,1911676000,1931646000
13,Interest Expense (Gain),1684000,6491000,10963000,20222000,58394000,117609000,154815000,128193000,123740000,121672000,120729000,110750000,106807000,123122000,129847000,169909000,232583000,409933000,600083000,412554000
14,Depreciation and Amortization,- -,- -,- -,19771000,18566000,14314000,11407000,4578000,5395000,5783000,6111000,6931000,8220000,8904000,9044000,10086000,12193000,14007000,20147000,20684000
15,EBITDA,-21137000,-5727000,13088000,68067000,109713000,189912000,210380000,204979000,233562000,303693000,394065000,444056000,506561000,643805000,766968000,837442000,820040000,1097403000,1407866000,1165430000
16,EBITDA ratio,-8.1327,-0.6867,0.3501,0.7570,0.9312,1.3246,9.9886,0.8560,0.7828,0.7837,0.7853,0.7577,0.7446,0.7700,0.7562,0.7037,0.6439,0.8299,1.0510,0.7310
17,Operating Income,- -,- -,-8346000,- -,32753000,57989000,- -,- -,- -,- -,- -,- -,391534000,- -,- -,- -,- -,- -,- -,- -
18,Operating Income ratio,- -,- -,-0.2233,- -,0.2780,0.4045,- -,- -,- -,- -,- -,- -,0.5755,- -,- -,- -,- -,- -,- -,- -
19,Total Other Income Expenses (Gains),- -,- -,11295000,- -,- -,- -,- -,- -,- -,- -,- -,- -,- -,- -,- -,- -,- -,- -,- -,- -
20,Income Before Tax,-22761000,-12016000,2949000,28074000,32753000,57989000,44158000,72208000,104427000,176238000,267225000,326375000,391534000,511779000,628077000,657447000,575264000,673463000,787636000,732192000
21,Income Before Tax Ratio,-8.7576,-1.4408,0.0789,0.3122,0.2780,0.4045,2.0966,0.3015,0.3500,0.4548,0.5325,0.5569,0.5755,0.6121,0.6193,0.5525,0.4517,0.5093,0.5880,0.4592
22,Income Tax expense (Gain),- -,-101000,-412000,-1724000,16884000,24629000,16879000,28849000,41701000,74187000,117699000,140892000,162790000,215075000,255012000,261123000,188055000,168121000,198710000,203833000
23,Net Income,-22821000,-12117000,2537000,29798000,15869000,33360000,27279000,43359000,62726000,102051000,149526000,185483000,228744000,296704000,373065000,396324000,387209000,505342000,588926000,528359000
24,Net Income ratio,-8.7807,-1.4529,0.0679,0.3314,0.1347,0.2327,1.2952,0.1811,0.2102,0.2634,0.2980,0.3165,0.3362,0.3549,0.3678,0.3330,0.3040,0.3822,0.4396,0.3314
25,EPS,-0.87,-0.46,0.10,1.16,0.54,1.13,0.92,1.37,1.32,2.49,3.43,3.98,4.84,6.05,7.35,7.42,7.17,9.27,10.92,10.00
26,EPS Diluted,-0.87,-0.46,0.10,1.15,0.53,1.12,0.91,0.35,1.30,2.46,3.37,3.91,4.76,5.95,7.27,7.37,7.12,9.23,10.87,9.96
27,Weighted Average Shares Outstanding,26210000,26210000,26210000,25687931,29387037,29522124,29651087,31390000,38306000,40923000,43622000,46633000,47267000,49066000,50739000,53406000,54001000,54406000,53774000,52641000
28,Weighted Average Shares Outstanding Diluted,26210000,26210000,26210000,25911304,29941509,29785714,29976923,31768000,38863846,41484146,44418000,47386000,48029000,49870000,51302000,53811000,54418000,54666000,54011000,52899000
29,SEC Link,- -,- -,- -,- -,- -,- -,- -,- -,- -,- -,- -,- -,- -,- -,- -,- -,- -,- -,- -,- -
30,BALANCE SHEET, , , , , , , , , , , , , , , , , , , , 
31,Cash and Cash Equivalents,- -,- -,- -,69830000,80558000,150227000,239029000,111927000,95746000,46299000,40154000,93965000,143977000,299078000,341546000,538951000,335466000,317255000,789832000,12348331000
32,Short-Term Investments,- -,- -,- -,- -,- -,- -,- -,4330000,12603000,- -,- -,6130356000,5632233000,6073459000,6240761000,6335347000,6953719000,7301604000,7143864000,8890417000
33,Cash and Short-Term Investments,- -,- -,- -,69830000,80558000,150227000,239029000,116257000,108349000,46299000,40154000,6224321000,5776210000,6372537000,6582307000,6874298000,7289185000,7618859000,7933696000,21238748000
34,Net Receivables,- -,- -,- -,12802000,20817000,29338000,32796000,36326000,43193000,53211000,60533000,64367000,71668000,79687000,94006000,102963000,117070000,141829000,147527000,277801000
35,Inventory,- -,- -,- -,- -,- -,- -,- -,- -,- -,- -,- -,- -,- -,- -,- -,- -,- -,- -,- -,- -
36,Other Current Assets,- -,- -,- -,- -,- -,- -,- -,- -,- -,- -,- -,- -,- -,- -,- -,- -,- -,- -,- -,- -
37,Total Current Assets,- -,- -,- -,- -,- -,- -,- -,- -,- -,- -,- -,- -,- -,- -,- -,- -,- -,- -,- -,- -
38,PP&E,- -,- -,- -,14186000,17785000,22221000,27107000,33221000,31802000,29385000,30574000,32192000,36331000,40996000,44161000,50698000,61571000,59051000,283997000,317681000
39,Goodwill,- -,- -,- -,- -,- -,- -,- -,- -,- -,- -,- -,- -,- -,- -,- -,- -,- -,- -,- -,- -
40,Intangible Assets,- -,- -,- -,- -,- -,- -,- -,- -,- -,- -,- -,- -,- -,- -,- -,- -,- -,- -,- -,- -
41,Intangible Assets,- -,- -,- -,- -,- -,- -,- -,- -,- -,- -,- -,- -,- -,- -,- -,- -,- -,- -,- -,- -
42,Investments,- -,672399000,1326930000,2528953000,2975951000,3356927000,3145152000,3146920000,4146170000,5697182000,7068899000,6870191000,7808077000,8282010000,8373905000,8373472000,8950095000,9185137000,9245834000,11173247000
43,Tax Assets,- -,- -,- -,- -,- -,- -,- -,- -,- -,- -,- -,- -,- -,- -,- -,- -,- -,- -,- -,- -
44,Other Non-Current Assets,- -,- -,- -,- -,- -,- -,- -,- -,- -,- -,- -,- -,- -,- -,- -,- -,- -,- -,- -,- -
45,Total Non-Current Assets,- -,- -,- -,- -,- -,- -,- -,- -,- -,- -,- -,- -,- -,- -,- -,- -,- -,- -,- -,- -
46,Other Assets,- -,1088812000,1935984000,3356356000,4384938000,5399425000,5845172000,7192199000,9146112000,11673089000,14666120000,17456057000,22376663000,27318640000,33450545000,39047611000,43117720000,47364816000,50616434000,73888344000
47,Total Assets,- -,1088812000,1935984000,3356356000,4384938000,5399425000,5845172000,7192199000,9146112000,11673089000,14666120000,17456057000,22376663000,27318640000,33450545000,39047611000,43117720000,47364816000,50616434000,73888344000
48,Accounts Payable,- -,- -,- -,- -,- -,- -,- -,- -,- -,- -,- -,- -,- -,- -,- -,- -,- -,- -,- -,- -
49,Short-Term Debt,- -,- -,- -,265000000,20000000,6687000,9932000,4900000,6900000,6200000,- -,- -,- -,- -,- -,- -,- -,- -,- -,- -
50,Tax Payable,- -,- -,- -,- -,- -,- -,- -,- -,- -,- -,- -,- -,- -,- -,- -,- -,- -,- -,- -,- -
51,Deferred Revenue,- -,- -,- -,- -,- -,- -,- -,- -,- -,- -,- -,- -,- -,- -,- -,- -,- -,- -,- -,- -
52,Other Current Liabilities,- -,- -,- -,- -,- -,- -,- -,- -,- -,- -,- -,- -,- -,- -,- -,- -,- -,- -,- -,- -
53,Total Current Liabilities,- -,- -,- -,265000000,20000000,6687000,9932000,4900000,6900000,6200000,- -,- -,- -,- -,- -,- -,- -,- -,- -,- -
54,Long-Term Debt,- -,- -,- -,20000000,220000000,260000000,195000000,260000000,305000000,558000000,675000000,590000000,2305313000,1335163000,2720163000,2307488000,4452381000,5228174000,4840850000,3933187000
55,Deferred Revenue,- -,- -,- -,- -,- -,- -,- -,- -,- -,- -,- -,- -,- -,- -,- -,- -,- -,- -,- -,- -
56,Deferred Tax Liabilities,- -,- -,- -,- -,- -,- -,- -,- -,- -,- -,- -,- -,- -,- -,- -,- -,- -,- -,- -,- -
57,Other Non-Current Liabilities,- -,- -,- -,- -,- -,- -,- -,- -,- -,- -,- -,- -,- -,- -,- -,- -,- -,- -,- -,- -
58,Total Non-Current Liabilities,- -,- -,- -,20000000,220000000,260000000,195000000,260000000,305000000,558000000,675000000,590000000,2305313000,1335163000,2720163000,2307488000,4452381000,5228174000,4840850000,3933187000
59,Other Liabilities,- -,992839000,1782211000,2772437000,4233956000,5260140000,5604484000,6749164000,8640553000,11280342000,13933004000,16395730000,22882037000,26157565000,33278874000,37742835000,43538410000,48185850000,50687461000,71994622000
60,Capital Lease Obligations,- -,- -,- -,- -,- -,- -,- -,- -,- -,- -,- -,- -,- -,- -,- -,- -,- -,- -,242587000,265354000
61,Total Liabilities,- -,992839000,1782211000,3017437000,4033956000,5006827000,5419416000,6494064000,8342453000,10728542000,13258004000,15805730000,20576724000,24822402000,30558711000,35435347000,39086029000,42957676000,45846611000,68061435000
62,Preferred Stock,- -,- -,- -,- -,- -,- -,- -,109314000,- -,- -,- -,- -,- -,- -,- -,- -,- -,- -,- -,7000
63,Common Stock,- -,- -,- -,293000,294000,296000,297000,352000,406000,413000,462000,472000,473000,503000,509000,546000,550000,554000,554000,555000
64,Retained Earnings,- -,- -,- -,-3066000,12803000,46163000,73442000,116707000,171464000,273511000,423032000,608511000,837250000,1133950000,1507011000,1903332000,2290537000,2730899000,3196898000,3548260000
65,Other Comprehensive Income/Loss,- -,- -,- -,-6861000,-23732000,-20576000,-18122000,-62696000,-36652000,-18412000,29789000,43827000,-51684000,13124000,-9503000,-54714000,-68867000,-144529000,-65630000,-72896000
66,Other Total Stockholders Equity,- -,- -,- -,348553000,361617000,366715000,370139000,534458000,668441000,689035000,954833000,997517000,1013900000,1348661000,1393817000,1763100000,1809471000,1820216000,1638001000,2350983000
67,Total Stockholders Equity,- -,95973000,153773000,338919000,350982000,392598000,425756000,698135000,803659000,944547000,1408116000,1650327000,1799939000,2496238000,2891834000,3612264000,4031691000,4407140000,4769823000,5826909000
68,Total Liabilities And Stockholders Equity,- -,1088812000,1935984000,3356356000,4384938000,5399425000,5845172000,7192199000,9146112000,11673089000,14666120000,17456057000,22376663000,27318640000,33450545000,39047611000,43117720000,47364816000,50616434000,73888344000
69,Minority Interest,- -,- -,- -,- -,- -,- -,- -,- -,- -,- -,- -,- -,- -,- -,- -,- -,- -,- -,- -,- -
70,Total Liabilities & Equity,- -,1088812000,1935984000,3356356000,4384938000,5399425000,5845172000,7192199000,9146112000,11673089000,14666120000,17456057000,22376663000,27318640000,33450545000,39047611000,43117720000,47364816000,50616434000,73888344000
71,SEC Link,undefined,- -,- -,- -,- -,- -,- -,- -,- -,- -,- -,- -,- -,- -,- -,- -,- -,- -,- -,- -
72,CASH FLOW STATEMENT, , , , , , , , , , , , , , , , , , , , 
73,Net Income,- -,- -,- -,29798000,15869000,33360000,27279000,43359000,62726000,102051000,149526000,185483000,228744000,296704000,373065000,396324000,387209000,505342000,588926000,528359000
74,Depreciation and Amortization,- -,- -,- -,19771000,18566000,14314000,11407000,4578000,5395000,5783000,6111000,6931000,8220000,8904000,9044000,10086000,12193000,14007000,20147000,20684000
75,Deferred Income Tax,- -,- -,- -,- -,-836000,-2941000,-11825000,- -,- -,-13089000,-11132000,-9057000,7517000,36600000,1326000,8712000,72227000,1379000,691000,-117128000
76,Stock Based Compensation,- -,- -,- -,- -,- -,- -,- -,- -,5455000,9332000,8496000,17609000,15565000,27690000,34674000,41656000,46375000,52566000,55358000,54994000
77,Change in Working Capital,- -,- -,- -,19431000,-85969000,14148000,-88588000,9571000,26725000,-114838000,-33614000,4188000,1611000,104000,-3425000,69266000,-190934000,7822000,-118737000,16816000
78,Accounts Receivable,- -,- -,- -,- -,- -,- -,- -,- -,- -,-9589000,-7322000,-3834000,-7301000,-8019000,-14319000,-8957000,-14107000,-24759000,- -,- -
79,Inventory,- -,- -,- -,- -,- -,- -,- -,- -,- -,- -,- -,- -,- -,- -,- -,- -,- -,- -,- -,- -
80,Accounts Payable,- -,- -,- -,- -,- -,- -,- -,- -,- -,- -,- -,- -,- -,- -,- -,- -,- -,- -,- -,- -
81,Other Working Capital,- -,- -,- -,- -,- -,- -,-113256000,- -,- -,- -,- -,- -,- -,- -,- -,- -,- -,- -,- -,- -
82,Other Non-Cash Items,- -,- -,- -,-8246000,-25417000,11748000,38918000,285000,-98771000,58999000,49801000,175792000,-59151000,50872000,148637000,13182000,163906000,70447000,232039000,400638000
83,Cash Provided by Operating Activities,- -,- -,- -,60754000,-77787000,70629000,-22809000,57793000,1530000,48238000,169188000,380946000,202506000,420874000,563321000,539226000,490976000,651563000,778424000,904363000
84,CAPEX,- -,- -,- -,-4826000,-5627000,-7370000,-8820000,-10692000,-3976000,-3366000,-7300000,-8549000,-12359000,-13569000,-12209000,-16623000,-23066000,-11487000,-32937000,-35042000
85,Acquisitions Net,- -,- -,- -,- -,- -,- -,- -,- -,- -,- -,- -,- -,- -,- -,- -,- -,- -,- -,- -,- -
86,Purchases of Investments,- -,- -,- -,-2121337000,-1905003000,-1320530000,-1463196000,-1470803000,-2231593000,-3747032000,-2958643000,-1941900000,-2935313000,-1619537000,-1514310000,-1804037000,-1836495000,-1571835000,-1632935000,-5432732000
87,Sales/Maturities of Investments,- -,- -,- -,902656000,1415198000,1250986000,874779000,1375234000,1360940000,2114059000,1665638000,2053572000,1876712000,1111365000,1370435000,1765514000,1467916000,1273922000,1683447000,3308710000
88,Other Investing Activites,- -,- -,- -,-198292000,-440687000,-580201000,-6546000,-1453101000,-935633000,-917195000,-1648885000,-2943053000,-3842106000,-4294157000,-6015901000,-5364442000,-3950307000,-3979734000,-2651931000,-9719495000
89,Cash Used for Investing Activites,- -,- -,- -,-1416973000,-930492000,-649745000,-594963000,-1559362000,-1810262000,-2553534000,-2949190000,-2839930000,-4913066000,-4815898000,-6171985000,-5419588000,-4341952000,-4289134000,-2634356000,-11878559000
90,Debt Repayment,- -,- -,- -,- -,- -,- -,- -,-10000000,-145000000,-227000000,-150000000,-205000000,-890000000,-2160150000,-845000000,-2386263000,-2333900000,-3610000000,-4445000000,-3420000000
91,Common Stock Issued,- -,- -,- -,- -,- -,- -,1517000,149629000,128677000,5617000,255233000,9246000,994000,296034000,343000,318786000,- -,- -,- -,- -
92,Common Stock Repurchased,- -,- -,- -,- -,- -,- -,- -,- -,-120095000,- -,- -,- -,- -,- -,- -,- -,- -,- -,- -,- -
93,Dividends Paid,- -,- -,- -,- -,- -,- -,- -,- -,-1817000,- -,- -,- -,- -,- -,- -,- -,- -,-62005000,-122777000,-120078000
94,Other Financing Activites,- -,- -,- -,1375399000,1019428000,963728000,384463000,1239168000,1939059000,2664629000,2668624000,2708549000,5649578000,6414241000,6495789000,7145244000,5981391000,7291365000,6896286000,26072776000
95,Cash Used/Provided by Financing Activities,- -,- -,- -,1375399000,1019428000,963728000,385980000,1378797000,1800824000,2443246000,2773857000,2512795000,4760572000,4550125000,5651132000,5077767000,3647491000,3619360000,2328509000,22532698000
96,Effect of Forex Changes on Cash,- -,- -,- -,- -,- -,- -,- -,- -,- -,- -,- -,- -,- -,- -,- -,- -,- -,- -,- -,- -
97,Net Change In Cash,- -,- -,- -,19180000,11149000,384612000,-231792000,-122772000,-7908000,-62050000,-6145000,53811000,50012000,155101000,42468000,197405000,-203485000,-18211000,472577000,11558499000
98,Cash at the End of Period,- -,- -,- -,75060000,86209000,470821000,239029000,116257000,108349000,46299000,40154000,93965000,143977000,299078000,341546000,538951000,335466000,317255000,789832000,12348331000
99,Cash at the Beginning of Period,- -,- -,- -,55880000,75060000,86209000,470821000,239029000,116257000,108349000,46299000,40154000,93965000,143977000,299078000,341546000,538951000,335466000,317255000,789832000
100,Free Cash Flow,- -,- -,- -,55928000,-83414000,63259000,-31629000,47101000,-2446000,44872000,161888000,372397000,190147000,407305000,551112000,522603000,467910000,640076000,745487000,869321000
101,SEC Link,undefined,undefined,undefined,- -,- -,- -,- -,- -,- -,- -,- -,- -,- -,- -,- -,- -,- -,- -,- -,- -
102,false,,,,,,,,,,,,,,,,,,,,
