,https://roic.ai/company/SPLP-PA,2010,2011,2012,2013,2014,2015,2016,2017,2018,2019,2020,2021
0,INCOME STATEMENT, , , , , , , , , , , , 
1,Revenue,406395000,715890000,761454000,805174000,849530000,998037000,1163549000,1372027000,1584614000,1561771000,1561771,- -
2,COGS,279472000,513741000,515642000,557072000,587884000,671497000,818171000,963175000,1120266000,1068520000,1052241,- -
3,Gross Profit,126923000,202149000,245812000,248102000,261646000,326540000,345378000,408852000,464348000,493251000,509530,513110000
4,Gross Profit Ratio,0.3123,0.2824,0.3228,0.3081,0.3080,0.3272,0.2968,0.2980,0.2930,0.3158,0.3263,Infinity
5,Research and Development Exp.,- -,- -,- -,- -,- -,- -,- -,- -,- -,- -,- -,- -
6,General and Administrative Exp.,89875000,- -,178289000,216092000,189495000,- -,282298000,- -,- -,- -,- -,- -
7,Selling and Marketing Exp.,- -,- -,- -,- -,- -,- -,- -,- -,- -,- -,- -,- -
8,"Selling, General and Administrative Exp.",89875000,- -,178289000,216092000,189495000,- -,282298000,- -,- -,- -,- -,- -
9,Other Expenses,7111000,136843000,7009000,-80000,-50000,230149000,774000,343358000,371852000,400176000,505677,- -
10,Operating Expenses,96986000,136843000,185298000,216012000,189445000,230149000,283072000,343358000,371852000,400176000,505677,- -
11,COGS and Expenses,376458000,650584000,700940000,773084000,777329000,901646000,1101243000,1306533000,1492118000,1468696000,1534010,- -
12,Interest Income ,- -,- -,- -,- -,- -,- -,- -,- -,- -,- -,- -,- -
13,Interest Expense (Gain),12123000,13995000,13429000,5786000,11073000,8862000,11052000,22804000,39234000,41409000,-16279,- -
14,Depreciation and Amortization,13427000,23983000,28962000,35351000,38438000,48560000,70546000,71936000,80323000,72266000,65333,60521000
15,EBITDA,59819000,9482000,101056000,70841000,66244000,115438000,112180000,146023000,99512000,133490000,68772,- -
16,EBITDA ratio,0.1472,0.0132,0.1327,0.0880,0.0780,0.1157,0.0964,0.1064,0.0628,0.0855,0.0440,- -
17,Operating Income,37807000,65306000,72723000,32192000,28979000,97791000,65675000,70179000,92496000,93075000,3853,132440
18,Operating Income ratio,0.0930,0.0912,0.0955,0.0400,0.0341,0.0980,0.0564,0.0511,0.0584,0.0596,0.0025,Infinity
19,Total Other Income Expenses (Gains),-25157000,-48734000,-26588000,-5289000,-3706000,-74422000,-43237000,-29756000,-101918000,-65314000,23908,14141000
20,Income Before Tax,12650000,16572000,46135000,26903000,25273000,23369000,22438000,40423000,-9422000,27761000,27761,- -
21,Income Before Tax Ratio,0.0311,0.0231,0.0606,0.0334,0.0297,0.0234,0.0193,0.0295,-0.0059,0.0178,0.0178,- -
22,Income Tax expense (Gain),2522000,-63965000,17647000,10244000,24288000,-78719000,23952000,51299000,12559000,15865000,15865,- -
23,Net Income,31747000,35469000,41018000,19460000,-7555000,136735000,6630000,-16000,-32604000,3950000,3853,131408000
24,Net Income ratio,0.0781,0.0495,0.0539,0.0242,-0.0089,0.1370,0.0057,-0.0000,-0.0206,0.0025,0.0025,Infinity
25,EPS,1.98,2.21,2.56,1.21,-0.47,8.52,0.41,-0.00,-2.03,0.25,0.00,0.01
26,EPS Diluted,1.98,2.21,2.56,1.21,-0.47,8.52,0.41,-0.00,-2.03,0.25,0.00,0.01
27,Weighted Average Shares Outstanding,16042399,16042399,16042399,16042399,16042399,16042399,16042399,16042399,16042399,16042399,16042399,16042399
28,Weighted Average Shares Outstanding Diluted,16042399,16042399,16042399,16042399,16042399,16042399,16042399,16042399,16042399,16042399,16042399,16042399
29,SEC Link,- -,- -,- -,- -,- -,- -,- -,- -,- -,- -,https://www.sec.gov/Archives/edgar/data/1452857/000145285721000010/0001452857-21-000010-index.htm,https://www.sec.gov/Archives/edgar/data/1452857/000145285722000012/0001452857-22-000012-index.htm
30,BALANCE SHEET, , , , , , , , , , , , 
31,Cash and Cash Equivalents,- -,127027000,198027000,203980000,188983000,185852000,450128000,418755000,334884000,148348000,135788,325363
32,Short-Term Investments,- -,- -,199128000,178485000,138457000,80842000,53650000,58313000,1439000,220000,106,- -
33,Cash and Short-Term Investments,- -,127027000,397155000,382465000,327440000,266694000,503778000,477068000,336323000,148568000,135894,325363
34,Net Receivables,- -,125175000,88196000,104698000,88939000,121332000,173779000,234311000,363715000,188410000,164106,527817000
35,Inventory,- -,53776000,53155000,66639000,64084000,102267000,119205000,142635000,158850000,167833000,137086,- -
36,Other Current Assets,- -,95284000,142246000,94148000,183959000,229181000,118749000,174548000,233403000,585390000,366217,755959637
37,Total Current Assets,- -,401262000,680752000,647950000,664422000,719474000,915511000,1028562000,1092291000,1090201000,803303,1284102000
38,PP&E,- -,127842000,186158000,211150000,184314000,255402000,261412000,271991000,297467000,262277000,258707,- -
39,Goodwill,- -,42797000,63622000,106768000,45951000,101853000,167423000,170115000,183945000,149626000,150852,- -
40,Intangible Assets,- -,135341000,130345000,134217000,118550000,138963000,227212000,199317000,183541000,158593000,138581,- -
41,Intangible Assets,- -,178138000,193967000,240985000,164501000,240816000,394635000,369432000,367486000,308219000,289433,267848000
42,Investments,- -,320891000,199865000,295440000,311951000,167214000,120066000,236144000,258044000,220000,291297,- -
43,Tax Assets,- -,70625000,77101000,33096000,45669000,212894000,182605000,109011000,96040000,- -,66553,- -
44,Other Non-Current Assets,- -,31085000,40516000,92969000,122048000,88973000,92886000,148900000,244731000,- -,2225085,1123279000
45,Total Non-Current Assets,- -,728581000,697607000,873640000,828483000,965299000,1051604000,1135478000,1263768000,570716000,3131075,1391127000
46,Other Assets,- -,- -,- -,- -,- -,- -,- -,- -,- -,- -,- -,4066356000
47,Total Assets,- -,1129843000,1378359000,1521590000,1492905000,1684773000,1967115000,2164040000,2356059000,1660917000,3934378,2675229000
48,Accounts Payable,- -,37843000,39024000,39273000,34686000,59992000,89308000,105221000,106261000,99844000,100759,123282000
49,Short-Term Debt,- -,32699000,14149000,26683000,20194000,3445000,64313000,2083000,3893000,3197000,397,1171000
50,Tax Payable,- -,- -,- -,- -,- -,- -,- -,- -,- -,- -,- -,- -
51,Deferred Revenue,- -,- -,- -,- -,- -,- -,- -,- -,- -,- -,- -,- -
52,Other Current Liabilities,- -,128295000,126378000,169099000,175374000,257812000,312145000,407569000,559763000,832780000,415845,590559000
53,Total Current Liabilities,- -,198837000,179551000,235055000,230254000,321249000,465766000,514873000,669917000,935821000,517001,715012000
54,Long-Term Debt,- -,130955000,140065000,223355000,296282000,235913000,330126000,412584000,478096000,14208000,323392,631324000
55,Deferred Revenue,- -,- -,- -,- -,- -,- -,- -,- -,- -,- -,- -,- -
56,Deferred Tax Liabilities,- -,6231000,5736000,3218000,5301000,4759000,3729000,3007000,2225000,- -,- -,13674000
57,Other Non-Current Liabilities,- -,313400000,276260000,187302000,296962000,382490000,463236000,666540000,686449000,14556000,2554763,646171000
58,Total Non-Current Liabilities,- -,450586000,422061000,413875000,598545000,623162000,797091000,1082131000,1166770000,28764000,2878155,1291169000
59,Other Liabilities,- -,- -,- -,- -,- -,- -,- -,- -,- -,948878000,- -,- -
60,Capital Lease Obligations,- -,- -,- -,- -,- -,- -,- -,- -,- -,31262000,21845000,- -
61,Total Liabilities,- -,649423000,601612000,648930000,828799000,944411000,1262857000,1597004000,1836687000,1855935000,3395156,2675229
62,Preferred Stock,- -,- -,- -,- -,- -,- -,- -,- -,- -,- -,- -,- -
63,Common Stock,- -,- -,- -,- -,- -,- -,- -,- -,- -,- -,- -,- -
64,Retained Earnings,- -,- -,- -,- -,- -,- -,- -,- -,- -,- -,- -,- -
65,Other Comprehensive Income/Loss,- -,-11737000,-17862000,41584000,2805000,-54268000,-68761000,-106167000,-177244000,-191422000,-172649,-131803000
66,Other Total Stockholders Equity,- -,- -,- -,- -,- -,- -,- -,- -,- -,191422000,711871,- -
67,Total Stockholders Equity,- -,- -,- -,- -,- -,- -,- -,- -,- -,- -,- -,- -
68,Total Liabilities And Stockholders Equity,- -,1129843000,1378359000,1521590000,1492905000,1684773000,1967115000,2164040000,2356059000,2332354000,3934378,2675229
69,Minority Interest,- -,- -,- -,- -,- -,- -,- -,- -,- -,-671437000,- -,2672553771
70,Total Liabilities & Equity,- -,1129843000,1378359000,1521590000,1492905000,1684773000,1967115000,2164040000,2356059000,1660917000,3934378,2675229000
71,SEC Link,undefined,- -,- -,- -,- -,- -,- -,- -,- -,- -,https://www.sec.gov/Archives/edgar/data/1452857/000145285721000010/0001452857-21-000010-index.htm,https://www.sec.gov/Archives/edgar/data/1452857/000145285722000012/0001452857-22-000012-index.htm
72,CASH FLOW STATEMENT, , , , , , , , , , , , 
73,Net Income,31747000,35469000,41018000,19460000,-7555000,136735000,6630000,-16000,-32604000,3950000,3853,131408000
74,Depreciation and Amortization,13427000,23983000,28962000,35351000,38438000,48560000,70546000,71936000,80323000,72266000,65333,60521000
75,Deferred Income Tax,46000,-66886000,10466000,-1516000,12244000,-103622000,11732000,38330000,4417000,13038000,22058,- -
76,Stock Based Compensation,528000,4509000,7452000,34282000,8470000,9203000,3844000,11477000,644000,779000,887,- -
77,Change in Working Capital,31900000,199656000,298776000,-88306000,21273000,-35943000,51520000,63944000,-91315000,-267994000,-154093698,- -
78,Accounts Receivable,27400000,- -,18684000,4889000,-3268000,17167000,-11747000,-22842000,-19625000,20694000,8725,- -
79,Inventory,8194000,-23000,932000,2324000,-4697000,12534000,7676000,-21683000,-7415000,-9491000,12220,-48344000
80,Accounts Payable,-6779000,- -,-12895000,-20255000,-21172000,-23504000,4085000,-34740000,-2582000,-30706000,- -,8511000
81,Other Working Capital,2769000,202425000,501201000,412895000,434168000,398225000,449745000,513689000,422374000,154380000,286302,- -
82,Other Non-Cash Items,-30987000,-191243000,-321176000,95681000,5163000,-70686000,50648000,-201441000,91286000,289704000,154312802,-191929000
83,Cash Provided by Operating Activities,46661000,5488000,65498000,94952000,78033000,-15753000,194920000,-15770000,52751000,111743000,311235,- -
84,CAPEX,-7296000,-22137000,-36256000,-25367000,-28769000,-23252000,-34183000,-54737000,-47085000,-43024000,-23226,- -
85,Acquisitions Net,-63694000,-35751000,7861000,-167463000,-2160000,-123742000,-202577000,-37008000,-62683000,-45559000,-3500,- -
86,Purchases of Investments,-364699000,-210531000,-216476000,-239892000,-134984000,-43679000,-27503000,-56160000,-149505000,-105426000,-14365,-50074000
87,Sales/Maturities of Investments,501067000,47071000,263334000,251036000,124589000,86927000,89144000,29470000,90136000,123625000,- -,36583000
88,Other Investing Activites,52847000,140286000,35768000,10757000,-21734000,168285000,14617000,-54182000,-197292000,-204581000,-1857950,1583041000
89,Cash Used for Investing Activites,118225000,-81062000,54231000,-170929000,-63058000,64539000,-160502000,-172617000,-366429000,-274965000,-1899041,1517224000
90,Debt Repayment,-116323000,-46366000,-108045000,-41998000,-182426000,-104887000,-8614000,-48972000,-604000,-72016000,- -,-1936310000
91,Common Stock Issued,- -,- -,- -,- -,- -,- -,- -,- -,- -,- -,- -,- -
92,Common Stock Repurchased,- -,- -,-2776000,-50250000,-137874000,-36271000,-28253000,-5188000,-21202000,-6721000,- -,- -
93,Dividends Paid,-49102000,-29868000,- -,- -,- -,- -,- -,-3923000,- -,- -,- -,- -
94,Other Financing Activites,66986000,98426000,61824000,174305000,290633000,89966000,267995000,213972000,248427000,42591000,1574128,466516000
95,Cash Used/Provided by Financing Activities,-98439000,22192000,-48997000,82057000,-29667000,-51192000,231128000,155889000,226621000,-36146000,1574128,- -
96,Effect of Forex Changes on Cash,-10000,-275000,268000,-127000,-305000,-725000,-1270000,1125000,-9000,398000,-1337,- -
97,Net Change In Cash,66437000,-53657000,71000000,5953000,-14997000,-3131000,264276000,-31373000,-87066000,-198970000,-2160,- -
98,Cash at the End of Period,180684000,127027000,198027000,203980000,188983000,185852000,450128000,418755000,347318000,148348000,135788,325363000
99,Cash at the Beginning of Period,114247000,180684000,127027000,198027000,203980000,188983000,185852000,450128000,434384000,347318000,137948,- -
100,Free Cash Flow,39365000,-16649000,29242000,69585000,49264000,-39005000,160737000,-70507000,5666000,68719000,288009,25445000
101,SEC Link,- -,- -,- -,- -,- -,- -,- -,- -,- -,- -,https://www.sec.gov/Archives/edgar/data/1452857/000145285721000010/0001452857-21-000010-index.htm,https://www.sec.gov/Archives/edgar/data/1452857/000145285722000012/0001452857-22-000012-index.htm
102,false,,,,,,,,,,,,
