,https://roic.ai/company/SVFD,2011,2012,2013,2014,2015,2016,2017,2018,2019,2020,2021
0,INCOME STATEMENT, , , , , , , , , , , 
1,Revenue,460089,351399,522104,- -,- -,- -,- -,426591,175823,232274,438141
2,COGS,- -,- -,- -,- -,- -,- -,- -,111091,144548,43405,135943
3,Gross Profit,460089,351399,522104,- -,- -,- -,- -,315500,31275,188869,302198
4,Gross Profit Ratio,1.0000,1.0000,1.0000,- -,- -,- -,- -,0.7396,0.1779,0.8131,0.6897
5,Research and Development Exp.,698300,689070,714240,- -,- -,- -,- -,357077,615623,-417000,-538684
6,General and Administrative Exp.,296997,294132,217865,- -,- -,- -,- -,317174,994165,-1070109,4266854
7,Selling and Marketing Exp.,- -,- -,- -,- -,- -,- -,- -,140727,342058,-51105,-200299
8,"Selling, General and Administrative Exp.",296997,294132,217865,- -,- -,- -,- -,457901,1336223,-1121214,4066555
9,Other Expenses,1983,923,667,- -,- -,- -,- -,19181,10734,- -,- -
10,Operating Expenses,997280,984125,932772,- -,- -,- -,- -,834159,1962580,-1538214,3527871
11,COGS and Expenses,997280,984125,932772,- -,- -,- -,- -,945250,2107128,1581619,3663814
12,Interest Income ,- -,- -,- -,- -,- -,- -,- -,- -,- -,- -,- -
13,Interest Expense (Gain),69675,- -,- -,- -,- -,- -,- -,- -,- -,- -,- -
14,Depreciation and Amortization,8693,7368,8442,- -,- -,- -,- -,75591,27351,45205,57195
15,EBITDA,-528498,-688374,-460370,- -,- -,- -,- -,-281302,-1944066,-1561375,-4763385
16,EBITDA ratio,-1.1487,-1.9590,-0.8818,- -,- -,- -,- -,-0.6594,-11.0569,-6.7221,-10.8718
17,Operating Income,-537191,-632726,-410668,- -,- -,- -,- -,-518659,-1931305,-1349345,-3225673
18,Operating Income ratio,-1.1676,-1.8006,-0.7866,- -,- -,- -,- -,-1.2158,-10.9844,-5.8093,-7.3622
19,Total Other Income Expenses (Gains),- -,-63016,-58144,- -,- -,- -,- -,73674,-59098,-257235,-1594907
20,Income Before Tax,- -,-695742,-468812,- -,- -,- -,- -,-444985,-1990403,-1606580,-4820580
21,Income Before Tax Ratio,- -,-1.9799,-0.8979,- -,- -,- -,- -,-1.0431,-11.3205,-6.9167,-11.0023
22,Income Tax expense (Gain),- -,- -,- -,- -,- -,- -,- -,- -,- -,- -,- -
23,Net Income,-606866,-695742,-468812,- -,- -,- -,- -,-356893,-1971417,-1606580,-4820580
24,Net Income ratio,-1.3190,-1.9799,-0.8979,- -,- -,- -,- -,-0.8366,-11.2125,-6.9167,-11.0023
25,EPS,-7.35,-8.40,-6.30,- -,- -,- -,- -,-0.35,-1.40,-1.05,-3.17
26,EPS Diluted,-7.35,-8.40,-6.30,- -,- -,- -,- -,-0.35,-1.40,-1.05,-3.17
27,Weighted Average Shares Outstanding,78956,81438,87527,- -,- -,- -,- -,952326,1423975,1518664,1518664
28,Weighted Average Shares Outstanding Diluted,78956,81438,87527,- -,- -,- -,- -,952326,1423975,1518664,1518664
29,SEC Link,- -,- -,- -,undefined,undefined,undefined,undefined,- -,- -,https://www.sec.gov/Archives/edgar/data/1789192/000149315221007020/0001493152-21-007020-index.htm,https://www.sec.gov/Archives/edgar/data/1789192/000149315222008526/0001493152-22-008526-index.htm
30,BALANCE SHEET, , , , , , , , , , , 
31,Cash and Cash Equivalents,22446,33484,13082,- -,- -,- -,- -,439806,290815,242900,6750938
32,Short-Term Investments,- -,- -,- -,- -,- -,- -,- -,- -,- -,- -,- -
33,Cash and Short-Term Investments,22446,33484,13082,- -,- -,- -,- -,439806,290815,242900,6750938
34,Net Receivables,186842,138040,190199,- -,- -,- -,- -,135297,64003,147941,172630
35,Inventory,- -,- -,- -,- -,- -,- -,- -,38085,16302,16356,22603
36,Other Current Assets,22487,29409,18128,- -,- -,- -,- -,63492,53494,87974,282926
37,Total Current Assets,231775,200933,221409,- -,- -,- -,- -,676680,424614,495171,7229097
38,PP&E,27559,25633,34553,- -,- -,- -,- -,85143,130101,69894,230557
39,Goodwill,- -,- -,- -,- -,- -,- -,- -,- -,- -,- -,- -
40,Intangible Assets,- -,- -,- -,- -,- -,- -,- -,- -,- -,- -,- -
41,Intangible Assets,- -,- -,- -,- -,- -,- -,- -,- -,- -,- -,- -
42,Investments,- -,- -,- -,- -,- -,- -,- -,- -,- -,- -,- -
43,Tax Assets,- -,- -,- -,- -,- -,- -,- -,- -,- -,- -,- -
44,Other Non-Current Assets,68015,86270,104695,- -,- -,- -,- -,97388,109955,122584,137625
45,Total Non-Current Assets,95574,111903,139248,- -,- -,- -,- -,182531,240056,192478,368182
46,Other Assets,- -,- -,- -,- -,- -,- -,- -,- -,- -,- -,- -
47,Total Assets,327349,312836,360657,- -,- -,- -,- -,859211,664670,687649,7597279
48,Accounts Payable,312546,353932,120145,- -,- -,- -,- -,196551,235864,203323,539360
49,Short-Term Debt,174356,187177,346578,- -,- -,- -,- -,23145,59323,- -,- -
50,Tax Payable,- -,- -,- -,- -,- -,- -,- -,- -,- -,- -,- -
51,Deferred Revenue,- -,- -,- -,- -,- -,- -,- -,- -,- -,- -,- -
52,Other Current Liabilities,- -,- -,534933,- -,- -,- -,- -,264002,328639,581910,391944
53,Total Current Liabilities,486902,541109,1001656,- -,- -,- -,- -,483698,623826,785233,931304
54,Long-Term Debt,- -,- -,- -,- -,- -,- -,- -,37926,300872,- -,87287
55,Deferred Revenue,- -,- -,- -,- -,- -,- -,- -,- -,- -,- -,- -
56,Deferred Tax Liabilities,- -,- -,- -,- -,- -,- -,- -,- -,- -,- -,- -
57,Other Non-Current Liabilities,73454,657929,105709,- -,- -,- -,- -,126072,142091,367869,166077
58,Total Non-Current Liabilities,73454,657929,105709,- -,- -,- -,- -,163998,442963,367869,253364
59,Other Liabilities,- -,- -,- -,- -,- -,- -,- -,- -,- -,- -,- -
60,Capital Lease Obligations,- -,- -,- -,- -,- -,- -,- -,- -,52093,15049,- -
61,Total Liabilities,560356,1199038,1107365,- -,- -,- -,- -,647696,1066789,1153102,1184668
62,Preferred Stock,- -,- -,- -,- -,- -,- -,- -,- -,- -,- -,- -
63,Common Stock,85410,85535,93360,- -,- -,- -,- -,923,1021,161,281
64,Retained Earnings,-4311675,-5007417,-5562047,- -,- -,- -,- -,-8713091,-10684508,- -,-17098227
65,Other Comprehensive Income/Loss,-61768,-65015,-87522,- -,- -,- -,- -,-26275,-26275,- -,- -
66,Other Total Stockholders Equity,4055026,4100695,4809501,- -,- -,- -,- -,8956670,10328696,-436337,23510557
67,Total Stockholders Equity,-233007,-886202,-746708,- -,- -,- -,- -,218227,-381066,-436176,6412611
68,Total Liabilities And Stockholders Equity,327349,312836,360657,- -,- -,- -,- -,865923,685723,716926,7597279
69,Minority Interest,- -,- -,- -,- -,- -,- -,- -,-6712,-21053,-29277,- -
70,Total Liabilities & Equity,327349,312836,360657,- -,- -,- -,- -,859211,664670,687649,7597279
71,SEC Link,- -,- -,- -,undefined,undefined,undefined,undefined,- -,- -,https://www.sec.gov/Archives/edgar/data/1789192/000149315221007020/0001493152-21-007020-index.htm,https://www.sec.gov/Archives/edgar/data/1789192/000149315222008526/0001493152-22-008526-index.htm
72,CASH FLOW STATEMENT, , , , , , , , , , , 
73,Net Income,-606866,-695742,-468812,- -,- -,- -,- -,-356893,-1971417,-1606580,- -
74,Depreciation and Amortization,8693,7368,8442,- -,- -,- -,- -,75591,27351,45205,57195000
75,Deferred Income Tax,- -,- -,- -,- -,- -,- -,- -,- -,- -,- -,- -
76,Stock Based Compensation,25986,35794,44070,- -,- -,- -,- -,97173,438670,492619,637168000
77,Change in Working Capital,201813,-85049,-440071,- -,- -,- -,- -,973229,-392194,-90850,6587855
78,Accounts Receivable,-71796,51588,-40127,- -,- -,- -,- -,4123,71294,-83938,-24689000
79,Inventory,- -,- -,- -,- -,- -,- -,- -,-23117,21783,-54,-6247000
80,Accounts Payable,-112786,-7304,-30363,- -,- -,- -,- -,41295,39313,-32541,337680000
81,Other Working Capital,-255127,-340176,-780247,- -,- -,- -,- -,192982,-199212,-290062,6297793
82,Other Non-Cash Items,-289801,196635,727041,- -,- -,- -,- -,-1295599,652818,360866,-4799216855
83,Cash Provided by Operating Activities,-660175,-540994,-129330,- -,- -,- -,- -,-506499,-1244772,-798740,-4098266000
84,CAPEX,-1709,-4870,-15158,- -,- -,- -,- -,-2529,-23327,- -,-67749000
85,Acquisitions Net,- -,- -,- -,- -,- -,- -,- -,- -,-7567,4864,- -
86,Purchases of Investments,-11156,- -,- -,- -,- -,- -,- -,- -,- -,- -,- -
87,Sales/Maturities of Investments,- -,- -,- -,- -,- -,- -,- -,- -,- -,- -,- -
88,Other Investing Activites,- -,-16146,-11453,- -,- -,- -,- -,8304,-50761,4201,-15041000
89,Cash Used for Investing Activites,-12865,-21016,-26611,- -,- -,- -,- -,5775,-81655,9065,-82790000
90,Debt Repayment,-62632,- -,- -,- -,- -,- -,- -,-107121,-42257,-48240,-38971000
91,Common Stock Issued,758118,10000,- -,- -,- -,- -,- -,1019333,840693,350000,10497862000
92,Common Stock Repurchased,- -,- -,- -,- -,- -,- -,- -,- -,- -,- -,- -
93,Dividends Paid,- -,- -,- -,- -,- -,- -,- -,- -,- -,- -,- -
94,Other Financing Activites,- -,563400,135539,- -,- -,- -,- -,- -,379000,440000,266125000
95,Cash Used/Provided by Financing Activities,695486,573400,135539,- -,- -,- -,- -,912212,1177436,741760,10725016000
96,Effect of Forex Changes on Cash,- -,-352,- -,- -,- -,- -,- -,- -,- -,- -,-1643000
97,Net Change In Cash,695486,11038,-20402,- -,- -,- -,- -,411488,-148991,-47915,6807369100
98,Cash at the End of Period,22446,33484,13082,- -,- -,- -,- -,439806,290815,242900,6807612000
99,Cash at the Beginning of Period,- -,22446,33484,- -,- -,- -,- -,28318,439806,290815,242900
100,Free Cash Flow,-661884,-545864,-144488,- -,- -,- -,- -,-509028,-1268099,-798740,-4166015000
101,SEC Link,- -,- -,- -,undefined,undefined,undefined,undefined,- -,- -,https://www.sec.gov/Archives/edgar/data/1789192/000149315221007020/0001493152-21-007020-index.htm,https://www.sec.gov/Archives/edgar/data/1789192/000149315222008526/0001493152-22-008526-index.htm
102,false,,,,,,,,,,,
