,https://roic.ai/company/TTSH,2010,2011,2012,2013,2014,2015,2016,2017,2018,2019,2020,2021
0,INCOME STATEMENT, , , , , , , , , , , , 
1,Revenue,- -,- -,182650000,229564000,257192000,292987000,324157000,344600000,357254000,340351000,325057000,370700000
2,COGS,- -,- -,49626000,68755000,78300000,89377000,97261000,108378000,105915000,104232000,103532000,117570000
3,Gross Profit,- -,- -,133024000,160809000,178892000,203610000,226896000,236222000,251339000,236119000,221525000,253130000
4,Gross Profit Ratio,- -,- -,0.7283,0.7005,0.6956,0.6949,0.7000,0.6855,0.7035,0.6938,0.6815,0.6828
5,Research and Development Exp.,- -,- -,- -,- -,- -,- -,- -,- -,- -,- -,- -,- -
6,General and Administrative Exp.,50341,- -,3897000,- -,- -,- -,- -,- -,- -,- -,- -,- -
7,Selling and Marketing Exp.,- -,- -,- -,- -,- -,- -,- -,- -,- -,- -,- -,- -
8,"Selling, General and Administrative Exp.",50341,636726,94716000,127731000,157316000,174384000,193983000,210376000,233201000,237476000,215149000,232520000
9,Other Expenses,- -,- -,3897000,- -,- -,- -,- -,- -,- -,- -,- -,- -
10,Operating Expenses,- -,- -,98613000,127731000,157316000,174384000,193983000,210376000,233201000,237476000,215149000,232520000
11,COGS and Expenses,50341,636726,148239000,196486000,235616000,263761000,291244000,318754000,339116000,341708000,318681000,350090000
12,Interest Income ,16373,157297,- -,- -,- -,- -,- -,- -,- -,- -,- -,- -
13,Interest Expense (Gain),- -,- -,1252000,2581000,3141000,2584000,1715000,1857000,2690000,3792000,1874000,656000
14,Depreciation and Amortization,- -,- -,10530000,14316000,19925000,22236000,23042000,26239000,28396000,33546000,31336000,27379000
15,EBITDA,-50341,-636726,-37107000,-6821000,40995000,51592000,56096000,52255000,46686000,32201000,37712000,47989000
16,EBITDA ratio,-Infinity,-Infinity,-0.2032,-0.0297,0.1594,0.1761,0.1731,0.1516,0.1307,0.0946,0.1160,0.1295
17,Operating Income,-50341,-636726,34411000,33078000,21576000,29226000,32913000,25846000,18138000,-1357000,6376000,20610000
18,Operating Income ratio,-Infinity,-Infinity,0.1884,0.1441,0.0839,0.0998,0.1015,0.0750,0.0508,-0.0040,0.0196,0.0556
19,Total Other Income Expenses (Gains),16373,157297,-83300000,-56796000,-3647000,-2454000,-1574000,-1687000,-2538000,-3780000,-1874000,-656000
20,Income Before Tax,-33968,-479429,-48889000,-23718000,17929000,26772000,31339000,24159000,15600000,-5137000,4502000,19954000
21,Income Before Tax Ratio,-Infinity,-Infinity,-0.2677,-0.1033,0.0697,0.0914,0.0967,0.0701,0.0437,-0.0151,0.0138,0.0538
22,Income Tax expense (Gain),- -,- -,-2002000,11942000,7382000,11076000,12876000,13340000,5158000,-674000,-1529000,5180000
23,Net Income,-33968,-479429,-46887000,-35660000,10547000,15696000,18463000,10819000,10442000,-4463000,6031000,14774000
24,Net Income ratio,-Infinity,-Infinity,-0.2567,-0.1553,0.0410,0.0536,0.0570,0.0314,0.0292,-0.0131,0.0186,0.0399
25,EPS,-0.01,-0.03,-1.31,-0.72,0.21,0.31,0.36,0.21,0.20,-0.09,0.12,0.29
26,EPS Diluted,-0.01,-0.03,-1.31,-0.72,0.21,0.31,0.36,0.21,0.20,-0.09,0.12,0.29
27,Weighted Average Shares Outstanding,5617533,14540738,35837609,49600396,51015354,51161059,51415492,51700045,51907619,50624309,49957356,50393980
28,Weighted Average Shares Outstanding Diluted,5617533,14540738,35837609,49600396,51029790,51304982,51877005,51927877,52089160,50624309,50583742,51085463
29,SEC Link,- -,- -,- -,- -,- -,- -,- -,- -,- -,https://www.sec.gov/Archives/edgar/data/1552800/000155280020000005/0001552800-20-000005-index.htm,https://www.sec.gov/Archives/edgar/data/1552800/000155280021000005/0001552800-21-000005-index.htm,https://www.sec.gov/Archives/edgar/data/1552800/000155280022000004/0001552800-22-000004-index.htm
30,BALANCE SHEET, , , , , , , , , , , , 
31,Cash and Cash Equivalents,865355,416255,2987000,1761000,5759000,10330000,6067000,6621000,5557000,9104000,9617000,9358000
32,Short-Term Investments,- -,- -,- -,- -,- -,- -,- -,- -,- -,- -,- -,- -
33,Cash and Short-Term Investments,865355,416255,2987000,1761000,5759000,10330000,6067000,6621000,5557000,9104000,9617000,9358000
34,Net Receivables,- -,- -,3538000,10726000,6649000,2701000,4084000,8107000,6632000,6460000,11091000,10125000
35,Inventory,- -,- -,46890000,67756000,68857000,69878000,74295000,85259000,110095000,97620000,74296000,97175000
36,Other Current Assets,204704,82157,18853000,11461000,7268000,4443000,11755000,5572000,8006000,8995000,9650000,10424000
37,Total Current Assets,1070059,498412,72268000,91704000,88533000,87352000,96201000,105559000,130290000,122179000,104654000,127082000
38,PP&E,- -,- -,82080000,125317000,139294000,135115000,141037000,151405000,158356000,268198000,231409000,205386000
39,Goodwill,- -,- -,- -,- -,- -,- -,- -,- -,- -,- -,- -,- -
40,Intangible Assets,- -,- -,- -,- -,- -,- -,- -,- -,- -,- -,- -,- -
41,Intangible Assets,- -,- -,- -,- -,- -,- -,- -,- -,- -,- -,- -,- -
42,Investments,124966373,125123670,- -,- -,- -,- -,- -,- -,- -,- -,- -,- -
43,Tax Assets,- -,- -,20865000,23291000,22676000,20846000,21391000,11654000,7225000,7196000,5341000,6953000
44,Other Non-Current Assets,- -,- -,861000,2457000,1687000,2122000,6644000,2107000,1759000,2241000,1286000,1337000
45,Total Non-Current Assets,124966373,125123670,103806000,151065000,163657000,158083000,169072000,165166000,167340000,277635000,238036000,213676000
46,Other Assets,- -,- -,- -,- -,- -,- -,- -,- -,- -,- -,- -,- -
47,Total Assets,126036432,125622082,176074000,242769000,252190000,245435000,265273000,270725000,297630000,399814000,342690000,340758000
48,Accounts Payable,206374,129351,14968000,22867000,13759000,14584000,20321000,30771000,25853000,18181000,15382000,30884000
49,Short-Term Debt,- -,- -,4094000,3870000,3850000,5095000,6286000,8833000,- -,26993000,27223000,28190000
50,Tax Payable,- -,161902,1490000,1783000,2600000,4144000,2811000,2508000,3108000,2851000,5051000,4186000
51,Deferred Revenue,- -,- -,4080000,5301000,5038000,6026000,7742000,8064000,7383000,7727000,12225000,13792000
52,Other Current Liabilities,49849,191951,12737000,7947000,9505000,14402000,25839000,14366000,17280000,16949000,21974000,24847000
53,Total Current Liabilities,256223,321302,35879000,39985000,32152000,40107000,60188000,62034000,50516000,69850000,76804000,97713000
54,Long-Term Debt,- -,- -,69310000,91646000,88525000,51255000,22126000,18182000,53000000,63000000,- -,115261000
55,Deferred Revenue,4375000,- -,18582000,25560000,- -,- -,- -,- -,- -,- -,- -,- -
56,Deferred Tax Liabilities,- -,- -,- -,- -,- -,- -,- -,- -,- -,- -,- -,- -
57,Other Non-Current Liabilities,116405200,120300770,97066000,5715000,37818000,38872000,44060000,46635000,47767000,136065000,126824000,5560000
58,Total Non-Current Liabilities,120780200,120300770,184958000,122921000,126343000,90127000,66186000,64817000,100767000,199065000,126824000,120821000
59,Other Liabilities,- -,- -,- -,- -,- -,- -,- -,- -,- -,- -,- -,- -
60,Capital Lease Obligations,- -,- -,1654000,1441000,1145000,797000,697000,576000,436000,158718000,149901000,138451000
61,Total Liabilities,121036423,120622072,220837000,162906000,158495000,130234000,126374000,126851000,151283000,268915000,203628000,218534000
62,Preferred Stock,- -,- -,- -,- -,- -,- -,- -,- -,- -,- -,- -,- -
63,Common Stock,- -,1453,4000,5000,5000,5000,5000,5000,5000,5000,5000,5000
64,Retained Earnings,-33968,-513397,-54201000,-89861000,-80681000,-64985000,-47058000,-36239000,-25857000,-25518000,-19487000,-4713000
65,Other Comprehensive Income/Loss,- -,- -,-63914000,-77217000,-95030000,-11000,-46000,-1000,-56000,-70000,-12000,12000
66,Other Total Stockholders Equity,5033977,5511954,73348000,246936000,269401000,180192000,185998000,180109000,172255000,156482000,158556000,126920000
67,Total Stockholders Equity,5000009,5000010,-44763000,79863000,93695000,115201000,138899000,143874000,146347000,130899000,139062000,122224000
68,Total Liabilities And Stockholders Equity,126036432,125622082,176074000,242769000,252190000,245435000,265273000,270725000,297630000,399814000,342690000,340758000
69,Minority Interest,- -,- -,- -,- -,- -,- -,- -,- -,- -,- -,- -,- -
70,Total Liabilities & Equity,126036432,125622082,176074000,242769000,252190000,245435000,265273000,270725000,297630000,399814000,342690000,340758000
71,SEC Link,- -,- -,- -,- -,- -,- -,- -,- -,- -,https://www.sec.gov/Archives/edgar/data/1552800/000155280020000005/0001552800-20-000005-index.htm,https://www.sec.gov/Archives/edgar/data/1552800/000155280021000005/0001552800-21-000005-index.htm,https://www.sec.gov/Archives/edgar/data/1552800/000155280022000004/0001552800-22-000004-index.htm
72,CASH FLOW STATEMENT, , , , , , , , , , , , 
73,Net Income,-33968,-479429,-46887000,-35660000,10547000,15696000,18463000,10819000,10442000,-4463000,6031000,14774000
74,Depreciation and Amortization,- -,- -,10530000,14316000,19925000,22236000,23042000,26239000,28396000,33546000,31336000,27379000
75,Deferred Income Tax,- -,- -,-2550000,3788000,1190000,5743000,-395000,9737000,4429000,-1621000,1855000,-1612000
76,Stock Based Compensation,- -,- -,5278000,4680000,4617000,5545000,4333000,3156000,2669000,2645000,2241000,2266000
77,Change in Working Capital,-108355,-636726,36211890,15330000,4662000,-9136000,-11232000,7512000,36249000,-27445000,-24479000,-29054000
78,Accounts Receivable,- -,- -,-270000,-189000,-514000,-254000,-448000,33000,-703000,-286000,394000,-226000
79,Inventory,- -,- -,-280000,-20866000,-1101000,-1021000,-4417000,-10964000,-24836000,12475000,23323000,-22879000
80,Accounts Payable,- -,-77023,1121000,2013000,-5174000,945000,4195000,12048000,-8201000,-4503000,-3207000,15873000
81,Other Working Capital,813836,177110,36389000,51719000,56381000,47245000,36013000,43525000,79774000,52329000,27850000,1491000
82,Other Non-Cash Items,- -,824352,44639110,18757000,6260000,20180000,19341000,-11772000,-64015000,35901000,48612000,25938000
83,Cash Provided by Operating Activities,-142323,-291803,47222000,21211000,47201000,60264000,53552000,45691000,18170000,38563000,65596000,39691000
84,CAPEX,- -,- -,-29053000,-52869000,-41229000,-18994000,-27256000,-40556000,-35287000,-27000000,-1968000,-11070000
85,Acquisitions Net,- -,- -,- -,- -,- -,- -,- -,- -,- -,- -,- -,- -
86,Purchases of Investments,- -,- -,- -,- -,- -,- -,- -,- -,- -,- -,- -,- -
87,Sales/Maturities of Investments,- -,- -,- -,- -,- -,- -,- -,- -,- -,- -,- -,- -
88,Other Investing Activites,-124966373,-157297,-11000,-86000,677000,- -,4000,7000,1144000,610000,- -,- -
89,Cash Used for Investing Activites,-124966373,-157297,-29064000,-52955000,-40552000,-18994000,-27252000,-40549000,-34143000,-26390000,-1968000,-11070000
90,Debt Repayment,- -,- -,-72399000,-3714000,-26412000,-124025000,-37822000,-36575000,-103267000,-53204000,-127262000,-5000000
91,Common Stock Issued,- -,- -,15000000,- -,- -,- -,- -,- -,- -,- -,- -,- -
92,Common Stock Repurchased,- -,- -,- -,-46000000,- -,- -,- -,- -,- -,-10456000,- -,- -
93,Dividends Paid,- -,- -,- -,- -,- -,- -,- -,-10366000,-10404000,-7706000,- -,-32949000
94,Other Financing Activites,125974051,- -,35945000,80232000,23761000,87337000,7294000,42347000,128602000,62744000,63933000,9047000
95,Cash Used/Provided by Financing Activities,125974051,- -,-21454000,30518000,-2651000,-36688000,-30528000,-4594000,14931000,-8622000,-63329000,-28902000
96,Effect of Forex Changes on Cash,- -,- -,- -,- -,- -,-11000,-35000,6000,-52000,-14000,54000,22000
97,Net Change In Cash,- -,-449100,-3296000,-1226000,3998000,4571000,-4263000,554000,-1094000,3537000,353000,-259000
98,Cash at the End of Period,865355,416255,2987000,1761000,5759000,10330000,6067000,6621000,6382000,9919000,10272000,10013000
99,Cash at the Beginning of Period,- -,865355,6283000,2987000,1761000,5759000,10330000,6067000,7476000,6382000,9919000,10272000
100,Free Cash Flow,-142323,-291803,18169000,-31658000,5972000,41270000,26296000,5135000,-17117000,11563000,63628000,28621000
101,SEC Link,- -,- -,- -,- -,- -,- -,- -,- -,- -,https://www.sec.gov/Archives/edgar/data/1552800/000155280020000005/0001552800-20-000005-index.htm,https://www.sec.gov/Archives/edgar/data/1552800/000155280021000005/0001552800-21-000005-index.htm,https://www.sec.gov/Archives/edgar/data/1552800/000155280022000004/0001552800-22-000004-index.htm
102,false,,,,,,,,,,,,
