,https://roic.ai/company/XHR,2012,2013,2014,2015,2016,2017,2018,2019,2020,2021
0,INCOME STATEMENT, , , , , , , , , , 
1,Revenue,466880000,651871000,926666000,976144000,950160000,945277000,1058207000,1149087000,369776000,616188000
2,COGS,214855000,300934000,425658000,439055000,419897000,423901000,487484000,541524000,243101000,488088000
3,Gross Profit,252025000,350937000,501008000,537089000,530263000,521376000,570723000,607563000,126675000,128100000
4,Gross Profit Ratio,0.5398,0.5384,0.5407,0.5502,0.5581,0.5516,0.5393,0.5287,0.3426,0.2079
5,Research and Development Exp.,- -,- -,- -,- -,- -,- -,- -,- -,- -,- -
6,General and Administrative Exp.,19820000,26188000,40369000,25556000,32018000,31552000,30460000,30732000,30402000,30776000
7,Selling and Marketing Exp.,- -,- -,- -,- -,- -,- -,- -,- -,- -,- -
8,"Selling, General and Administrative Exp.",19820000,26188000,40369000,25556000,32018000,31552000,30460000,30732000,30402000,30776000
9,Other Expenses,206984000,261614000,359618000,374117000,376553000,382487000,412719000,441048000,307929000,129393000
10,Operating Expenses,226804000,287802000,399987000,399673000,408571000,414039000,443179000,471780000,338331000,160169000
11,COGS and Expenses,441659000,588736000,825645000,838728000,828468000,837940000,930663000,1013304000,581432000,648257000
12,Interest Income ,- -,- -,- -,- -,- -,- -,- -,- -,- -,- -
13,Interest Expense (Gain),45061000,52792000,57427000,50816000,48113000,46294000,51402000,48605000,61975000,81285000
14,Depreciation and Amortization,155777000,154861000,177671000,148133000,152912000,153439000,158116000,152270000,143941000,128323000
15,EBITDA,158387000,159804000,350762000,294002000,291957000,306428000,409199000,261642000,26719000,66809000
16,EBITDA ratio,0.3392,0.2451,0.3785,0.3012,0.3073,0.3242,0.3867,0.2277,0.0723,0.1084
17,Operating Income,24470000,11715000,94451000,104072000,111503000,103505000,131824000,111481000,-241694000,-60884000
18,Operating Income ratio,0.0524,0.0180,0.1019,0.1066,0.1174,0.1095,0.1246,0.0970,-0.6536,-0.0988
19,Total Other Income Expenses (Gains),-48571000,-53938000,-53907000,-8646000,-19696000,5144000,72701000,-48871000,58941000,-85013000
20,Income Before Tax,-24101000,-42223000,40544000,95426000,91807000,108649000,204525000,62610000,-182753000,-145897000
21,Income Before Tax Ratio,-0.0516,-0.0648,0.0438,0.0978,0.0966,0.1149,0.1933,0.0545,-0.4942,-0.2368
22,Income Tax expense (Gain),3695000,3619000,5865000,6295000,5077000,7833000,5993000,5367000,-15867000,718000
23,Net Income,-46146000,-51468000,109799000,88758000,85855000,98862000,193688000,55400000,-163330000,-143517000
24,Net Income ratio,-0.0988,-0.0790,0.1185,0.0909,0.0904,0.1046,0.1830,0.0482,-0.4417,-0.2329
25,EPS,-0.41,-0.46,0.98,0.79,0.79,0.92,1.75,0.49,-1.44,-1.26
26,EPS Diluted,-0.41,-0.46,0.98,0.79,0.79,0.92,1.75,0.49,-1.44,-1.26
27,Weighted Average Shares Outstanding,111664641,111664641,111664641,111989686,108012708,106767108,110124142,112636123,113489015,113489015
28,Weighted Average Shares Outstanding Diluted,111664641,111664641,111664641,112138223,108142998,107019152,110377734,112918598,113489015,113489015
29,SEC Link,- -,- -,https://www.sec.gov/Archives/edgar/data/1616000/000119312515109661/0001193125-15-109661-index.htm,https://www.sec.gov/Archives/edgar/data/1616000/000161600016000089/0001616000-16-000089-index.html,https://www.sec.gov/Archives/edgar/data/1616000/000161600017000024/0001616000-17-000024-index.html,https://www.sec.gov/Archives/edgar/data/1616000/000161600018000044/0001616000-18-000044-index.html,https://www.sec.gov/Archives/edgar/data/1616000/000161600019000026/0001616000-19-000026-index.html,https://www.sec.gov/Archives/edgar/data/1616000/000161600020000023/0001616000-20-000023-index.html,https://www.sec.gov/Archives/edgar/data/1616000/000161600021000030/0001616000-21-000030-index.htm,https://www.sec.gov/Archives/edgar/data/1616000/000161600022000036/0001616000-22-000036-index.htm
30,BALANCE SHEET, , , , , , , , , , 
31,Cash and Cash Equivalents,- -,89169000,163053000,122154000,216054000,71884000,91413000,110841000,389823000,517377000
32,Short-Term Investments,- -,- -,- -,- -,- -,- -,- -,- -,- -,- -
33,Cash and Short-Term Investments,- -,89169000,163053000,122154000,216054000,71884000,91413000,110841000,389823000,517377000
34,Net Receivables,- -,23418000,26504000,24368000,22998000,35865000,34804000,36542000,8966000,28528000
35,Inventory,- -,- -,- -,- -,- -,- -,- -,- -,- -,- -
36,Other Current Assets,- -,946916000,- -,35452000,- -,152672000,- -,- -,- -,71475000
37,Total Current Assets,- -,1059503000,189557000,181974000,239052000,260421000,126217000,147383000,398789000,617380000
38,PP&E,- -,- -,- -,- -,- -,- -,- -,- -,- -,- -
39,Goodwill,- -,42113000,42113000,42113000,42113000,39825000,34352000,24952000,4850000,4850000
40,Intangible Assets,- -,14348000,22428000,18402000,34799000,28175000,27189000,4045000,1606000,596000
41,Intangible Assets,- -,56461000,64541000,60515000,76912000,68000000,61541000,28997000,6456000,5446000
42,Investments,- -,1736000,- -,- -,- -,- -,- -,- -,- -,- -
43,Tax Assets,- -,5815000,2393000,2304000,1562000,1163000,1369000,- -,- -,- -
44,Other Non-Current Assets,- -,2633143000,2699260000,2761152000,2542819000,2785724000,2980960000,3086626000,2674358000,2464490000
45,Total Non-Current Assets,- -,2697155000,2766194000,2823971000,2621293000,2854887000,3043870000,3115623000,2680814000,2469936000
46,Other Assets,- -,- -,- -,- -,- -,- -,- -,- -,- -,- -
47,Total Assets,- -,3756658000,2955751000,3005945000,2860345000,3115308000,3170087000,3263006000,3079603000,3087316000
48,Accounts Payable,- -,73366000,88356000,85846000,71955000,77005000,84967000,88197000,62676000,- -
49,Short-Term Debt,- -,- -,- -,- -,- -,- -,- -,- -,- -,- -
50,Tax Payable,- -,- -,- -,- -,- -,- -,- -,- -,- -,- -
51,Deferred Revenue,- -,- -,- -,- -,- -,- -,- -,- -,- -,- -
52,Other Current Liabilities,- -,546006000,- -,54347000,29881000,29930000,31574000,31802000,202000,86356000
53,Total Current Liabilities,- -,619372000,88356000,140193000,101836000,106935000,116541000,119999000,62878000,86356000
54,Long-Term Debt,- -,1280220000,1295048000,1094536000,1077132000,1322593000,1155088000,1293054000,1374480000,1494231000
55,Deferred Revenue,- -,- -,- -,- -,- -,- -,- -,- -,- -,- -
56,Deferred Tax Liabilities,- -,- -,- -,- -,- -,- -,- -,- -,- -,- -
57,Other Non-Current Liabilities,- -,38811000,51426000,27858000,29810000,40694000,45753000,74795000,75382000,68648000
58,Total Non-Current Liabilities,- -,1319031000,1346474000,1122394000,1106942000,1363287000,1200841000,1367849000,1449862000,1562879000
59,Other Liabilities,- -,- -,- -,- -,- -,- -,- -,- -,- -,- -
60,Capital Lease Obligations,- -,- -,- -,- -,- -,- -,- -,- -,- -,- -
61,Total Liabilities,- -,1938403000,1434830000,1262587000,1208778000,1470222000,1317382000,1487848000,1512740000,1649235000
62,Preferred Stock,- -,- -,- -,- -,- -,- -,- -,- -,- -,- -
63,Common Stock,- -,- -,- -,1117000,1068000,1068000,1126000,1127000,1138000,1143000
64,Retained Earnings,- -,-373960000,-264161000,-268991000,-302034000,-320964000,-249654000,-318434000,-513002000,-656461000
65,Other Comprehensive Income/Loss,- -,- -,- -,1543000,5009000,10677000,12742000,-4596000,-14425000,-4089000
66,Other Total Stockholders Equity,- -,2192215000,1785082000,1993760000,1925554000,1924124000,2059699000,2060924000,2080364000,- -
67,Total Stockholders Equity,- -,1816644000,1517266000,1727429000,1629597000,1614905000,1823913000,1739021000,1554075000,1430986000
68,Total Liabilities And Stockholders Equity,- -,3755047000,2952096000,2990016000,2838375000,3085127000,3141295000,3226869000,3066815000,3080221000
69,Minority Interest,- -,1611000,3655000,15929000,21970000,30181000,28792000,36137000,12788000,7095000
70,Total Liabilities & Equity,- -,3756658000,2955751000,3005945000,2860345000,3115308000,3170087000,3263006000,3079603000,3087316000
71,SEC Link,undefined,- -,https://www.sec.gov/Archives/edgar/data/1616000/000119312515109661/0001193125-15-109661-index.htm,https://www.sec.gov/Archives/edgar/data/1616000/000161600016000089/0001616000-16-000089-index.html,https://www.sec.gov/Archives/edgar/data/1616000/000161600017000024/0001616000-17-000024-index.html,https://www.sec.gov/Archives/edgar/data/1616000/000161600018000044/0001616000-18-000044-index.html,https://www.sec.gov/Archives/edgar/data/1616000/000161600019000026/0001616000-19-000026-index.html,https://www.sec.gov/Archives/edgar/data/1616000/000161600020000023/0001616000-20-000023-index.html,https://www.sec.gov/Archives/edgar/data/1616000/000161600021000030/0001616000-21-000030-index.htm,https://www.sec.gov/Archives/edgar/data/1616000/000161600022000036/0001616000-22-000036-index.htm
72,CASH FLOW STATEMENT, , , , , , , , , , 
73,Net Income,-46146000,-51468000,109799000,88758000,85855000,98862000,193688000,55400000,-163330000,-143517000
74,Depreciation and Amortization,155777000,154861000,177671000,148133000,152912000,153439000,158116000,152270000,143941000,128323000
75,Deferred Income Tax,- -,- -,- -,- -,- -,- -,- -,- -,- -,- -
76,Stock Based Compensation,- -,- -,- -,6102000,8968000,9930000,9172000,9380000,10930000,11615000
77,Change in Working Capital,13340000,428032000,-338930000,-59420000,95435000,16270000,-143810000,17708000,308527000,10088000
78,Accounts Receivable,-6768000,-6831000,1005000,-338000,1470000,-1909000,4104000,-1764000,- -,- -
79,Inventory,- -,- -,- -,- -,- -,- -,- -,- -,- -,- -
80,Accounts Payable,- -,- -,- -,- -,- -,- -,- -,- -,- -,- -
81,Other Working Capital,12099000,440131000,101201000,41781000,137216000,153486000,9676000,27384000,335911000,- -
82,Other Non-Cash Items,10028000,-350839000,233065000,9579000,-117527000,-65687000,37028000,11812000,-377790000,34254000
83,Cash Provided by Operating Activities,132999000,180586000,181605000,193152000,225643000,212814000,254194000,246570000,-77722000,40763000
84,CAPEX,-92815000,-62316000,906675000,-131848000,157161000,-401157000,58408000,-129852000,-69228000,-31819000
85,Acquisitions Net,6259000,2366000,-2974000,- -,- -,- -,- -,- -,- -,- -
86,Purchases of Investments,- -,- -,- -,- -,- -,- -,- -,- -,- -,- -
87,Sales/Maturities of Investments,- -,- -,- -,- -,- -,- -,- -,- -,- -,- -
88,Other Investing Activites,-277289000,-1027925000,-76188000,-84823000,-51334000,-86401000,-108210000,-93036000,254188000,-24210000
89,Cash Used for Investing Activites,-271030000,-1025559000,827513000,-216671000,105827000,-487558000,-49802000,-222888000,254188000,-24210000
90,Debt Repayment,-153169000,-209728000,-660939000,-436133000,-294483000,-213672000,-485610000,-108463000,-690122000,-375834000
91,Common Stock Issued,- -,- -,- -,- -,- -,- -,135031000,- -,- -,- -
92,Common Stock Repurchased,- -,- -,- -,-37083000,-73976000,-4103000,-837000,- -,-10887000,-4088000
93,Dividends Paid,- -,- -,- -,-67718000,-115130000,-118442000,-121733000,-125865000,-63162000,-54000
94,Other Financing Activites,312190000,1078866000,-274295000,523554000,246019000,454338000,299961000,243984000,821545000,488868000
95,Cash Used/Provided by Financing Activities,159021000,869138000,-935234000,-17380000,-237570000,118121000,-173188000,9656000,57374000,108892000
96,Effect of Forex Changes on Cash,- -,- -,- -,- -,- -,- -,- -,- -,- -,- -
97,Net Change In Cash,20990000,24165000,73884000,-40899000,93900000,-156623000,31204000,33338000,233840000,125445000
98,Cash at the End of Period,65004000,89169000,163053000,122154000,216054000,130404000,161608000,194946000,428786000,554231000
99,Cash at the Beginning of Period,44014000,65004000,89169000,163053000,122154000,287027000,130404000,161608000,194946000,428786000
100,Free Cash Flow,40184000,118270000,121928000,139370000,166820000,126413000,145984000,153534000,-146950000,8944000
101,SEC Link,- -,- -,https://www.sec.gov/Archives/edgar/data/1616000/000119312515109661/0001193125-15-109661-index.htm,https://www.sec.gov/Archives/edgar/data/1616000/000161600016000089/0001616000-16-000089-index.html,https://www.sec.gov/Archives/edgar/data/1616000/000161600017000024/0001616000-17-000024-index.html,https://www.sec.gov/Archives/edgar/data/1616000/000161600018000044/0001616000-18-000044-index.html,https://www.sec.gov/Archives/edgar/data/1616000/000161600019000026/0001616000-19-000026-index.html,https://www.sec.gov/Archives/edgar/data/1616000/000161600020000023/0001616000-20-000023-index.html,https://www.sec.gov/Archives/edgar/data/1616000/000161600021000030/0001616000-21-000030-index.htm,https://www.sec.gov/Archives/edgar/data/1616000/000161600022000036/0001616000-22-000036-index.htm
102,false,,,,,,,,,,
