,https://roic.ai/company/ZZLL,2004,2005,2006,2007,2008,2009,2010,2011,2012,2013,2014,2015,2016,2017,2018,2019,2020
0,INCOME STATEMENT, , , , , , , , , , , , , , , , , 
1,Revenue,- -,9291881,20570280,32080684,37616276,24307739,30600427,38540310,39090912,- -,- -,- -,- -,5353,91019,277099,4508703
2,COGS,- -,9085700,19929896,30846517,36308486,23008756,29252793,37134094,37711292,- -,- -,- -,- -,2865,34808,142288,4266850
3,Gross Profit,- -,206181,640384,1234167,1307790,1298983,1347634,1406216,1379620,- -,- -,- -,- -,2488,56211,134811,241853
4,Gross Profit Ratio,- -,0.0222,0.0311,0.0385,0.0348,0.0534,0.0440,0.0365,0.0353,- -,- -,- -,- -,0.4648,0.6176,0.4865,0.0536
5,Research and Development Exp.,- -,- -,- -,- -,- -,- -,- -,- -,- -,- -,- -,- -,- -,- -,- -,- -,- -
6,General and Administrative Exp.,- -,- -,- -,- -,1687677,1298752,1285542,- -,1526564,240758,364830,247239,242070,958022,178034,228588,610732
7,Selling and Marketing Exp.,- -,- -,- -,- -,- -,- -,- -,- -,- -,- -,- -,- -,- -,- -,- -,- -,66251
8,"Selling, General and Administrative Exp.",- -,325085,865218,1464876,1687677,1298752,1285542,1313978,1526564,240758,364830,247239,242070,958022,178034,228588,676983
9,Other Expenses,- -,- -,- -,39771,44205,27821,-37625,-18348,20229,- -,- -,- -,- -,- -,- -,- -,- -
10,Operating Expenses,- -,325085,865218,1504647,1731882,1326573,1247917,1295630,1546793,240758,364830,247239,242070,958022,178034,228588,676983
11,COGS and Expenses,- -,9410785,20795114,32351164,38040368,24335329,30500710,38429724,39258085,240758,364830,247239,242070,960887,212842,370876,4943833
12,Interest Income ,- -,37,236,- -,- -,324,- -,- -,44,- -,- -,- -,- -,- -,- -,286,5
13,Interest Expense (Gain),- -,- -,- -,- -,33975,1230,736,1685,1745,15,- -,- -,199,- -,- -,7245,23378
14,Depreciation and Amortization,- -,-13225,-33186,-39771,44205,27821,21601,20407,20231,- -,- -,- -,- -,- -,240,27098,5762
15,EBITDA,- -,-131548,-253576,-307888,-246762,40386,72524,119976,-149499,-240758,-364829,-247239,-242070,-924556,-119177,486943,-357687
16,EBITDA ratio,- -,-0.0142,-0.0123,-0.0096,-0.0066,0.0017,0.0024,0.0031,-0.0038,-Infinity,-Infinity,-Infinity,-Infinity,-172.7174,-1.3094,1.7573,-0.0793
17,Operating Income,- -,-118904,-224834,-270480,-424092,27394,99717,110586,-136785,-240758,-364830,-247239,-242070,-955534,-121823,-93777,-435130
18,Operating Income ratio,- -,-0.0128,-0.0109,-0.0084,-0.0113,0.0011,0.0033,0.0029,-0.0035,-Infinity,-Infinity,-Infinity,-Infinity,-178.5044,-1.3384,-0.3384,-0.0965
19,Total Other Income Expenses (Gains),- -,581,4444,2363,99150,-81,4181,7987,12671,-15,131,- -,-199,3348,758,546377,48303
20,Income Before Tax,- -,-118323,-220390,-268117,-324942,27313,103898,118573,-124114,-240773,-364699,-247239,-242269,-952186,-121065,452600,-386827
21,Income Before Tax Ratio,- -,-0.0127,-0.0107,-0.0084,-0.0086,0.0011,0.0034,0.0031,-0.0032,-Infinity,-Infinity,-Infinity,-Infinity,-177.8789,-1.3301,1.6334,-0.0858
22,Income Tax expense (Gain),- -,- -,- -,- -,- -,6176,24433,9111,19407,- -,- -,- -,- -,- -,1389,- -,- -
23,Net Income,- -,-118323,-220390,-268117,-324942,5159,25754,88773,-190882,-240773,-364699,-247239,-235737,-924556,-120806,452600,-386827
24,Net Income ratio,- -,-0.0127,-0.0107,-0.0084,-0.0086,0.0002,0.0008,0.0023,-0.0049,-Infinity,-Infinity,-Infinity,-Infinity,-172.7174,-1.3273,1.6334,-0.0858
25,EPS,- -,-3.50,-5.00,-5.00,-5.00,0.10,0.60,2.08,-4.46,-0.99,-1.00,-0.66,-0.38,-0.19,-0.01,0.02,-0.02
26,EPS Diluted,- -,-3.50,-5.00,-5.00,-5.00,0.10,0.60,2.08,-4.46,-0.99,-1.00,-0.66,-0.38,-0.19,-0.01,0.02,-0.02
27,Weighted Average Shares Outstanding,- -,33000,33027,43000,43867,42800,42800,42800,42800,242364,364438,374500,630743,5040092,20116352,20277448,20277448
28,Weighted Average Shares Outstanding Diluted,- -,33000,33027,43000,43986,42800,43377,42800,42800,242364,364438,374500,630743,5040092,20116352,20277448,20277448
29,SEC Link,undefined,- -,- -,- -,- -,- -,- -,- -,https://www.sec.gov/Archives/edgar/data/1365357/000109181813000167/0001091818-13-000167-index.htm,https://www.sec.gov/Archives/edgar/data/1365357/000109181814000158/0001091818-14-000158-index.htm,https://www.sec.gov/Archives/edgar/data/1365357/000109181815000062/0001091818-15-000062-index.htm,https://www.sec.gov/Archives/edgar/data/1365357/000109181816000261/0001091818-16-000261-index.htm,https://www.sec.gov/Archives/edgar/data/1365357/000109181817000071/0001091818-17-000071-index.htm,https://www.sec.gov/Archives/edgar/data/1365357/000109181818000086/0001091818-18-000086-index.htm,https://www.sec.gov/Archives/edgar/data/1365357/000109181819000133/0001091818-19-000133-index.htm,https://www.sec.gov/Archives/edgar/data/1365357/000109181820000131/0001091818-20-000131-index.htm,https://www.sec.gov/Archives/edgar/data/1365357/000121390021021707/0001213900-21-021707-index.htm
30,BALANCE SHEET, , , , , , , , , , , , , , , , , 
31,Cash and Cash Equivalents,- -,117988,228539,770431,217453,260155,547485,1361357,237097,6280,2034,173,58174,18430,10793,873192,932102
32,Short-Term Investments,- -,- -,- -,- -,- -,- -,- -,- -,- -,- -,- -,- -,- -,- -,- -,- -,- -
33,Cash and Short-Term Investments,- -,117988,228539,770431,217453,260155,547485,1361357,237097,6280,2034,173,58174,18430,10793,873192,932102
34,Net Receivables,- -,415107,1235784,1781913,911320,850212,1695759,2063084,1921305,- -,- -,- -,323872,299027,299346,102301,814750
35,Inventory,- -,- -,- -,- -,- -,- -,- -,- -,- -,- -,- -,- -,- -,- -,- -,- -,42617
36,Other Current Assets,- -,296262,820871,1021943,940238,800482,1999313,3093278,2765571,- -,- -,- -,- -,- -,- -,11860,7752
37,Total Current Assets,- -,829357,2285194,3574287,2069011,1910849,4242557,6517719,4923973,6280,2034,173,382046,317457,310139,987353,1797221
38,PP&E,- -,42134,108754,- -,80091,52430,- -,- -,- -,- -,- -,- -,- -,- -,- -,178131,308875
39,Goodwill,- -,- -,- -,- -,- -,- -,- -,- -,- -,- -,- -,- -,- -,- -,- -,- -,- -
40,Intangible Assets,- -,- -,- -,- -,- -,- -,- -,- -,- -,- -,- -,- -,- -,- -,- -,- -,- -
41,Intangible Assets,- -,- -,- -,- -,- -,- -,- -,- -,- -,- -,- -,- -,- -,- -,- -,- -,- -
42,Investments,- -,- -,- -,- -,- -,- -,- -,- -,- -,- -,- -,- -,- -,- -,- -,- -,- -
43,Tax Assets,- -,- -,- -,- -,- -,- -,- -,- -,- -,- -,- -,- -,- -,- -,- -,- -,- -
44,Other Non-Current Assets,- -,- -,- -,111128,- -,- -,41475,34789,26396,- -,- -,- -,- -,606,366,- -,16219
45,Total Non-Current Assets,- -,42134,108754,111128,80091,52430,41475,34789,26396,- -,- -,- -,- -,606,366,178131,325094
46,Other Assets,- -,- -,- -,- -,- -,- -,- -,- -,- -,- -,- -,- -,- -,- -,- -,- -,- -
47,Total Assets,- -,871491,2393948,3685415,2149102,1963279,4284032,6552508,4950369,6280,2034,173,382046,318063,310505,1165484,2122315
48,Accounts Payable,- -,368551,1381471,2478105,1103390,781494,1804377,3080100,1581606,1904,- -,- -,17873,- -,- -,- -,- -
49,Short-Term Debt,- -,- -,- -,- -,- -,- -,- -,- -,- -,- -,- -,- -,75000,75000,75000,39815,65648
50,Tax Payable,- -,- -,- -,- -,- -,6172,18568,- -,11820,- -,- -,- -,- -,- -,1389,1389,4219
51,Deferred Revenue,- -,- -,- -,- -,- -,- -,1217300,2094307,1891750,- -,- -,- -,- -,- -,- -,875000,823337
52,Other Current Liabilities,- -,396213,334209,797166,279439,387291,432922,438019,675547,111104,213461,393897,329172,1075969,1148673,851693,1469054
53,Total Current Liabilities,- -,764764,1715680,3275271,1382829,1168785,3454599,5612426,4148903,113008,213461,393897,422045,1150969,1223673,1766508,2358039
54,Long-Term Debt,- -,- -,- -,- -,- -,- -,- -,- -,- -,- -,- -,- -,- -,- -,- -,140654,197224
55,Deferred Revenue,- -,- -,- -,- -,- -,- -,- -,- -,- -,- -,- -,- -,- -,- -,- -,- -,682730
56,Deferred Tax Liabilities,- -,- -,- -,- -,- -,- -,- -,- -,- -,- -,- -,- -,- -,- -,- -,- -,- -
57,Other Non-Current Liabilities,- -,- -,- -,- -,- -,- -,- -,- -,- -,- -,- -,- -,- -,- -,- -,- -,- -
58,Total Non-Current Liabilities,- -,- -,- -,- -,- -,- -,- -,- -,- -,- -,- -,- -,- -,- -,- -,140654,879954
59,Other Liabilities,- -,- -,- -,- -,- -,- -,- -,- -,- -,- -,- -,- -,- -,- -,- -,- -,- -
60,Capital Lease Obligations,- -,- -,- -,- -,- -,- -,- -,- -,- -,- -,- -,- -,- -,- -,- -,180469,262872
61,Total Liabilities,- -,764764,1715680,3275271,1382829,1168785,3454599,5612426,4148903,113008,213461,393897,422045,1150969,1223673,1907162,3237993
62,Preferred Stock,- -,- -,- -,- -,- -,- -,- -,- -,- -,- -,- -,- -,- -,- -,- -,- -,- -
63,Common Stock,- -,16500,21500,21500,21400,21400,21400,21400,21400,1803,1859,1873,7382,1925,2028,2028,2028
64,Retained Earnings,- -,-213786,-434176,-702293,-1198331,-1193172,-1167418,-1078645,-1269527,-1002455,-1367154,-1591451,-1827188,-2751744,-2872550,-2419950,-2806777
65,Other Comprehensive Income/Loss,- -,-23991,-57177,-57177,4448,32,-1329,-399,4048,- -,- -,- -,- -,-388,804,4397,17224
66,Other Total Stockholders Equity,- -,328004,1148121,1148114,- -,- -,1793596,1793596,1793596,893924,1153868,1195854,1465826,1630950,1671847,1671847,1671847
67,Total Stockholders Equity,- -,106727,678268,410144,594280,606523,646249,735952,549517,-106728,-211427,-393724,-353980,-1119257,-1197871,-741678,-1115678
68,Total Liabilities And Stockholders Equity,- -,871491,2393948,3685415,1977109,1775308,4100848,6348378,4698420,6280,2034,173,68065,31712,25802,1165484,2122315
69,Minority Interest,- -,- -,- -,- -,171993,187971,183184,204130,251949,- -,- -,- -,313981,286351,284703,- -,- -
70,Total Liabilities & Equity,- -,871491,2393948,3685415,2149102,1963279,4284032,6552508,4950369,6280,2034,173,382046,318063,310505,1165484,2122315
71,SEC Link,undefined,- -,- -,- -,- -,- -,- -,- -,https://www.sec.gov/Archives/edgar/data/1365357/000109181813000167/0001091818-13-000167-index.htm,https://www.sec.gov/Archives/edgar/data/1365357/000109181814000158/0001091818-14-000158-index.htm,https://www.sec.gov/Archives/edgar/data/1365357/000109181815000062/0001091818-15-000062-index.htm,https://www.sec.gov/Archives/edgar/data/1365357/000109181816000261/0001091818-16-000261-index.htm,https://www.sec.gov/Archives/edgar/data/1365357/000109181817000071/0001091818-17-000071-index.htm,https://www.sec.gov/Archives/edgar/data/1365357/000109181818000086/0001091818-18-000086-index.htm,https://www.sec.gov/Archives/edgar/data/1365357/000109181819000133/0001091818-19-000133-index.htm,https://www.sec.gov/Archives/edgar/data/1365357/000109181820000131/0001091818-20-000131-index.htm,https://www.sec.gov/Archives/edgar/data/1365357/000121390021021707/0001213900-21-021707-index.htm
72,CASH FLOW STATEMENT, , , , , , , , , , , , , , , , , 
73,Net Income,- -,-118323,-220390,-268117,-324942,5159,25754,88773,-190882,-240773,-364699,-247239,-235737,-924556,-120806,452600,-386827
74,Depreciation and Amortization,- -,-13225,-33186,-39771,44205,27821,21601,20407,20231,- -,- -,- -,- -,- -,240,27098,5762
75,Deferred Income Tax,- -,- -,- -,- -,- -,- -,- -,- -,- -,- -,- -,- -,- -,- -,- -,- -,- -
76,Stock Based Compensation,- -,- -,- -,- -,22800,11500,15333,- -,- -,85000,- -,- -,- -,- -,- -,- -,- -
77,Change in Working Capital,- -,-177460,504921,-270498,-485861,-53729,45894,117335,-130223,-881798,-104699,-182297,353725,-793513,-80022,292698,544189
78,Accounts Receivable,- -,-219980,-820677,-550475,205575,137446,-513145,-366572,137341,- -,- -,- -,- -,- -,- -,- -,- -
79,Inventory,- -,- -,- -,- -,- -,- -,- -,- -,- -,- -,- -,- -,- -,- -,- -,- -,-42617
80,Accounts Payable,- -,209751,1113096,1103523,-799935,-321896,605932,1269705,-1498495,1904,-1904,- -,- -,- -,- -,- -,- -
81,Other Working Capital,- -,64593,569514,299016,- -,- -,787958,905293,775070,-106728,-211427,-393724,-39999,-833512,-913534,875000,631067
82,Other Non-Cash Items,- -,26560,-541688,809286,- -,15978,288373,604644,-820088,939283,236914,391789,-532452,1424532,81228,17127,-82000
83,Cash Provided by Operating Activities,- -,-282448,-290343,230900,-743798,6729,396955,831159,-1120962,-98288,-232484,-37747,-414464,-293537,-119360,789523,81124
84,CAPEX,- -,-12293,-99806,-42337,-20988,-193,-10758,-13848,-12575,- -,- -,- -,- -,-606,- -,-6614,-152724
85,Acquisitions Net,- -,- -,- -,- -,- -,- -,- -,- -,- -,- -,- -,22942,- -,- -,- -,- -,- -
86,Purchases of Investments,- -,- -,- -,- -,- -,- -,- -,- -,- -,- -,- -,- -,- -,- -,- -,- -,- -
87,Sales/Maturities of Investments,- -,- -,- -,- -,- -,- -,- -,- -,- -,- -,- -,- -,- -,- -,- -,- -,- -
88,Other Investing Activites,- -,- -,22700,- -,- -,- -,-57877,- -,146,- -,- -,- -,- -,- -,- -,286,- -
89,Cash Used for Investing Activites,- -,-12293,-77106,-42337,-20988,-193,-68635,-13848,-12429,- -,- -,22942,- -,-606,- -,-6328,-152724
90,Debt Repayment,- -,- -,- -,- -,- -,- -,-113253,- -,- -,- -,- -,- -,- -,- -,- -,-25024,- -
91,Common Stock Issued,- -,- -,- -,- -,624000,- -,- -,- -,- -,58176,260000,42000,275481,159667,41000,- -,- -
92,Common Stock Repurchased,- -,- -,- -,- -,- -,- -,- -,- -,- -,- -,- -,- -,- -,- -,- -,- -,- -
93,Dividends Paid,- -,- -,- -,- -,- -,- -,- -,- -,- -,- -,- -,- -,- -,- -,- -,- -,- -
94,Other Financing Activites,- -,391026,478000,356424,-388323,34327,74168,-4753,4410,46328,-31762,-29056,196984,95120,69531,100635,117683
95,Cash Used/Provided by Financing Activities,- -,391026,478000,356424,235677,34327,-39085,-4753,4410,104504,228238,12944,472465,254787,110531,75611,117683
96,Effect of Forex Changes on Cash,- -,- -,- -,-3095,2036,1839,-1905,1314,4721,- -,- -,- -,- -,-388,1192,3593,12827
97,Net Change In Cash,- -,96285,110551,541892,-527073,42702,287330,813872,-1124260,6216,-4246,-1861,58001,-39744,-7637,862399,58910
98,Cash at the End of Period,- -,117988,228539,770431,243358,260155,547485,1361357,237097,6280,2034,173,58174,18430,10793,873192,932102
99,Cash at the Beginning of Period,- -,21703,117988,228539,770431,217453,260155,547485,1361357,64,6280,2034,173,58174,18430,10793,873192
100,Free Cash Flow,- -,-294741,-390149,188563,-764786,6536,386197,817311,-1133537,-98288,-232484,-37747,-414464,-294143,-119360,782909,-71600
101,SEC Link,undefined,- -,- -,- -,- -,- -,- -,- -,https://www.sec.gov/Archives/edgar/data/1365357/000109181813000167/0001091818-13-000167-index.htm,https://www.sec.gov/Archives/edgar/data/1365357/000109181814000158/0001091818-14-000158-index.htm,https://www.sec.gov/Archives/edgar/data/1365357/000109181815000062/0001091818-15-000062-index.htm,https://www.sec.gov/Archives/edgar/data/1365357/000109181816000261/0001091818-16-000261-index.htm,https://www.sec.gov/Archives/edgar/data/1365357/000109181817000071/0001091818-17-000071-index.htm,https://www.sec.gov/Archives/edgar/data/1365357/000109181818000086/0001091818-18-000086-index.htm,https://www.sec.gov/Archives/edgar/data/1365357/000109181819000133/0001091818-19-000133-index.htm,https://www.sec.gov/Archives/edgar/data/1365357/000109181820000131/0001091818-20-000131-index.htm,https://www.sec.gov/Archives/edgar/data/1365357/000121390021021707/0001213900-21-021707-index.htm
102,false,,,,,,,,,,,,,,,,,
