,Revenue,COGS,Gross Profit,Gross Profit Ratio,Research and Development Exp.,"Selling, General and Administrative Exp.",Other Expenses,Operating Expenses,COGS and Expenses,Interest Income,Interest Expense (Gain),Depreciation and Amortization,EBITDA,EBITDA Ratio,Operating Income,Operating Income Ratio,Total Other Income Expenses (Gains),Income Before Tax,Income Before Tax Ratio,Income Tax expense (Gain),Net Income,Net Income Ratio,EPS,EPS Diluted,Weighted Average Shares Outstanding,Weighted Average Shares Outstanding Diluted,Cash and Cash Equivalents,Short-Term Investments,Cash and Short-Term Investments,Net Receivables,Inventory (Balance),Other Current Assets,Total Current Assets,PP&E,Goodwill,Intangible Assets,Goodwill and Intangible Assets,Investments,Tax Assets,Other Non-Current Assets,Total Non-Current Assets,Other Assets,Total Assets,Accounts Payable (Balance),Short-Term Debt,Tax Payable,Deferred Revenue (Current),Other Current Liabilities,Total Current Liabilities,Long-Term Debt,Deferred Revenue (Non-Current),Deferred Tax Liabilities,Other Non-Current Liabilities,Total Non-Current Liabilities,Other Liabilities,Capital Lease Obligations,Total Liabilities,Preferred Stock,Common Stock,Retained Earnings,Other Comprehensive Income/Loss,Other Total Stockholders Equity,Total Stockholders Equity,Total Liabilities And Stockholders Equity,Minority Interest,Total Liabilities & Equity,Net Income (Cash Flow),Depreciation and Amortization (Cash Flow),Deferred Income Tax,Stock Based Compensation,Change in Working Capital,Accounts Receivable,Inventory (Cash Flow),Accounts Payable (Cash Flow),Other Working Capital,Other Non-Cash Items,Cash Provided by Operating Activities,CAPEX,Acquisitions Net,Purchases of Investments,Sales/Maturities of Investments,Other Investing Activities,Cash Used for Investing Activites,Debt Repayment,Common Stock Issued,Common Stock Repurchased,Dividends Paid,Other Financing Activites,Cash Used/Provided by Financing Activities,Effect of Forex Changes on Cash,Net Change In Cash,Cash at the End of Period,Cash at the Beginning of Period,Free Cash Flow,Open,Close,Adj Close,Volume,Dividend,Dividend Cum,Price with cum Dividends,Tax Rate,Deferred Revenue,Net Interest Income,Free Cash Flow to the Firm,Tangible Assets,Adjusted Operating Income,EBIT,Operating Cash Flow,Common Book Value,Tangible Book Value,Common Tangible Book Value,Free Cash Flow Ratio,"Selling, General and Administrative Exp. Ratio",Research and Development Exp. Ratio,Other Expenses Ratio,Net Interest IncomeRatio,Depreciation and Amortization Ratio,EBIT Margin,Adjusted Operating Margin,Operating Cash Flow Margin,Cost-to-Income Ratio,Operating Expense Ratio,Revenue per share,Operating Income per share,FCF per share,CAPEX per share,Book value per share,Dividends per share,Total Debt,Financial leverage,Cash to Debt Ratio,Cash & Investments,Cash & Investments to Debt Ratio,Net Debt,Net Debt w/Investments,Working Capital,Current Ratio,Quick Ratio,Cash to Current Assets,Cash to Assets,Debt to Equity,Debt to Assets,Interest Coverage,Current Liability Coverage Ratio,Cash Ratio,Net Working Capital to Assets,Long Term Debt Ratio,Total Debt/ Assets,Net Debt/ Assets,Total Debt/ Equity,Total Liabilities/ Equity,Net Debt/ Equity,Equity Ratio,Equity Multiplier,Debt/ Tangible Book Value,Net Debt/ EBITDA,Cash to Debt,Cash Flow Coverage Ratio,Free Cash Flow/ Long Term Debt,Debt Leverage Ratio,Interest Expense to Debt Ratio,Cash Sales,Cash Revenue Adjustment,CFO/ Net Income,Return on Equity,NOPAT,Invested Capital,Return on Invested Capital,Capital Employed,ROCE,CFROI,Asset Turnover Ratio,Inventory Turnover,Receivables Turnover,Cash Turnover Ratio,Gross Profitability Ratio,Tangible Gross Profitability Ratio,Cash Return on Invested Capital,Adjusted Return on Capital Employed,Cash Return on Capital Employed,EBIT Return on Assets,EBIT Return on Tangible Assets,Return on Assets,Return on Tangible Equity,Cash Return on Equity,Return on Retained Earnings,R&D / Assets,R&D / Book,CapEx / Assets,CapEx / Fixed Assets,Retained Earnings / Total Assets,Inventory / Assets,Accounts Receivable / Assets,Plowback Ratio,Dividend & Repurchase / FCF,Dividend & Repurchase / EBITDA,Revenue growth year over year,Revenue growth 3 year average,Revenue growth 5 year average,Revenue growth 10 year average,COGS growth year over year,COGS growth 3 year average,COGS growth 5 year average,COGS growth 10 year average,Gross Profit growth year over year,Gross Profit growth 3 year average,Gross Profit growth 5 year average,Gross Profit growth 10 year average,Gross Profit Ratio growth year over year,Gross Profit Ratio growth 3 year average,Gross Profit Ratio growth 5 year average,Gross Profit Ratio growth 10 year average,Research and Development Exp. growth year over year,Research and Development Exp. growth 3 year average,Research and Development Exp. growth 5 year average,Research and Development Exp. growth 10 year average,"Selling, General and Administrative Exp. growth year over year","Selling, General and Administrative Exp. growth 3 year average","Selling, General and Administrative Exp. growth 5 year average","Selling, General and Administrative Exp. growth 10 year average",Other Expenses growth year over year,Other Expenses growth 3 year average,Other Expenses growth 5 year average,Other Expenses growth 10 year average,Operating Expenses growth year over year,Operating Expenses growth 3 year average,Operating Expenses growth 5 year average,Operating Expenses growth 10 year average,COGS and Expenses growth year over year,COGS and Expenses growth 3 year average,COGS and Expenses growth 5 year average,COGS and Expenses growth 10 year average,Interest Income growth year over year,Interest Income growth 3 year average,Interest Income growth 5 year average,Interest Income growth 10 year average,Interest Expense (Gain) growth year over year,Interest Expense (Gain) growth 3 year average,Interest Expense (Gain) growth 5 year average,Interest Expense (Gain) growth 10 year average,Depreciation and Amortization growth year over year,Depreciation and Amortization growth 3 year average,Depreciation and Amortization growth 5 year average,Depreciation and Amortization growth 10 year average,EBITDA growth year over year,EBITDA growth 3 year average,EBITDA growth 5 year average,EBITDA growth 10 year average,EBITDA Ratio growth year over year,EBITDA Ratio growth 3 year average,EBITDA Ratio growth 5 year average,EBITDA Ratio growth 10 year average,Operating Income growth year over year,Operating Income growth 3 year average,Operating Income growth 5 year average,Operating Income growth 10 year average,Operating Income Ratio growth year over year,Operating Income Ratio growth 3 year average,Operating Income Ratio growth 5 year average,Operating Income Ratio growth 10 year average,Total Other Income Expenses (Gains) growth year over year,Total Other Income Expenses (Gains) growth 3 year average,Total Other Income Expenses (Gains) growth 5 year average,Total Other Income Expenses (Gains) growth 10 year average,Income Before Tax growth year over year,Income Before Tax growth 3 year average,Income Before Tax growth 5 year average,Income Before Tax growth 10 year average,Income Before Tax Ratio growth year over year,Income Before Tax Ratio growth 3 year average,Income Before Tax Ratio growth 5 year average,Income Before Tax Ratio growth 10 year average,Income Tax expense (Gain) growth year over year,Income Tax expense (Gain) growth 3 year average,Income Tax expense (Gain) growth 5 year average,Income Tax expense (Gain) growth 10 year average,Net Income growth year over year,Net Income growth 3 year average,Net Income growth 5 year average,Net Income growth 10 year average,Net Income Ratio growth year over year,Net Income Ratio growth 3 year average,Net Income Ratio growth 5 year average,Net Income Ratio growth 10 year average,EPS growth year over year,EPS growth 3 year average,EPS growth 5 year average,EPS growth 10 year average,EPS Diluted growth year over year,EPS Diluted growth 3 year average,EPS Diluted growth 5 year average,EPS Diluted growth 10 year average,Weighted Average Shares Outstanding growth year over year,Weighted Average Shares Outstanding growth 3 year average,Weighted Average Shares Outstanding growth 5 year average,Weighted Average Shares Outstanding growth 10 year average,Weighted Average Shares Outstanding Diluted growth year over year,Weighted Average Shares Outstanding Diluted growth 3 year average,Weighted Average Shares Outstanding Diluted growth 5 year average,Weighted Average Shares Outstanding Diluted growth 10 year average,Cash and Cash Equivalents growth year over year,Cash and Cash Equivalents growth 3 year average,Cash and Cash Equivalents growth 5 year average,Cash and Cash Equivalents growth 10 year average,Short-Term Investments growth year over year,Short-Term Investments growth 3 year average,Short-Term Investments growth 5 year average,Short-Term Investments growth 10 year average,Cash and Short-Term Investments growth year over year,Cash and Short-Term Investments growth 3 year average,Cash and Short-Term Investments growth 5 year average,Cash and Short-Term Investments growth 10 year average,Net Receivables growth year over year,Net Receivables growth 3 year average,Net Receivables growth 5 year average,Net Receivables growth 10 year average,Inventory (Balance) growth year over year,Inventory (Balance) growth 3 year average,Inventory (Balance) growth 5 year average,Inventory (Balance) growth 10 year average,Other Current Assets growth year over year,Other Current Assets growth 3 year average,Other Current Assets growth 5 year average,Other Current Assets growth 10 year average,Total Current Assets growth year over year,Total Current Assets growth 3 year average,Total Current Assets growth 5 year average,Total Current Assets growth 10 year average,PP&E growth year over year,PP&E growth 3 year average,PP&E growth 5 year average,PP&E growth 10 year average,Goodwill growth year over year,Goodwill growth 3 year average,Goodwill growth 5 year average,Goodwill growth 10 year average,Intangible Assets growth year over year,Intangible Assets growth 3 year average,Intangible Assets growth 5 year average,Intangible Assets growth 10 year average,Goodwill and Intangible Assets growth year over year,Goodwill and Intangible Assets growth 3 year average,Goodwill and Intangible Assets growth 5 year average,Goodwill and Intangible Assets growth 10 year average,Investments growth year over year,Investments growth 3 year average,Investments growth 5 year average,Investments growth 10 year average,Tax Assets growth year over year,Tax Assets growth 3 year average,Tax Assets growth 5 year average,Tax Assets growth 10 year average,Other Non-Current Assets growth year over year,Other Non-Current Assets growth 3 year average,Other Non-Current Assets growth 5 year average,Other Non-Current Assets growth 10 year average,Total Non-Current Assets growth year over year,Total Non-Current Assets growth 3 year average,Total Non-Current Assets growth 5 year average,Total Non-Current Assets growth 10 year average,Other Assets growth year over year,Other Assets growth 3 year average,Other Assets growth 5 year average,Other Assets growth 10 year average,Total Assets growth year over year,Total Assets growth 3 year average,Total Assets growth 5 year average,Total Assets growth 10 year average,Accounts Payable (Balance) growth year over year,Accounts Payable (Balance) growth 3 year average,Accounts Payable (Balance) growth 5 year average,Accounts Payable (Balance) growth 10 year average,Short-Term Debt growth year over year,Short-Term Debt growth 3 year average,Short-Term Debt growth 5 year average,Short-Term Debt growth 10 year average,Tax Payable growth year over year,Tax Payable growth 3 year average,Tax Payable growth 5 year average,Tax Payable growth 10 year average,Deferred Revenue (Current) growth year over year,Deferred Revenue (Current) growth 3 year average,Deferred Revenue (Current) growth 5 year average,Deferred Revenue (Current) growth 10 year average,Other Current Liabilities growth year over year,Other Current Liabilities growth 3 year average,Other Current Liabilities growth 5 year average,Other Current Liabilities growth 10 year average,Total Current Liabilities growth year over year,Total Current Liabilities growth 3 year average,Total Current Liabilities growth 5 year average,Total Current Liabilities growth 10 year average,Long-Term Debt growth year over year,Long-Term Debt growth 3 year average,Long-Term Debt growth 5 year average,Long-Term Debt growth 10 year average,Deferred Revenue (Non-Current) growth year over year,Deferred Revenue (Non-Current) growth 3 year average,Deferred Revenue (Non-Current) growth 5 year average,Deferred Revenue (Non-Current) growth 10 year average,Deferred Tax Liabilities growth year over year,Deferred Tax Liabilities growth 3 year average,Deferred Tax Liabilities growth 5 year average,Deferred Tax Liabilities growth 10 year average,Other Non-Current Liabilities growth year over year,Other Non-Current Liabilities growth 3 year average,Other Non-Current Liabilities growth 5 year average,Other Non-Current Liabilities growth 10 year average,Total Non-Current Liabilities growth year over year,Total Non-Current Liabilities growth 3 year average,Total Non-Current Liabilities growth 5 year average,Total Non-Current Liabilities growth 10 year average,Other Liabilities growth year over year,Other Liabilities growth 3 year average,Other Liabilities growth 5 year average,Other Liabilities growth 10 year average,Capital Lease Obligations growth year over year,Capital Lease Obligations growth 3 year average,Capital Lease Obligations growth 5 year average,Capital Lease Obligations growth 10 year average,Total Liabilities growth year over year,Total Liabilities growth 3 year average,Total Liabilities growth 5 year average,Total Liabilities growth 10 year average,Preferred Stock growth year over year,Preferred Stock growth 3 year average,Preferred Stock growth 5 year average,Preferred Stock growth 10 year average,Common Stock growth year over year,Common Stock growth 3 year average,Common Stock growth 5 year average,Common Stock growth 10 year average,Retained Earnings growth year over year,Retained Earnings growth 3 year average,Retained Earnings growth 5 year average,Retained Earnings growth 10 year average,Other Comprehensive Income/Loss growth year over year,Other Comprehensive Income/Loss growth 3 year average,Other Comprehensive Income/Loss growth 5 year average,Other Comprehensive Income/Loss growth 10 year average,Other Total Stockholders Equity growth year over year,Other Total Stockholders Equity growth 3 year average,Other Total Stockholders Equity growth 5 year average,Other Total Stockholders Equity growth 10 year average,Total Stockholders Equity growth year over year,Total Stockholders Equity growth 3 year average,Total Stockholders Equity growth 5 year average,Total Stockholders Equity growth 10 year average,Total Liabilities And Stockholders Equity growth year over year,Total Liabilities And Stockholders Equity growth 3 year average,Total Liabilities And Stockholders Equity growth 5 year average,Total Liabilities And Stockholders Equity growth 10 year average,Minority Interest growth year over year,Minority Interest growth 3 year average,Minority Interest growth 5 year average,Minority Interest growth 10 year average,Total Liabilities & Equity growth year over year,Total Liabilities & Equity growth 3 year average,Total Liabilities & Equity growth 5 year average,Total Liabilities & Equity growth 10 year average,Net Income (Cash Flow) growth year over year,Net Income (Cash Flow) growth 3 year average,Net Income (Cash Flow) growth 5 year average,Net Income (Cash Flow) growth 10 year average,Depreciation and Amortization (Cash Flow) growth year over year,Depreciation and Amortization (Cash Flow) growth 3 year average,Depreciation and Amortization (Cash Flow) growth 5 year average,Depreciation and Amortization (Cash Flow) growth 10 year average,Deferred Income Tax growth year over year,Deferred Income Tax growth 3 year average,Deferred Income Tax growth 5 year average,Deferred Income Tax growth 10 year average,Stock Based Compensation growth year over year,Stock Based Compensation growth 3 year average,Stock Based Compensation growth 5 year average,Stock Based Compensation growth 10 year average,Change in Working Capital growth year over year,Change in Working Capital growth 3 year average,Change in Working Capital growth 5 year average,Change in Working Capital growth 10 year average,Accounts Receivable growth year over year,Accounts Receivable growth 3 year average,Accounts Receivable growth 5 year average,Accounts Receivable growth 10 year average,Inventory (Cash Flow) growth year over year,Inventory (Cash Flow) growth 3 year average,Inventory (Cash Flow) growth 5 year average,Inventory (Cash Flow) growth 10 year average,Accounts Payable (Cash Flow) growth year over year,Accounts Payable (Cash Flow) growth 3 year average,Accounts Payable (Cash Flow) growth 5 year average,Accounts Payable (Cash Flow) growth 10 year average,Other Working Capital growth year over year,Other Working Capital growth 3 year average,Other Working Capital growth 5 year average,Other Working Capital growth 10 year average,Other Non-Cash Items growth year over year,Other Non-Cash Items growth 3 year average,Other Non-Cash Items growth 5 year average,Other Non-Cash Items growth 10 year average,Cash Provided by Operating Activities growth year over year,Cash Provided by Operating Activities growth 3 year average,Cash Provided by Operating Activities growth 5 year average,Cash Provided by Operating Activities growth 10 year average,CAPEX growth year over year,CAPEX growth 3 year average,CAPEX growth 5 year average,CAPEX growth 10 year average,Acquisitions Net growth year over year,Acquisitions Net growth 3 year average,Acquisitions Net growth 5 year average,Acquisitions Net growth 10 year average,Purchases of Investments growth year over year,Purchases of Investments growth 3 year average,Purchases of Investments growth 5 year average,Purchases of Investments growth 10 year average,Sales/Maturities of Investments growth year over year,Sales/Maturities of Investments growth 3 year average,Sales/Maturities of Investments growth 5 year average,Sales/Maturities of Investments growth 10 year average,Other Investing Activities growth year over year,Other Investing Activities growth 3 year average,Other Investing Activities growth 5 year average,Other Investing Activities growth 10 year average,Cash Used for Investing Activites growth year over year,Cash Used for Investing Activites growth 3 year average,Cash Used for Investing Activites growth 5 year average,Cash Used for Investing Activites growth 10 year average,Debt Repayment growth year over year,Debt Repayment growth 3 year average,Debt Repayment growth 5 year average,Debt Repayment growth 10 year average,Common Stock Issued growth year over year,Common Stock Issued growth 3 year average,Common Stock Issued growth 5 year average,Common Stock Issued growth 10 year average,Common Stock Repurchased growth year over year,Common Stock Repurchased growth 3 year average,Common Stock Repurchased growth 5 year average,Common Stock Repurchased growth 10 year average,Dividends Paid growth year over year,Dividends Paid growth 3 year average,Dividends Paid growth 5 year average,Dividends Paid growth 10 year average,Other Financing Activites growth year over year,Other Financing Activites growth 3 year average,Other Financing Activites growth 5 year average,Other Financing Activites growth 10 year average,Cash Used/Provided by Financing Activities growth year over year,Cash Used/Provided by Financing Activities growth 3 year average,Cash Used/Provided by Financing Activities growth 5 year average,Cash Used/Provided by Financing Activities growth 10 year average,Effect of Forex Changes on Cash growth year over year,Effect of Forex Changes on Cash growth 3 year average,Effect of Forex Changes on Cash growth 5 year average,Effect of Forex Changes on Cash growth 10 year average,Net Change In Cash growth year over year,Net Change In Cash growth 3 year average,Net Change In Cash growth 5 year average,Net Change In Cash growth 10 year average,Cash at the End of Period growth year over year,Cash at the End of Period growth 3 year average,Cash at the End of Period growth 5 year average,Cash at the End of Period growth 10 year average,Cash at the Beginning of Period growth year over year,Cash at the Beginning of Period growth 3 year average,Cash at the Beginning of Period growth 5 year average,Cash at the Beginning of Period growth 10 year average,Free Cash Flow growth year over year,Free Cash Flow growth 3 year average,Free Cash Flow growth 5 year average,Free Cash Flow growth 10 year average,Open growth year over year,Open growth 3 year average,Open growth 5 year average,Open growth 10 year average,Close growth year over year,Close growth 3 year average,Close growth 5 year average,Close growth 10 year average,Adj Close growth year over year,Adj Close growth 3 year average,Adj Close growth 5 year average,Adj Close growth 10 year average,Volume growth year over year,Volume growth 3 year average,Volume growth 5 year average,Volume growth 10 year average,Dividend growth year over year,Dividend growth 3 year average,Dividend growth 5 year average,Dividend growth 10 year average,Dividend Cum growth year over year,Dividend Cum growth 3 year average,Dividend Cum growth 5 year average,Dividend Cum growth 10 year average,Price with cum Dividends growth year over year,Price with cum Dividends growth 3 year average,Price with cum Dividends growth 5 year average,Price with cum Dividends growth 10 year average,Tax Rate growth year over year,Tax Rate growth 3 year average,Tax Rate growth 5 year average,Tax Rate growth 10 year average,Deferred Revenue growth year over year,Deferred Revenue growth 3 year average,Deferred Revenue growth 5 year average,Deferred Revenue growth 10 year average,Net Interest Income growth year over year,Net Interest Income growth 3 year average,Net Interest Income growth 5 year average,Net Interest Income growth 10 year average,Free Cash Flow to the Firm growth year over year,Free Cash Flow to the Firm growth 3 year average,Free Cash Flow to the Firm growth 5 year average,Free Cash Flow to the Firm growth 10 year average,Tangible Assets growth year over year,Tangible Assets growth 3 year average,Tangible Assets growth 5 year average,Tangible Assets growth 10 year average,Adjusted Operating Income growth year over year,Adjusted Operating Income growth 3 year average,Adjusted Operating Income growth 5 year average,Adjusted Operating Income growth 10 year average,EBIT growth year over year,EBIT growth 3 year average,EBIT growth 5 year average,EBIT growth 10 year average,Operating Cash Flow growth year over year,Operating Cash Flow growth 3 year average,Operating Cash Flow growth 5 year average,Operating Cash Flow growth 10 year average,Common Book Value growth year over year,Common Book Value growth 3 year average,Common Book Value growth 5 year average,Common Book Value growth 10 year average,Tangible Book Value growth year over year,Tangible Book Value growth 3 year average,Tangible Book Value growth 5 year average,Tangible Book Value growth 10 year average,Common Tangible Book Value growth year over year,Common Tangible Book Value growth 3 year average,Common Tangible Book Value growth 5 year average,Common Tangible Book Value growth 10 year average,Free Cash Flow Ratio growth year over year,Free Cash Flow Ratio growth 3 year average,Free Cash Flow Ratio growth 5 year average,Free Cash Flow Ratio growth 10 year average,"Selling, General and Administrative Exp. Ratio growth year over year","Selling, General and Administrative Exp. Ratio growth 3 year average","Selling, General and Administrative Exp. Ratio growth 5 year average","Selling, General and Administrative Exp. Ratio growth 10 year average",Research and Development Exp. Ratio growth year over year,Research and Development Exp. Ratio growth 3 year average,Research and Development Exp. Ratio growth 5 year average,Research and Development Exp. Ratio growth 10 year average,Other Expenses Ratio growth year over year,Other Expenses Ratio growth 3 year average,Other Expenses Ratio growth 5 year average,Other Expenses Ratio growth 10 year average,Net Interest IncomeRatio growth year over year,Net Interest IncomeRatio growth 3 year average,Net Interest IncomeRatio growth 5 year average,Net Interest IncomeRatio growth 10 year average,Depreciation and Amortization Ratio growth year over year,Depreciation and Amortization Ratio growth 3 year average,Depreciation and Amortization Ratio growth 5 year average,Depreciation and Amortization Ratio growth 10 year average,EBIT Margin growth year over year,EBIT Margin growth 3 year average,EBIT Margin growth 5 year average,EBIT Margin growth 10 year average,Adjusted Operating Margin growth year over year,Adjusted Operating Margin growth 3 year average,Adjusted Operating Margin growth 5 year average,Adjusted Operating Margin growth 10 year average,Operating Cash Flow Margin growth year over year,Operating Cash Flow Margin growth 3 year average,Operating Cash Flow Margin growth 5 year average,Operating Cash Flow Margin growth 10 year average,Cost-to-Income Ratio growth year over year,Cost-to-Income Ratio growth 3 year average,Cost-to-Income Ratio growth 5 year average,Cost-to-Income Ratio growth 10 year average,Operating Expense Ratio growth year over year,Operating Expense Ratio growth 3 year average,Operating Expense Ratio growth 5 year average,Operating Expense Ratio growth 10 year average,Revenue per share growth year over year,Revenue per share growth 3 year average,Revenue per share growth 5 year average,Revenue per share growth 10 year average,Operating Income per share growth year over year,Operating Income per share growth 3 year average,Operating Income per share growth 5 year average,Operating Income per share growth 10 year average,FCF per share growth year over year,FCF per share growth 3 year average,FCF per share growth 5 year average,FCF per share growth 10 year average,CAPEX per share growth year over year,CAPEX per share growth 3 year average,CAPEX per share growth 5 year average,CAPEX per share growth 10 year average,Book value per share growth year over year,Book value per share growth 3 year average,Book value per share growth 5 year average,Book value per share growth 10 year average,Dividends per share growth year over year,Dividends per share growth 3 year average,Dividends per share growth 5 year average,Dividends per share growth 10 year average,Total Debt growth year over year,Total Debt growth 3 year average,Total Debt growth 5 year average,Total Debt growth 10 year average,Financial leverage growth year over year,Financial leverage growth 3 year average,Financial leverage growth 5 year average,Financial leverage growth 10 year average,Cash to Debt Ratio growth year over year,Cash to Debt Ratio growth 3 year average,Cash to Debt Ratio growth 5 year average,Cash to Debt Ratio growth 10 year average,Cash & Investments growth year over year,Cash & Investments growth 3 year average,Cash & Investments growth 5 year average,Cash & Investments growth 10 year average,Cash & Investments to Debt Ratio growth year over year,Cash & Investments to Debt Ratio growth 3 year average,Cash & Investments to Debt Ratio growth 5 year average,Cash & Investments to Debt Ratio growth 10 year average,Net Debt growth year over year,Net Debt growth 3 year average,Net Debt growth 5 year average,Net Debt growth 10 year average,Net Debt w/Investments growth year over year,Net Debt w/Investments growth 3 year average,Net Debt w/Investments growth 5 year average,Net Debt w/Investments growth 10 year average,Working Capital growth year over year,Working Capital growth 3 year average,Working Capital growth 5 year average,Working Capital growth 10 year average,Current Ratio growth year over year,Current Ratio growth 3 year average,Current Ratio growth 5 year average,Current Ratio growth 10 year average,Quick Ratio growth year over year,Quick Ratio growth 3 year average,Quick Ratio growth 5 year average,Quick Ratio growth 10 year average,Cash to Current Assets growth year over year,Cash to Current Assets growth 3 year average,Cash to Current Assets growth 5 year average,Cash to Current Assets growth 10 year average,Cash to Assets growth year over year,Cash to Assets growth 3 year average,Cash to Assets growth 5 year average,Cash to Assets growth 10 year average,Debt to Equity growth year over year,Debt to Equity growth 3 year average,Debt to Equity growth 5 year average,Debt to Equity growth 10 year average,Debt to Assets growth year over year,Debt to Assets growth 3 year average,Debt to Assets growth 5 year average,Debt to Assets growth 10 year average,Interest Coverage growth year over year,Interest Coverage growth 3 year average,Interest Coverage growth 5 year average,Interest Coverage growth 10 year average,Current Liability Coverage Ratio growth year over year,Current Liability Coverage Ratio growth 3 year average,Current Liability Coverage Ratio growth 5 year average,Current Liability Coverage Ratio growth 10 year average,Cash Ratio growth year over year,Cash Ratio growth 3 year average,Cash Ratio growth 5 year average,Cash Ratio growth 10 year average,Net Working Capital to Assets growth year over year,Net Working Capital to Assets growth 3 year average,Net Working Capital to Assets growth 5 year average,Net Working Capital to Assets growth 10 year average,Long Term Debt Ratio growth year over year,Long Term Debt Ratio growth 3 year average,Long Term Debt Ratio growth 5 year average,Long Term Debt Ratio growth 10 year average,Total Debt/ Assets growth year over year,Total Debt/ Assets growth 3 year average,Total Debt/ Assets growth 5 year average,Total Debt/ Assets growth 10 year average,Net Debt/ Assets growth year over year,Net Debt/ Assets growth 3 year average,Net Debt/ Assets growth 5 year average,Net Debt/ Assets growth 10 year average,Total Debt/ Equity growth year over year,Total Debt/ Equity growth 3 year average,Total Debt/ Equity growth 5 year average,Total Debt/ Equity growth 10 year average,Total Liabilities/ Equity growth year over year,Total Liabilities/ Equity growth 3 year average,Total Liabilities/ Equity growth 5 year average,Total Liabilities/ Equity growth 10 year average,Net Debt/ Equity growth year over year,Net Debt/ Equity growth 3 year average,Net Debt/ Equity growth 5 year average,Net Debt/ Equity growth 10 year average,Equity Ratio growth year over year,Equity Ratio growth 3 year average,Equity Ratio growth 5 year average,Equity Ratio growth 10 year average,Equity Multiplier growth year over year,Equity Multiplier growth 3 year average,Equity Multiplier growth 5 year average,Equity Multiplier growth 10 year average,Debt/ Tangible Book Value growth year over year,Debt/ Tangible Book Value growth 3 year average,Debt/ Tangible Book Value growth 5 year average,Debt/ Tangible Book Value growth 10 year average,Net Debt/ EBITDA growth year over year,Net Debt/ EBITDA growth 3 year average,Net Debt/ EBITDA growth 5 year average,Net Debt/ EBITDA growth 10 year average,Cash to Debt growth year over year,Cash to Debt growth 3 year average,Cash to Debt growth 5 year average,Cash to Debt growth 10 year average,Cash Flow Coverage Ratio growth year over year,Cash Flow Coverage Ratio growth 3 year average,Cash Flow Coverage Ratio growth 5 year average,Cash Flow Coverage Ratio growth 10 year average,Free Cash Flow/ Long Term Debt growth year over year,Free Cash Flow/ Long Term Debt growth 3 year average,Free Cash Flow/ Long Term Debt growth 5 year average,Free Cash Flow/ Long Term Debt growth 10 year average,Debt Leverage Ratio growth year over year,Debt Leverage Ratio growth 3 year average,Debt Leverage Ratio growth 5 year average,Debt Leverage Ratio growth 10 year average,Interest Expense to Debt Ratio growth year over year,Interest Expense to Debt Ratio growth 3 year average,Interest Expense to Debt Ratio growth 5 year average,Interest Expense to Debt Ratio growth 10 year average,Cash Sales growth year over year,Cash Sales growth 3 year average,Cash Sales growth 5 year average,Cash Sales growth 10 year average,Cash Revenue Adjustment growth year over year,Cash Revenue Adjustment growth 3 year average,Cash Revenue Adjustment growth 5 year average,Cash Revenue Adjustment growth 10 year average,CFO/ Net Income growth year over year,CFO/ Net Income growth 3 year average,CFO/ Net Income growth 5 year average,CFO/ Net Income growth 10 year average,Return on Equity growth year over year,Return on Equity growth 3 year average,Return on Equity growth 5 year average,Return on Equity growth 10 year average,NOPAT growth year over year,NOPAT growth 3 year average,NOPAT growth 5 year average,NOPAT growth 10 year average,Invested Capital growth year over year,Invested Capital growth 3 year average,Invested Capital growth 5 year average,Invested Capital growth 10 year average,Return on Invested Capital growth year over year,Return on Invested Capital growth 3 year average,Return on Invested Capital growth 5 year average,Return on Invested Capital growth 10 year average,Capital Employed growth year over year,Capital Employed growth 3 year average,Capital Employed growth 5 year average,Capital Employed growth 10 year average,ROCE growth year over year,ROCE growth 3 year average,ROCE growth 5 year average,ROCE growth 10 year average,CFROI growth year over year,CFROI growth 3 year average,CFROI growth 5 year average,CFROI growth 10 year average,Asset Turnover Ratio growth year over year,Asset Turnover Ratio growth 3 year average,Asset Turnover Ratio growth 5 year average,Asset Turnover Ratio growth 10 year average,Inventory Turnover growth year over year,Inventory Turnover growth 3 year average,Inventory Turnover growth 5 year average,Inventory Turnover growth 10 year average,Receivables Turnover growth year over year,Receivables Turnover growth 3 year average,Receivables Turnover growth 5 year average,Receivables Turnover growth 10 year average,Cash Turnover Ratio growth year over year,Cash Turnover Ratio growth 3 year average,Cash Turnover Ratio growth 5 year average,Cash Turnover Ratio growth 10 year average,Gross Profitability Ratio growth year over year,Gross Profitability Ratio growth 3 year average,Gross Profitability Ratio growth 5 year average,Gross Profitability Ratio growth 10 year average,Tangible Gross Profitability Ratio growth year over year,Tangible Gross Profitability Ratio growth 3 year average,Tangible Gross Profitability Ratio growth 5 year average,Tangible Gross Profitability Ratio growth 10 year average,Cash Return on Invested Capital growth year over year,Cash Return on Invested Capital growth 3 year average,Cash Return on Invested Capital growth 5 year average,Cash Return on Invested Capital growth 10 year average,Adjusted Return on Capital Employed growth year over year,Adjusted Return on Capital Employed growth 3 year average,Adjusted Return on Capital Employed growth 5 year average,Adjusted Return on Capital Employed growth 10 year average,Cash Return on Capital Employed growth year over year,Cash Return on Capital Employed growth 3 year average,Cash Return on Capital Employed growth 5 year average,Cash Return on Capital Employed growth 10 year average,EBIT Return on Assets growth year over year,EBIT Return on Assets growth 3 year average,EBIT Return on Assets growth 5 year average,EBIT Return on Assets growth 10 year average,EBIT Return on Tangible Assets growth year over year,EBIT Return on Tangible Assets growth 3 year average,EBIT Return on Tangible Assets growth 5 year average,EBIT Return on Tangible Assets growth 10 year average,Return on Assets growth year over year,Return on Assets growth 3 year average,Return on Assets growth 5 year average,Return on Assets growth 10 year average,Return on Tangible Equity growth year over year,Return on Tangible Equity growth 3 year average,Return on Tangible Equity growth 5 year average,Return on Tangible Equity growth 10 year average,Cash Return on Equity growth year over year,Cash Return on Equity growth 3 year average,Cash Return on Equity growth 5 year average,Cash Return on Equity growth 10 year average,Return on Retained Earnings growth year over year,Return on Retained Earnings growth 3 year average,Return on Retained Earnings growth 5 year average,Return on Retained Earnings growth 10 year average,R&D / Assets growth year over year,R&D / Assets growth 3 year average,R&D / Assets growth 5 year average,R&D / Assets growth 10 year average,R&D / Book growth year over year,R&D / Book growth 3 year average,R&D / Book growth 5 year average,R&D / Book growth 10 year average,CapEx / Assets growth year over year,CapEx / Assets growth 3 year average,CapEx / Assets growth 5 year average,CapEx / Assets growth 10 year average,CapEx / Fixed Assets growth year over year,CapEx / Fixed Assets growth 3 year average,CapEx / Fixed Assets growth 5 year average,CapEx / Fixed Assets growth 10 year average,Retained Earnings / Total Assets growth year over year,Retained Earnings / Total Assets growth 3 year average,Retained Earnings / Total Assets growth 5 year average,Retained Earnings / Total Assets growth 10 year average,Inventory / Assets growth year over year,Inventory / Assets growth 3 year average,Inventory / Assets growth 5 year average,Inventory / Assets growth 10 year average,Accounts Receivable / Assets growth year over year,Accounts Receivable / Assets growth 3 year average,Accounts Receivable / Assets growth 5 year average,Accounts Receivable / Assets growth 10 year average,Plowback Ratio growth year over year,Plowback Ratio growth 3 year average,Plowback Ratio growth 5 year average,Plowback Ratio growth 10 year average,Dividend & Repurchase / FCF growth year over year,Dividend & Repurchase / FCF growth 3 year average,Dividend & Repurchase / FCF growth 5 year average,Dividend & Repurchase / FCF growth 10 year average,Dividend & Repurchase / EBITDA growth year over year,Dividend & Repurchase / EBITDA growth 3 year average,Dividend & Repurchase / EBITDA growth 5 year average,Dividend & Repurchase / EBITDA growth 10 year average
1992,315200000,111900000,203300000,0.645,0.0,105900000,4600000,110500000,222400000,0.0,0.0,4600000,96100000.0,0.3049,92800000,0.2944,-1300000,91500000,0.2903,34900000,56600000,0.1796,0.14,0.14,390344828,390344828,95400000,0.0,95400000,49100000,40500000,51500000,236500000,46600000,0.0,9300000,9300000,0.0,0.0,6700000,62600000,0.0,299100000,6500000,20000000,0.0,0.0,16100000,42600000,6100000,0.0,1400000.0,-100000.0,7400000,0.0,0.0,50000000,0.0,0.0,105200000,-15000000,158900000,249100000,299100000,0.0,299100000,56600000,4600000,0.0,0.0,130500000,0.0,-4800000,0.0,193900000.0,-149200000,42500000,-10400000,0.0,-41800000.0,0.0,1700000.0,-50500000,0.0,121900000.0,0.0,-20000000.0,-4000000,97900000,-500000.0,,,5900000,32100000,4.64,4.765000000000001,4.765000000000001,10109200.0,0,0,4.765000000000001,0.3814207650273224,0.0,0.0,32100000.0,289800000,92800000,91500000.0,193000000,249100000.0,239800000,239800000.0,0.10184010152284265,0.5209050664043285,0.0,0.014593908629441625,0.0,0.014593908629441625,0.29029187817258884,0.29441624365482233,0.6123096446700508,1.1907327586206897,0.3505710659898477,0.8074911652217408,0.23773851564904044,0.08223498224498059,-0.026643109512392463,0.6381537095708618,-0.051236749062293196,26100000,0.10477719791248495,3.6551724137931036,95400000.0,3.6551724137931036,-69300000,-69300000.0,193900000,5.551643192488263,2.23943661971831,0.40338266384778015,0.31895687061183553,0.17101565636290647,0.1424272818455366,99.0,5.0,2.23943661971831,0.6482781678368439,0.02474088933467068,0.08726178535606821,-0.2316950852557673,0.10477719791248495,0.20072260136491368,-0.27820152549177035,0.8328318288197927,1.2007226013649137,0.2085070892410342,-0.7211238293444329,3.6551724137931036,3.86,5.262295081967213,0.5202913631633714,0.0,315200000.0,,3.409893992932862,0.22721798474508229,57404153.00546447,256500000,0.22379786746769775,256500000,0.3567251461988304,0.7524366471734892,1.0538281511200267,2.762962962962963,inf,3.3039832285115303,0.6797057840187228,0.7015182884748102,0.12514619883040937,0.3617933723196881,0.12514619883040937,0.3059177532597793,0.31573498964803315,0.1919229455214459,0.23603002502085071,0.7747892412685669,0.5380228136882129,0.0,0.0,0.034770979605483116,0.22317596566523606,0.3517218321631561,0.1354062186559679,0.0,1.353356890459364,-4.420560747663552,-1.4765868886576483,,,,,,,,,,,,,,,,,,,,,,,,,,,,,,,,,,,,,,,,,,,,,,,,,,,,,,,,,,,,,,,,,,,,,,,,,,,,,,,,,,,,,,,,,,,,,,,,,,,,,,,,,,,,,,,,,,,,,,,,,,,,,,,,,,,,,,,,,,,,,,,,,,,,,,,,,,,,,,,,,,,,,,,,,,,,,,,,,,,,,,,,,,,,,,,,,,,,,,,,,,,,,,,,,,,,,,,,,,,,,,,,,,,,,,,,,,,,,,,,,,,,,,,,,,,,,,,,,,,,,,,,,,,,,,,,,,,,,,,,,,,,,,,,,,,,,,,,,,,,,,,,,,,,,,,,,,,,,,,,,,,,,,,,,,,,,,,,,,,,,,,,,,,,,,,,,,,,,,,,,,,,,,,,,,,,,,,,,,,,,,,,,,,,,,,,,,,,,,,,,,,,,,,,,,,,,,,,,,,,,,,,,,,,,,,,,,,,,,,,,,,,,,,,,,,,,,,,,,,,,,,,,,,,,,,,,,,,,,,,,,,,,,,,,,,,,,,,,,,,,,,,,,,,,,,,,,,,,,,,,,,,,,,,,,,,,,,,,,,,,,,,,,,,,,,,,,,,,,,,,,,,,,,,,,,,,,,,,,,,,,,,,,,,,,,,,,,,,,,,,,,,,,,,,,,,,,,,,,,,,,,,,,,,,,,,,,,,,,,,,,,,,,,,,,,,,,,,,,,,,,,,,,,,,,,,,,,,,,,,,,,,,,,,,,,,,,,,,,,,,,,,,,,,,,,,,,,,,,,,,,,,,,,,,,,,,,,,,,,,,,,,,,,,,,,,,,,,,,,,,,,,,,,,,,,,,,,,,,,,,,,,,,,,
1993,380100000,133900000,246200000,0.6477,0.0,131200000,6400000,137600000,271500000,0.0,0.0,6400000,115900000.0,0.3049,108600000,0.2857,900000,109500000,0.2881,39800000,69700000,0.1834,0.1,0.1,395200000,395200000,60800000,0.0,60800000,58800000,41800000,54700000,216100000,77000000,0.0,16900000,16900000,0.0,0.0,13200000,107100000,0.0,323200000,10700000,29500000,0.0,0.0,16900000,57100000,6000000,0.0,2400000.0,11000000.0,19400000,0.0,0.0,76500000,0.0,0.0,174600000,-20200000,92300000,246700000,323200000,0.0,323200000,69700000,6400000,0.0,0.0,-34900000,0.0,-1400000,0.0,159000000.0,24600000,65800000,-35800000,0.0,-400000.0,0.0,-12800000.0,-49000000,0.0,400000.0,-57400000.0,0.0,6000000,-51000000,-300000.0,,,95400000,30000000,3.645,3.545,3.545,10448400.0,0,0,3.545,0.3634703196347032,0.0,0.0,30000000.0,306300000,108600000,109500000.0,40300000,246700000.0,229800000,229800000.0,0.07892659826361484,0.5329000812347685,0.0,0.016837674296237833,0.0,0.016837674296237833,0.2880820836621942,0.2857142857142857,0.1060247303341226,1.267034990791897,0.3620099973691134,0.9617914979757085,0.27479757085020245,0.07591093117408906,-0.09058704453441295,0.6242408906882592,0.0,35500000,0.1438994730441832,1.712676056338028,60800000.0,1.712676056338028,-25300000,-25300000.0,159000000,3.7845884413309983,1.064798598949212,0.28135122628412773,0.18811881188118812,0.23145520875557357,0.1766707920792079,99.0,0.7057793345008757,1.064798598949212,0.49195544554455445,0.06002475247524752,0.10983910891089109,-0.07827970297029703,0.1438994730441832,0.3100932306445075,-0.10255370895824889,0.7633044554455446,1.3100932306445074,0.3328981723237598,-0.2182916307161346,1.712676056338028,0.526797385620915,5.0,0.6600517687661778,0.0,380100000.0,,0.5781922525107605,0.28252938792055127,69127123.28767122,266100000,0.2597787421558483,266100000,0.41149943630214203,0.1514468245020669,1.1760519801980198,3.2033492822966507,inf,6.251644736842105,0.7617574257425742,0.8037871367939928,0.11273957158962795,0.4081172491544532,0.11273957158962795,0.33879950495049505,0.3574926542605289,0.21388342601383423,0.3033072236727589,0.16335630320226996,0.3991981672394044,0.0,0.0,0.11076732673267327,0.4649350649350649,0.5402227722772277,0.12933168316831684,0.0,1.0,1.9,0.4918032786885246,0.2059010152284264,,,,0.19660411081322615,,,,0.21101819970486968,,,,0.0041860465116279055,,,,,,,,0.23890462700660997,,,,0.3913043478260869,,,,0.24524886877828056,,,,0.22077338129496393,,,,,,,,,,,,0.3913043478260869,,,,0.20603537981269504,,,,0.0,,,,0.17025862068965525,,,,-0.029551630434782594,,,,-1.6923076923076923,,,,0.19672131147540983,,,,-0.007578367206338199,,,,0.1404011461318051,,,,0.23144876325088348,,,,0.021158129175946616,,,,-0.2857142857142857,,,,-0.2857142857142857,,,,0.0124381614709137,,,,0.0124381614709137,,,,-0.36268343815513626,,,,,,,,-0.36268343815513626,,,,0.19755600814663943,,,,0.032098765432098775,,,,0.062135922330097015,,,,-0.08625792811839328,,,,0.6523605150214593,,,,,,,,0.8172043010752688,,,,0.8172043010752688,,,,,,,,,,,,0.9701492537313432,,,,0.7108626198083068,,,,,,,,0.08057505850885982,,,,0.6461538461538461,,,,0.4750000000000001,,,,,,,,,,,,0.049689440993788914,,,,0.34037558685446,,,,-0.016393442622950838,,,,,,,,0.7142857142857142,,,,-111.0,,,,1.6216216216216215,,,,,,,,,,,,0.53,,,,,,,,,,,,0.6596958174904943,,,,0.3466666666666667,,,,-0.4191315292636879,,,,-0.009634684865515886,,,,0.08057505850885982,,,,,,,,0.08057505850885982,,,,0.23144876325088348,,,,0.3913043478260869,,,,,,,,,,,,-1.2674329501915709,,,,,,,,-0.7083333333333333,,,,,,,,-0.17998968540484783,,,,-1.1648793565683646,,,,0.5482352941176472,,,,2.4423076923076925,,,,,,,,-0.9904306220095693,,,,,,,,-8.529411764705882,,,,-0.02970297029702973,,,,,,,,-0.9967186218211649,,,,-inf,,,,-1.0,,,,-2.5,,,,-1.5209397344228806,,,,-0.4,,,,,,,,,,,,15.16949152542373,,,,-0.06542056074766356,,,,-0.2144396551724137,,,,-0.2560335781741869,,,,-0.2560335781741869,,,,0.033553594745380444,,,,,,,,,,,,-0.2560335781741869,,,,-0.04706205597205315,,,,,,,,,,,,-0.06542056074766356,,,,0.05693581780538293,,,,0.17025862068965525,,,,0.19672131147540983,,,,-0.7911917098445596,,,,-0.009634684865515886,,,,-0.0417014178482068,,,,-0.0417014178482068,,,,-0.22499489804699702,,,,0.023027256987992795,,,,,,,,0.15374672569003578,,,,,,,,0.15374672569003578,,,,-0.007612319450015281,,,,-0.029556650246305494,,,,-0.8268445854854122,,,,0.06408006466505012,,,,0.03262942235967903,,,,0.1910860940646899,,,,0.1558815789691821,,,,-0.07690220023459093,,,,2.400017722866708,,,,-0.021801673599858185,,,,-1.0,,,,0.3601532567049808,,,,0.37338539215731936,,,,-0.5314376826999735,,,,-0.36268343815513626,,,,-0.5314376826999735,,,,-0.6349206349206349,,,,-0.6349206349206349,,,,-0.17998968540484783,,,,-0.31829400591669965,,,,-0.5245238960667041,,,,-0.3025202828490964,,,,-0.4102061149511178,,,,0.35341531692519657,,,,0.24042802607725555,,,,0.0,,,,-0.8588441330998249,,,,-0.5245238960667041,,,,-0.24113525651172651,,,,1.4261356034252075,,,,0.2587309377489473,,,,-0.6621434464875059,,,,0.37338539215731936,,,,0.5448844750709365,,,,-0.6313689913203492,,,,-0.08348308862399678,,,,0.0910873412020956,,,,0.5965796344647518,,,,-0.6972896722681019,,,,-0.5314376826999735,,,,-0.8635239933624572,,,,-0.049844236760124616,,,,0.26861949956859377,,,,,,,,0.2059010152284264,,,,,,,,-0.8304368834605749,,,,0.24342880796836264,,,,0.2042181561513643,,,,0.037426900584795364,,,,0.16077398366337836,,,,0.037426900584795364,,,,0.1535476001256768,,,,-0.7987248161410354,,,,0.11598079719932652,,,,0.15938915042908275,,,,,,,,0.8921538956051296,,,,0.12071640944222306,,,,0.145782155646331,,,,-0.09913706813895429,,,,0.12803959491505656,,,,-0.09913706813895429,,,,0.10748559487096254,,,,0.13225542300219972,,,,0.11442342359181024,,,,0.2850366119563177,,,,-0.7891603361259821,,,,-0.2580274347423085,,,,,,,,,,,,2.185625714013709,,,,1.0832667332667332,,,,0.5359375588224222,,,,-0.044861569490282416,,,,,,,,-0.2610966057441254,,,,-1.4298097251585622,,,,-1.3330676186185144,,,
1994,448900000,153100000,295800000,0.6589,29500000.0,127200000,9100000,165800000,318900000,0.0,0.0,9100000,138000000.0,0.3074,130000000,0.2896,-1100000,128900000,0.2871,49200000,79700000,0.1775,0.19,0.19,419473684,419473684,90100000,0.0,90100000,74800000,54700000,44200000,263800000,105800000,0.0,35300000,35300000,0.0,0.0,26900000,168000000,0.0,431800000,15100000,34200000,0.0,0.0,24400000,73700000,8900000,0.0,6200000.0,3000000.0,18100000,0.0,0.0,91800000,0.0,0.0,254000000,-28100000,114100000,340000000,431800000,0.0,431800000,79700000,9100000,0.0,0.0,31100000,0.0,-11400000,0.0,190100000.0,-52100000,67800000,-35800000,0.0,-29200000.0,43200000.0,-21700000.0,-43500000,0.0,16000000.0,0.0,0.0,-10900000,5100000,-100000.0,,,60800000,32000000,3.765,3.86,3.86,11293200.0,0,0,3.86,0.3816912335143522,0.0,0.0,32000000.0,396500000,159500000,128900000.0,121000000,340000000.0,304700000,304700000.0,0.07128536422365783,0.4300202839756592,0.06571619514368456,0.020271775451102696,0.0,0.020271775451102696,0.2871463577634217,0.3553129873022945,0.2695477834707062,1.2753846153846153,0.36934729338382716,1.0701505651544043,0.309912170795439,0.07628607281118498,-0.0853450439575132,0.8105395236188404,0.0,43100000,0.12676470588235295,2.0904872389791183,90100000.0,2.0904872389791183,-47000000,-47000000.0,190100000,3.5793758480325644,1.2225237449118047,0.34154662623199394,0.20866141732283464,0.21676470588235294,0.17068087077350624,99.0,1.6417910447761195,1.2225237449118047,0.44025011579434925,0.04191755442334414,0.0998147290412228,-0.10884668828161186,0.12676470588235295,0.27,-0.13823529411764707,0.7874015748031497,1.27,0.3012799474893338,-0.34057971014492755,2.0904872389791183,1.318082788671024,3.595505617977528,0.6652173913043479,0.0,448900000.0,,1.5181932245922207,0.23441176470588235,80380139.64313422,358100000,0.22446283061472835,358100000,0.35995531974308853,0.33789444289304665,1.039601667438629,2.7989031078610602,inf,4.982241953385127,0.6850393700787402,0.7460277427490543,0.08936051382295448,0.44540631108628875,0.08936051382295448,0.2985178323297823,0.32509457755359394,0.18615131922912048,0.2615687561535937,0.3558823529411765,0.31377952755905514,0.06831866604909681,0.08676470588235294,0.08290875405280222,0.3383742911153119,0.5882352941176471,0.12667901806391849,0.0,1.0,-0.5,-0.11594202898550725,0.18100499868455677,,,,0.14339058999253185,,,,0.20146222583265638,,,,0.017291956152539756,,,,inf,,,,-0.030487804878048808,,,,0.421875,,,,0.2049418604651163,,,,0.17458563535911598,,,,,,,,,,,,0.421875,,,,0.19068162208800699,,,,0.008199409642505762,,,,0.19705340699815843,,,,0.013650682534126712,,,,-2.2222222222222223,,,,0.1771689497716895,,,,-0.003471017007983357,,,,0.2361809045226131,,,,0.14347202295552375,,,,-0.03217011995637964,,,,0.8999999999999999,,,,0.8999999999999999,,,,0.06142126518218616,,,,0.06142126518218616,,,,0.48190789473684204,,,,,,,,0.48190789473684204,,,,0.27210884353741505,,,,0.30861244019138745,,,,-0.19195612431444242,,,,0.2207311429893568,,,,0.37402597402597393,,,,,,,,1.088757396449704,,,,1.088757396449704,,,,,,,,,,,,1.037878787878788,,,,0.5686274509803921,,,,,,,,0.3360148514851484,,,,0.4112149532710281,,,,0.15932203389830502,,,,,,,,,,,,0.44378698224852076,,,,0.29071803852889677,,,,0.4833333333333334,,,,,,,,1.5833333333333335,,,,-0.7272727272727273,,,,-0.0670103092783505,,,,,,,,,,,,0.19999999999999996,,,,,,,,,,,,0.45475372279495985,,,,0.391089108910891,,,,0.2361863488624052,,,,0.3781921361978111,,,,0.3360148514851484,,,,,,,,0.3360148514851484,,,,0.14347202295552375,,,,0.421875,,,,,,,,,,,,-1.8911174785100286,,,,,,,,7.142857142857142,,,,,,,,0.19559748427672963,,,,-3.1178861788617884,,,,0.03039513677811545,,,,0.0,,,,,,,,72.0,,,,inf,,,,0.6953125,,,,-0.11224489795918369,,,,,,,,39.0,,,,-1.0,,,,,,,,-2.8166666666666664,,,,-1.1,,,,-0.6666666666666667,,,,,,,,,,,,-0.36268343815513626,,,,0.06666666666666665,,,,0.03292181069958855,,,,0.08885754583921024,,,,0.08885754583921024,,,,0.08085448489720903,,,,,,,,,,,,0.08885754583921024,,,,0.05013040376436084,,,,,,,,,,,,0.06666666666666665,,,,0.2944825334639243,,,,0.46869244935543275,,,,0.1771689497716895,,,,2.002481389578164,,,,0.3781921361978111,,,,0.3259355961705832,,,,0.3259355961705832,,,,-0.09681443528625522,,,,-0.19305644882006634,,,,inf,,,,0.20395341390064603,,,,,,,,0.20395341390064603,,,,-0.0032481225034103334,,,,0.24359545555803086,,,,1.5423104838018715,,,,0.00658989266547394,,,,0.02026821377320287,,,,0.1126637815022904,,,,0.12778351655946119,,,,0.004941865832676751,,,,-0.05786700078186535,,,,0.2984402907748913,,,,,,,,0.21408450704225346,,,,-0.11907456503728242,,,,0.22059698986445242,,,,0.48190789473684204,,,,0.22059698986445242,,,,0.8577075098814229,,,,0.8577075098814229,,,,0.19559748427672963,,,,-0.05422322571652283,,,,0.1481267406984219,,,,0.21395108435417587,,,,0.10920016576875247,,,,-0.06347017616153294,,,,-0.03390442322246545,,,,0.0,,,,1.3262101403651716,,,,0.1481267406984219,,,,-0.1051016514167693,,,,-0.30166218610181306,,,,-0.0912642133486421,,,,0.39048417599276486,,,,-0.11907456503728242,,,,-0.12929411764705878,,,,0.3479307137874914,,,,0.03156947294843104,,,,-0.03060334158415834,,,,-0.09497866754184436,,,,0.5602050753279486,,,,0.22059698986445242,,,,1.5020678246484698,,,,-0.2808988764044944,,,,0.00782608695652165,,,,,,,,0.18100499868455677,,,,,,,,1.6257585050639647,,,,-0.17031015275550676,,,,0.16278727972859186,,,,0.3457346862081925,,,,-0.13594611802351775,,,,0.3457346862081925,,,,-0.12525926407638477,,,,1.231109460393045,,,,-0.1160240491550516,,,,-0.12625728223605437,,,,,,,,-0.20305101087656996,,,,-0.10071192360093895,,,,-0.07185906740846748,,,,-0.20737224239039365,,,,0.09136850257883466,,,,-0.20737224239039365,,,,-0.11889531133346454,,,,-0.09062585292542624,,,,-0.12965991475618122,,,,-0.13761118846347442,,,,1.17856517296745,,,,-0.2139755306770298,,,,inf,,,,inf,,,,-0.25150532654006486,,,,-0.27221172022684303,,,,0.08887541270803867,,,,-0.020510558893338415,,,,,,,,0.0,,,,-1.263157894736842,,,,-1.2357487922705315,,,
1995,1107000000,277000000,830000000,0.7498,0.0,505000000,40000000,545000000,822000000,0.0,0.0,40000000,125000000.0,0.1129,285000000,0.2575,-200000000,85000000,0.0768,77000000,8000000,0.0072,0.01,0.01,348346000,348346000,115000000,0.0,115000000,210000000,145000000,67000000,537000000,254000000,0.0,138000000,138000000,0.0,0.0,146000000,538000000,0.0,1075000000,42000000,58000000,0.0,0.0,171000000,271000000,13000000,0.0,0.0,38000000.0,51000000,0.0,0.0,322000000,0.0,0.0,456000000,-111000000,408000000,753000000,1075000000,0.0,1075000000,8000000,40000000,-22000000.0,0.0,75900000,0.0,-45000000,0.0,266000000.0,-76900000,25000000,-69000000,0.0,-35000000.0,97000000.0,-157000000.0,-164000000,0.0,32000000.0,0.0,0.0,-26000000,6000000,-5000000.0,-139000000.0,115000000.0,254000000,-44000000,7.58,8.55,8.55,31981000.0,0,0,8.55,0.9058823529411765,0.0,0.0,-44000000.0,937000000,285000000,85000000.0,323900000,753000000.0,615000000,615000000.0,-0.03974706413730804,0.608433734939759,0.0,0.036133694670280034,0.0,0.036133694670280034,0.07678410117434507,0.25745257452574527,0.29259259259259257,1.912280701754386,0.49232158988256547,3.177874871535772,0.8181520671975564,-0.12631119633927188,-0.19807892153204,2.1616438828061755,0.0,71000000,0.09428950863213811,1.619718309859155,115000000.0,1.619718309859155,-44000000,-44000000.0,266000000,1.981549815498155,0.42435424354243545,0.21415270018621974,0.10697674418604651,0.3598937583001328,0.25209302325581395,99.0,1.1952029520295202,0.42435424354243545,0.2474418604651163,0.04744186046511628,0.06604651162790698,-0.04093023255813953,0.09428950863213811,0.42762284196547146,-0.05843293492695883,0.7004651162790698,1.4276228419654715,0.5235772357723577,-0.352,1.619718309859155,1.0059006211180124,-3.3846153846153846,2.576,0.0,1107000000.0,,40.4875,0.010624169986719787,26823529.411764704,804000000,0.03336259877085162,804000000,0.10572139303482588,0.4028606965174129,1.0297674418604652,1.910344827586207,inf,9.626086956521739,0.772093023255814,0.8858057630736392,-0.05472636815920398,0.35447761194029853,-0.05472636815920398,0.07906976744186046,0.09071504802561366,0.024952120383036933,0.013008130081300813,0.4301460823373174,0.017543859649122806,0.0,0.0,0.0641860465116279,0.27165354330708663,0.4241860465116279,0.13488372093023257,0.0,1.0,0.7272727272727273,-0.256,1.4660280686121632,0.6176446941750487,,,0.8092749836708033,0.3830898948255204,,,1.8059499661933738,0.7394767972436332,,,0.13795720139626644,0.0531450680201447,,,-1.0,,,,2.970125786163522,1.0595142027640279,,,3.395604395604396,1.4029279144768276,,,2.287092882991556,0.9124278707449843,,,1.5776105362182502,0.65765651762411,,,,,,,,,,,3.395604395604396,1.4029279144768276,,,-0.09420289855072461,0.10083803444999247,,,-0.632726089785296,-0.20817556004759674,,,1.1923076923076925,0.5198732399985021,,,-0.1108425414364641,-0.04224782977903999,,,180.8181818181818,58.96788396788397,,,-0.3405740884406516,0.011105390935482573,,,-0.7324973876698015,-0.24784892396137437,,,0.565040650406504,0.31387423368697404,,,-0.8996235884567126,-0.17490093408343513,,,-0.9594366197183098,-0.3234828701662476,,,-0.9473684210526316,-0.11102756892230581,,,-0.9473684210526316,-0.11102756892230581,,,-0.16956411501609236,-0.03190156278766417,,,-0.16956411501609236,-0.03190156278766417,,,0.27635960044395125,0.13186135234188567,,,,,,,0.27635960044395125,0.13186135234188567,,,1.807486631016043,0.7590504942333659,,,1.6508226691042047,0.6638446249092304,,,0.5158371040723981,0.12867230069601757,,,1.0356330553449582,0.3900354234053072,,,1.4007561436672966,0.8090475442382433,,,,,,,2.909348441926346,1.6051033798171062,,,2.909348441926346,1.6051033798171062,,,,,,,,,,,4.4275092936802976,2.145179111763476,,,2.2023809523809526,1.1606236743898837,,,,,,,1.489578508568782,0.6353894728542634,,,1.781456953642384,0.9462752510224194,,,0.695906432748538,0.44340948888228104,,,,,,,,,,,6.008196721311475,2.1672243815179284,,,2.677069199457259,1.1027209416135386,,,0.4606741573033708,0.3092046826712511,,,,,,,-1.0,0.43253968253968256,,,11.666666666666666,-33.35353535353536,,,1.8176795580110499,1.1240969567847736,,,,,,,,,,,2.5076252723311545,1.0792084241103848,,,,,,,,,,,0.795275590551181,0.6365750436122117,,,2.9501779359430604,1.2293112371735393,,,2.5758106923751094,0.7976218373246088,,,1.2147058823529413,0.5277544445617455,,,1.489578508568782,0.6353894728542634,,,,,,,1.489578508568782,0.6353894728542634,,,-0.8996235884567126,-0.17490093408343513,,,3.395604395604396,1.4029279144768276,,,-inf,,,,,,,,1.440514469453376,-0.5726786530827411,,,,,,,2.9473684210526314,3.127297410192147,,,,,,,0.3992635455023672,0.13829044812474967,,,0.47600767754318607,-1.2689192859623224,,,-0.6312684365781711,-0.01754600189413617,,,0.9273743016759777,1.1232273313278902,,,,,,,0.19863013698630128,23.73606650499224,,,1.2453703703703702,,,,6.235023041474655,-0.5330254077437425,,,2.7701149425287355,0.8760556914241739,,,,,,,1.0,13.001093792726278,,,,,,,,,,,1.385321100917431,-1.3104485219164117,,,0.17647058823529416,-0.8148230487291954,,,49.0,15.97777777777778,,,,,,,,,,,3.177631578947368,5.994813222071987,,,-2.375,-0.791251298026999,,,1.0132802124833997,0.2772541226701915,,,1.2150259067357516,0.349283291466925,,,1.2150259067357516,0.349283291466925,,,1.8318811320086423,0.6487630705504106,,,,,,,,,,,1.2150259067357516,0.349283291466925,,,1.3733381157340987,0.45880215450880213,,,,,,,,,,,-2.375,-0.791251298026999,,,1.3631778058007566,0.5715320523566879,,,0.786833855799373,0.4752616419481537,,,-0.3405740884406516,0.011105390935482573,,,1.6768595041322314,0.9627163946219452,,,1.2147058823529413,0.5277544445617455,,,1.0183787331801772,0.43420430383418457,,,1.0183787331801772,0.43420430383418457,,,-1.5575767841011743,-0.6264620391448088,,,0.4148954307797228,0.08162207964921642,,,-1.0,,,,0.78246324587788,0.3800544618228539,,,,,,,0.78246324587788,0.3800544618228539,,,-0.7325959424580023,-0.2478187948038093,,,-0.27542030906202475,-0.020460501250099794,,,0.08549433731251899,0.2669867452096594,,,0.49937570101369233,0.19001521944807212,,,0.33295031181111967,0.12861598264800053,,,1.9695586537182823,0.7577695097617543,,,1.6399481669198042,0.6412044208161491,,,-2.6557569643400525,-0.9092390995806555,,,1.3209188530109421,1.2210231916985947,,,1.666919773578737,0.6478527969179234,,,,,,,0.6473317865429233,0.4071898500967192,,,-0.25618485069775043,-0.0006246745259044969,,,-0.22519579184317884,-0.1786788282262333,,,0.27635960044395125,0.13186135234188567,,,-0.22519579184317884,-0.1786788282262333,,,-0.06382978723404253,0.052985695908915144,,,-0.06382978723404253,0.052985695908915144,,,0.3992635455023672,0.13829044812474967,,,-0.44639794767924934,-0.2729717264374906,,,-0.6528867064475306,-0.34309462060527096,,,-0.3729913173238095,-0.15385350527291,,,-0.48731899956121105,-0.26277498291452545,,,0.6602968496885366,0.3167473301507334,,,0.47698463286106474,0.22783607857195162,,,0.0,0.0,,,-0.2720127474002013,0.06511775328838176,,,-0.6528867064475306,-0.34309462060527096,,,-0.43795162888565375,-0.26139617893804984,,,0.13178979827829895,0.4187544052005645,,,-0.33830896239140995,-0.05694741266370159,,,-0.6239643740722415,-0.2985412148556608,,,-0.25618485069775043,-0.0006246745259044969,,,0.58378830357582,0.3331262203332326,,,-0.5772936622305107,-0.2869106465877895,,,-0.11040930232558133,-0.054107639333715686,,,0.12411247398856018,0.06153215786883248,,,0.7378429601289476,0.4131479756839516,,,0.03353191489361684,-0.034517560682178816,,,-0.22519579184317884,-0.1786788282262333,,,-0.23684564447410306,0.1338993956039698,,,-1.9413461538461538,-0.757363089003591,,,2.8724183006535946,1.0496212957262367,,,,,,,1.4660280686121632,0.6176446941750487,,,,,,,25.668212809917357,8.821178143840248,,,-0.9546773174970549,-0.29385288742806637,,,-0.6662915798497762,-0.09976204798994,,,1.2451829098017315,0.5427814988649065,,,-0.8513669337614488,-0.2755130227071961,,,1.2451829098017315,0.5427814988649065,,,-0.7062930112818375,-0.22600155841084849,,,0.1922678960569053,0.20821751343630499,,,-0.009459609277458592,-0.0031676204110612227,,,-0.3174666096083245,-0.09477824713843204,,,,,,,0.9320793824517903,0.5403940890601167,,,0.12707832130446417,0.04902760238191609,,,0.18736303265279908,0.08709537363022087,,,-1.6124222636815921,-0.6396438580703133,,,-0.20414775651522943,0.005086780326220601,,,-1.6124222636815921,-0.6396438580703133,,,-0.7351254803615566,-0.24884506560801953,,,-0.720957978726487,-0.22644280288323784,,,-0.8659578643526822,-0.2937314518390177,,,-0.9502687925248136,-0.2676144563439901,,,0.20867494210485882,0.19935992631544222,,,-0.9440885777807128,-0.472030514400017,,,-1.0,,,,-1.0,,,,-0.22582304794075614,0.5694324465109627,,,-0.19718031056173846,0.20462490082605056,,,-0.2788837209302326,0.1153097502000761,,,0.06476765443646104,-0.00020149131571992976,,,,,,,0.0,-0.08703220191470847,,,-2.4545454545454546,-1.7158376914802862,,,1.2080000000000002,-0.45360547029634857,,
1996,1462000000,339600000,1122400000,0.7677,0.0,719200000,61400000,780600000,1120200000,0.0,0.0,61400000,358400000.0,0.2451,341800000,0.2338,-44800000,297000000,0.2031,129900000,167100000,0.1143,0.23,0.23,725172000,821818182,58500000,0.0,58500000,298900000,226200000,165300000,748900000,347200000,0.0,308400000,308400000,0.0,0.0,107600000,763200000,0.0,1512100000,64500000,240600000,0.0,0.0,158700000,463800000,47200000,0.0,60000000.0,24800000.0,132000000,0.0,0.0,595800000,0.0,0.0,585100000,-158200000,489400000,916300000,1512100000,0.0,1512100000,167100000,61400000,-12400000.0,0.0,19100000,0.0,-87900000,0.0,285100000.0,-100900000,134300000,-135300000,0.0,-22200000.0,40800000.0,-281500000.0,-398200000,0.0,71600000.0,-49800000.0,0.0,185900000,207700000,-2600000.0,,,117300000,-1000000,11.955,11.97,11.97,41503600.0,0,0,11.97,0.43737373737373736,0.0,0.0,-1000000.0,1203700000,341800000,297000000.0,292400000,916300000.0,607900000,607900000.0,-0.0006839945280437756,0.6407697790449037,0.0,0.041997264021887824,0.0,0.041997264021887824,0.20314637482900136,0.2337893296853625,0.2,2.283791691047396,0.5339261285909713,2.0160734280970583,0.47133645535128216,-0.0013789831929528443,-0.18657642600651983,1.2635622997026912,0.0,287800000,0.31408927207246534,0.2032661570535094,58500000.0,0.2032661570535094,229300000,229300000.0,285100000,1.6147046140577834,0.1261319534282018,0.07811456803311524,0.03868791746577607,0.5061661028047583,0.3067257456517426,99.0,0.6304441569642087,0.1261319534282018,0.18854573110244033,0.08729581376893063,0.19033132729316843,0.15164340982739236,0.31408927207246534,0.6502237258539779,0.2502455527665612,0.6059784405793268,1.650223725853978,0.9800954104293469,0.6397879464285714,0.2032661570535094,0.49076871433366903,-0.0211864406779661,1.6623883928571428,0.0,1462000000.0,,1.7498503889886297,0.1823638546327622,192305656.56565654,1048300000,0.18344525094501243,1048300000,0.2833158447009444,0.27892778784699035,0.9668672706831559,1.5013262599469497,inf,24.99145299145299,0.742278949804907,0.9324582537177037,-0.0009539254030334828,0.3260517027568444,-0.0009539254030334828,0.1964155809800939,0.2467392207360638,0.12717786956263247,0.27488073696331633,0.31910946196660483,0.2855922064604341,0.0,0.0,0.08947820911315389,0.3896889400921659,0.3869453078500099,0.1495932808676675,0.0,1.0,21.8,-0.060825892857142856,0.3206865401987353,0.6559065358318185,,,0.2259927797833936,0.39288611781557625,,,0.35228915662650606,0.786567116217512,,,0.023873032808749084,0.05970739678585176,,,,,,,0.4241584158415841,1.121265465709019,,,0.5349999999999999,1.4508264652014653,,,0.43229357798165147,0.974776107146108,,,0.3627737226277372,0.7049899647350344,,,,,,,,,,,0.5349999999999999,1.4508264652014653,,,1.8672,0.6545595745124274,,,1.170947741364039,0.18214035374041626,,,0.19929824561403509,0.5295531149732954,,,-0.09203883495145626,-0.06307689795126455,,,-0.776,59.273319865319856,,,2.4941176470588236,0.7769041694632873,,,1.6445312500000004,0.30285428177407187,,,0.6870129870129871,0.49607818064736803,,,19.8875,6.377116144832937,,,14.875,4.62779775344177,,,22.0,7.317543859649123,,,22.0,7.317543859649123,,,1.0817577925396016,0.3245383142352318,,,1.3592008577678514,0.4170193359779817,,,-0.491304347826087,0.0889877157849021,,,,,,,-0.491304347826087,0.0889877157849021,,,0.42333333333333334,0.8343096026289304,,,0.56,0.8398117030985307,,,1.4671641791044778,0.5970150529541445,,,0.39459962756052147,0.5503212752982788,,,0.36692913385826764,0.7139037505171794,,,,,,,1.2347826086956522,1.7442961490239004,,,1.2347826086956522,1.7442961490239004,,,,,,,,,,,-0.263013698630137,1.7341247943096496,,,0.4185873605947956,1.06319858798538,,,,,,,0.40660465116279076,0.7440660037389071,,,0.5357142857142858,0.9094620642092326,,,3.1482758620689655,1.3345014429052695,,,,,,,,,,,-0.07192982456140351,2.1266846263328643,,,0.7114391143911438,1.2264087841257665,,,2.6307692307692307,1.191592240468645,,,,,,,inf,inf,,,-0.34736842105263155,3.5306751727804357,,,1.5882352941176472,1.1129681809501155,,,,,,,,,,,0.8503105590062112,1.1859786104457886,,,,,,,,,,,0.28311403508771926,0.5110477828112867,,,0.4252252252252253,1.2554974233597256,,,0.19950980392156858,1.0038356150530279,,,0.21686586985391765,0.6032546294682234,,,0.40660465116279076,0.7440660037389071,,,,,,,0.40660465116279076,0.7440660037389071,,,19.8875,6.377116144832937,,,0.5349999999999999,1.4508264652014653,,,-0.4363636363636364,,,,,,,,-0.7483530961791831,-0.3996520350786119,,,,,,,0.9533333333333334,3.681186299081036,,,,,,,0.07180451127819554,0.22222184701909745,,,0.31209362808842656,-0.7765949577433919,,,4.372,1.2570422333999813,,,0.9608695652173913,0.6294146222977897,,,,,,,-0.36571428571428577,23.94430528375734,,,-0.579381443298969,inf,,,0.7929936305732483,2.574443057349301,,,1.428048780487805,1.3619729416857853,,,,,,,1.2374999999999998,13.745833333333332,,,-inf,,,,,,,,-8.15,-3.193781855249745,,,33.61666666666667,10.897712418300655,,,-0.48,15.951111111111112,,,,,,,,,,,-0.5381889763779528,0.7589197214714264,,,-0.9772727272727273,-1.0952020202020203,,,0.5771767810026385,0.5411262680618756,,,0.3999999999999999,0.5679611508583206,,,0.3999999999999999,0.5679611508583206,,,0.2977580438385292,0.7368312202481269,,,,,,,,,,,0.3999999999999999,0.5679611508583206,,,-0.5171848353666535,0.3020945613772687,,,,,,,,,,,-0.9772727272727273,-1.0952020202020203,,,0.28463180362860196,0.647430714297761,,,0.19929824561403509,0.48494151692294696,,,2.4941176470588236,0.7769041694632873,,,-0.09725223834516827,1.194029551788409,,,0.21686586985391765,0.6032546294682234,,,-0.011544715447154519,0.4442565379678686,,,-0.011544715447154519,0.4442565379678686,,,-0.9827913194876259,-0.8790608462916851,,,0.05314636951934659,0.09166178382633434,,,,,,,0.16227428180574566,0.38289698052809057,,,,,,,0.16227428180574566,0.38289698052809057,,,1.6456827874788766,0.303279574172488,,,-0.09191302469580254,-0.04124595939993214,,,-0.31645569620253156,0.43711637497061967,,,0.1942763888963448,0.23341399419183703,,,0.08450683367010137,0.14590845308480796,,,-0.36559068258003813,0.5722105842135116,,,-0.42390116183930615,0.4479435072133197,,,-0.9890826527424466,-1.2132992504166074,,,-0.0580702653091717,0.4016605289733017,,,-0.4154623202493577,0.5166325813680902,,,,,,,3.0535211267605638,1.3049791401152468,,,2.331115800993893,0.65195212841962,,,-0.8745052421669638,-0.29303468138189676,,,-0.491304347826087,0.0889877157849021,,,-0.8745052421669638,-0.29303468138189676,,,-6.211363636363636,-1.8058286379054185,,,-6.211363636363636,-1.8058286379054185,,,0.07180451127819554,0.22222184701909745,,,-0.1851304461645078,-0.22858387318676,,,-0.7027673097474549,-0.40250909183218786,,,-0.6352389301410184,-0.264759721036884,,,-0.6383520758633976,-0.3388236365519521,,,0.4064320125903431,0.33441956203911555,,,0.21671651872923725,0.21993224278927884,,,0.0,0.0,,,-0.47252125181444715,0.19389204705017438,,,-0.7027673097474549,-0.40250909183218786,,,-0.23802007167246864,-0.26035778399163056,,,0.840058819639224,0.22339547727190331,,,1.8817771385937472,0.4840679876178984,,,-4.70492421737379,-1.646134805151089,,,2.331115800993893,0.65195212841962,,,0.5205542408945507,0.3250161422744373,,,-5.282611391664104,-1.8373247800357078,,,-0.1348913364903369,-0.07124372195582906,,,0.1559241540167864,0.08314442880706274,,,0.8719213584287215,0.5049285503386082,,,-2.817579393262987,-0.7412808010138071,,,-0.8745052421669638,-0.29303468138189676,,,-0.5121101388840956,0.251037347096757,,,-0.9937403697996918,-1.0719951333501134,,,-0.3546628909716061,0.8418604988795034,,,,,,,0.3206865401987353,0.6559065358318185,,,,,,,-0.9567804781972552,8.779063612261355,,,16.16499781730874,5.01333678235206,,,6.169289828105617,1.888595175994811,,,0.30385572139303485,0.6315911058009863,,,4.498530021746558,1.1704056566538639,,,0.30385572139303485,0.6315911058009863,,,1.6798345781124624,0.2827607675847467,,,-0.3076321660111755,0.37191506347959163,,,-0.06108191871328583,-0.06218852571526534,,,-0.21410719244654264,-0.21927702809697383,,,,,,,1.5962214038094795,0.7750832584615667,,,-0.03861461320448789,-0.004082738500320889,,,0.052666727389745205,0.056056897544692265,,,-0.9825691812718427,-0.9341212291146096,,,-0.08019098590700735,-0.06432341328113404,,,-0.9825691812718427,-0.9341212291146096,,,1.4840794065129521,0.21001953827264366,,,1.7199370568199033,0.30278440838933,,,4.096876241791905,1.0337528208943472,,,20.131456654054944,6.347858891022219,,,-0.2581370025907581,0.3763677041605169,,,15.278755768244743,4.706897219929,,,,,,,,,,,0.3940445622701514,-0.02776127073688987,,,0.43450711280304555,-0.011628305995178648,,,-0.08779340802903357,-0.0926005720837425,,,0.1090536340189141,0.05110357652067891,,,,,,,0.0,0.0,,,28.975,8.419098883572568,,,-0.7623988560267857,-0.263382549432439,,
1997,1872300000,463700000,1408600000,0.7523,196700000.0,710400000,86700000,993800000,1457500000,0.0,0.0,86700000,345400000.0,0.1732,414800000,0.2215,-156100000,258700000,0.1382,98300000,139300000,0.0744,0.18,0.17,773888889,796000000,58000000,0.0,58000000,413800000,386700000,205500000,1064000000,499000000,0.0,313300000,313300000,0.0,0.0,91500000,903800000,0.0,1967800000,98900000,447200000,0.0,0.0,261900000,808000000,46300000,0.0,58000000.0,69300000.0,173600000,0.0,0.0,981600000,0.0,0.0,706500000,-207500000,487200000,986200000,1967800000,0.0,1967800000,139300000,86700000,-52200000.0,0.0,-29100000,0.0,-175100000,0.0,256000000.0,-64200000,80500000,-238200000,0.0,-7800000.0,33900000.0,-38900000.0,-251000000,0.0,96200000.0,-186700000.0,0.0,252400000,161900000,-5600000.0,,,72200000,-157700000,15.125,14.58,14.58,89527600.0,0,0,14.58,0.3799768071124855,0.0,0.0,-157700000.0,1654500000,611500000,258700000.0,374100000,986200000.0,672900000,672900000.0,-0.08422795492175399,0.504330540962658,0.10505795011483203,0.04630668162153501,0.0,0.04630668162153501,0.13817230144741763,0.3266036425786466,0.19980772312129466,2.395853423336548,0.5307910057148961,2.4193395545700875,0.5359942569223267,-0.20377602294274572,-0.3077961234303236,1.274343144109929,0.0,493500000,0.5004055972419388,0.11752786220871327,58000000.0,0.11752786220871327,435500000,435500000.0,256000000,1.316831683168317,0.07178217821782178,0.05451127819548872,0.029474540095538165,0.8193064287162848,0.4106108344343937,99.0,0.4629950495049505,0.07178217821782178,0.13009452180099604,0.08822034759630043,0.25078768167496696,0.2213131415794288,0.5004055972419388,0.9953356317177043,0.4415939971608193,0.5011688179693058,1.9953356317177042,1.4587605884975479,1.260856977417487,0.11752786220871327,0.3811124694376528,-3.4060475161987043,2.84192240880139,0.0,1872300000.0,,2.685570710696339,0.14124923950517138,257185620.409741,1159800000,0.2217499744867572,1159800000,0.22305569925849283,0.32255561303673047,0.9514686451875191,1.1991207654512541,inf,32.28103448275862,0.7158247789409493,0.8513750377757631,-0.1359717192619417,0.5272460769098121,-0.1359717192619417,0.13146661246061592,0.15636143850105771,0.1306970324269443,0.20701441521771438,0.37933482052322043,0.19716914366595895,0.09995934546193719,0.1994524437233827,0.12104888708202054,0.4773547094188377,0.35903038926720193,0.19651387336111392,0.0,1.0,-0.5738744451490171,0.2620150550086856,0.28064295485636115,0.6891191878890867,0.49085271551604864,,0.3654299175500588,0.46689922700141856,0.34813847636200274,,0.2549893086243764,0.8044094771480855,0.5651417713963565,,-0.020059919239286295,0.04725677165524308,0.03264966352597938,,inf,,,,-0.012235817575083408,1.1273494614766744,0.7180930413117169,,0.4120521172638436,1.4475521709560797,1.0311671721388653,,0.27312323853446063,0.9975032331692227,0.6885400857502131,,0.30110694518835923,0.7471637346781156,0.5273700441376853,,,,,,,,,,0.4120521172638436,1.4475521709560797,1.0311671721388653,,-0.0362723214285714,0.5789082600069013,0.42668835638428126,,-0.2933496532027744,0.08162399945865621,0.050614281603694876,,0.21357519016968984,0.5350603760304725,0.3944986311558462,,-0.05260906757912753,-0.0851634813223493,-0.05427827837354075,,2.484375,60.8421856060606,35.72240538073038,,-0.12895622895622894,0.6748624432206478,0.47969551818180867,,-0.31954702117183664,0.19749561371945404,0.11628749138880812,,-0.24326404926866818,0.33626319605027427,0.27707432776104823,,-0.16636744464392583,6.273836322299787,3.8392859506211545,,-0.34908136482939633,4.5221606718174305,2.7110940049343717,,-0.21739130434782616,6.945080091533181,4.289905197777051,,-0.26086956521739124,6.930587337909993,4.281209545603138,,0.06717977114394924,0.32645781622248615,0.2106465750641117,,-0.03141592941782834,0.3860736044446435,0.24641604799740607,,-0.008547008547008517,-0.07449725197638142,-0.020853459869487702,,,,,,-0.008547008547008517,-0.07449725197638142,-0.020853459869487702,,0.3844095015055202,0.8717431552849654,0.6169788635077902,,0.709549071618037,0.973457246907414,0.6522165892691456,,0.2431941923774954,0.7420651585181238,0.4192750547140053,,0.4207504339698225,0.6169943722917673,0.39709126634925307,,0.4372119815668203,0.7349657530307949,0.6462567496279636,,,,,,0.015888456549935093,1.386673169057311,1.2131962409393813,,0.015888456549935093,1.386673169057311,1.2131962409393813,,,,,,,,,,-0.1496282527881041,1.3382891140873523,1.2045790767744375,,0.18422431865828082,0.9350642105446764,0.8169365404845456,,,,,,0.30136895707955813,0.7325173722703769,0.5228284053610277,,0.5333333333333334,0.9501681908966678,0.7815746744229755,,0.8586866167913549,1.567622970536286,1.0674381891014328,,,,,,,,,,0.6502835538752363,2.1955168168751027,1.4160053747735237,,0.7421302285467875,1.37687951413173,0.9523464335557094,,-0.01906779661016944,1.024125197154144,0.7078630964345629,,,,,,-0.033333333333333326,inf,inf,,1.7943548387096775,4.371217694774571,-19.722723928589804,,0.3151515151515152,1.2403554557600707,1.0551355359246966,,,,,,,,,,0.6475327291037261,1.3351561868136972,0.9470937120882184,,,,,,,,,,0.20748589984618016,0.42862517516169346,0.4800650131541069,,0.3116308470290772,1.2290113360657877,0.884957956754984,,-0.004495300367797328,0.9236083986429602,0.5175760031055197,,0.07628505947833686,0.5026189372283986,0.3752828526034982,,0.30136895707955813,0.7325173722703769,0.5228284053610277,,,,,,0.30136895707955813,0.7325173722703769,0.5228284053610277,,-0.16636744464392583,6.273836322299787,3.8392859506211545,,0.4120521172638436,1.4475521709560797,1.0311671721388653,,3.209677419354839,-inf,,,,,,,-2.523560209424084,-0.6104662787166304,-0.9979898529702982,,,,,,0.9920364050056882,1.6309127197972177,2.265452393783092,,,,,,-0.10206944931602946,0.12299953582151109,0.07692128126728301,,-0.3637264618434093,0.14145828126273444,-0.7716781383283899,,-0.40059568131049883,1.1133786273704434,0.7837532626014185,,0.7605321507760532,0.8829253392231408,1.018216741995423,,,,,,-0.6486486486486487,-0.2719109324588777,14.038767316122758,,-0.16911764705882348,0.16562376000419257,,,-0.8618117229129663,2.0554016497116456,-0.33357886311418916,,-0.36966348568558516,1.2761667457769852,0.7373104738149484,,,,,,0.34357541899441335,0.8603584729981377,8.11687135943465,,2.748995983935743,,,,,,,,0.3577192038730501,-2.1356532317365065,-2.344725272375237,,-0.2205103514684641,11.190875634477834,6.1903374338021235,,1.1538461538461537,16.55794871794872,9.7214358974359,,,,,,,,,,-0.3844842284739983,0.7516527913651391,3.4123532922728024,,156.7,51.11590909090909,30.669794675729253,,0.2651610204935173,0.6185393379931852,0.33482003390134607,,0.21804511278195493,0.6110236731725688,0.33317899743654594,,0.21804511278195493,0.6110236731725688,0.33317899743654594,,1.1571044439518499,1.0955812065996737,0.6802303398883222,,,,,,,,,,0.21804511278195493,0.6110236731725688,0.33317899743654594,,-0.13123085671741186,0.24164080788334444,0.1455981542884682,,,,,,,,,,156.7,51.11590909090909,30.669794675729253,,0.37451192157514335,0.6741071770015007,0.47474797645476186,,0.7890579286132242,0.5917300100088775,0.482828220014344,,-0.12895622895622894,0.6748624432206478,0.47969551818180867,,0.27941176470588225,0.6196730101643152,0.6140617420453099,,0.07628505947833686,0.5026189372283986,0.3752828526034982,,0.10692548116466516,0.37125316629922933,0.2795987354440129,,0.10692548116466516,0.37125316629922933,0.2795987354440129,,122.14127009560433,39.86696733067184,23.855818531736453,,-0.2129302013675093,0.08503719964385337,0.01701648141989731,,inf,,,,0.10261186532058941,0.34911646433473836,0.2810099065189794,,,,,,0.10261186532058941,0.34911646433473836,0.2810099065189794,,-0.31983870465951314,0.1977493801204537,0.1164775396815871,,0.39699978188993956,0.009888816044037426,0.04874105068876753,,-0.0009613843935267763,-0.07730758109451312,0.096708631006584,,0.049068280933169506,0.24757345694773555,0.16267806563474613,,-0.005871828907022758,0.13719510552473277,0.09289659054141604,,0.20002551536709956,0.601331162168448,0.42154867241446486,,0.13717971703006882,0.45107557403685555,0.327378363527842,,146.77266610943678,47.709275497451436,28.611173231590477,,0.6497053246135596,0.6375179707717766,0.8509409268800345,,0.008532103569230065,0.41999651896620316,0.3073256348147285,,,,,,0.7147324530924253,1.4718617887986376,0.9979646260286295,,0.5931954438943312,0.889375464730158,0.5844874442621022,,-0.4218030983988431,-0.5071680441363285,-0.36646896504890136,,-0.008547008547008517,-0.07449725197638142,-0.020853459869487702,,-0.4218030983988431,-0.5071680441363285,-0.36646896504890136,,0.8992586131705189,-1.7919782701423868,-1.0306295870932742,,0.8992586131705189,-1.7919782701423868,-1.0306295870932742,,-0.10206944931602946,0.12299953582151109,0.07692128126728301,,-0.1844751840653419,-0.27200119263636635,-0.23770416190846433,,-0.43089616653973084,-0.5955167275782388,-0.4325894676205997,,-0.3021624574256154,-0.43679756829681443,-0.27979238067707274,,-0.23814611831686738,-0.4546057312471587,-0.3329646285847683,,0.6186513165863126,0.5617933929550641,0.3950650639257712,,0.33869047595568524,0.3441305425153291,0.24778304608015547,,0.0,0.0,0.0,,-0.2656049796156086,-0.336712992943419,-0.10855459431298206,,-0.43089616653973084,-0.5955167275782388,-0.4325894676205997,,-0.3100107807250575,-0.3286608270943933,-0.26644387784233514,,0.010590815154287059,0.3274798110239367,0.4213825700790409,,0.31763743384543974,0.6203685366825923,0.40571446688961643,,0.45943131871894605,-1.623152424242362,-1.0282233086443653,,0.5931954438943312,0.889375464730158,0.5844874442621022,,0.5307587098740056,0.5450337514481255,0.4101383223536509,,0.7646427370190088,-1.6984207722918685,-1.0757401188816929,,-0.1729593259288582,-0.13941998824825882,-0.09403471608406844,,0.2091303745406603,0.16305566751533562,0.10993020043278882,,0.488386307062201,0.69938354187329,0.5199503185085556,,0.97074200046414,-0.6044351593017433,-0.3900780149690767,,-0.4218030983988431,-0.5071680441363285,-0.36646896504890136,,-0.22343772472314116,-0.3241311693604466,-0.06676993535906546,,159.76544276457884,52.276785413644326,31.29992262555367,,0.709541777969819,1.075765729217269,0.7007485548353846,,,,,,0.28064295485636115,0.6891191878890867,0.49085271551604864,,,,,,0.5347430429458215,8.415391791555308,5.208299399253862,,-0.2254537512951016,4.994955582838862,3.011597080745888,,0.3373793834396821,1.9467925438985076,1.2414766135150959,,0.10636268243823332,0.5518004378776665,0.40771258008519756,,0.20880738718728997,1.285323491724133,0.776159668162452,,0.10636268243823332,0.5518004378776665,0.40771258008519756,,-0.21269599483946788,0.253615190663719,0.15782678160808983,,0.15641261677976948,0.01368278227516643,0.09468659821550181,,-0.015926307532115214,-0.02882261184095321,-0.01730221749571694,,-0.20129235234077247,-0.24428871813187988,-0.13994685724052225,,,,,,0.2916829803292609,0.9399945888635103,0.7018173302638181,,-0.035639123096392056,0.017608195001194742,0.014565814168973668,,-0.08695640326916787,0.05102445225779214,0.04539928900224799,,141.5391533022935,46.31472061911335,27.72753050936214,,0.6170627923480281,0.11090801664193044,0.11042642948393651,,141.5391533022935,46.31472061911335,27.72753050936214,,-0.33067116262054774,0.1394275878436159,0.08137460941366914,,-0.36628867500429907,0.21089680102970573,0.13486399463317814,,0.02767118899234844,1.086196522143857,0.64867061505344,,-0.24689369831927843,6.31143138773695,3.816343917340739,,0.18872946663962686,0.04642246871790919,0.10573444859903909,,-0.30961301041919453,4.675018060014945,2.7106102429250996,,inf,,,,inf,,,,0.35283091024924795,0.1736841415262144,0.49103456241045745,,0.22496345240369875,0.15409675154833527,0.2546690535369792,,-0.07214176788423166,-0.1462729656144993,0.03719881493739261,,0.31365441162396257,0.1624919000264459,0.08442071433914337,,,,,,0.0,0.0,-0.05221932114882508,,-1.0263245158325238,8.49804334320734,4.560232481945324,,-5.307623656656556,-1.6206741708944472,-1.4861677847144776,
1998,2233600000,658900000,1574700000,0.705,882200000.0,786300000,128600000,1797100000,2456000000,0.0,0.0,128600000,-146700000.0,-0.0657,-222400000,-0.0996,-52900000,-275300000,-0.1233,-10900000,-264400000,-0.1184,-0.34,-0.34,777647059,777647059,70300000,0.0,70300000,537800000,462000000,196500000,1266600000,679900000,0.0,1813500000,1813500000,0.0,0.0,132700000,2626100000,0.0,3892700000,108600000,1027500000,0.0,0.0,483600000,1619700000,1363800000,0.0,0.0,88100000.0,1451900000,0.0,0.0,3071600000,0.0,0.0,381200000,-265500000,705400000,821100000,3892700000,0.0,3892700000,-264400000,128600000,-151400000.0,0.0,-609100000,0.0,-25700000,0.0,-353100000.0,1154800000,258500000,-2234000000,0.0,0.0,11600000.0,-2400000.0,-2224800000,0.0,99800000.0,0.0,0.0,1877600000,1977400000,1300000.0,,,58000000,-1975500000,15.375,15.425,15.425,94242600.0,0,0,15.425,0.039593171086087904,0.0,0.0,-1975500000.0,2079200000,659800000,-275300000.0,-692000000,821100000.0,-992400000,-992400000.0,-0.8844466332378224,0.49933320632501427,0.3949677650429799,0.05757521489971347,0.0,0.05757521489971347,-0.12325393982808022,0.29539756446991405,-0.3098137535816619,-8.080485611510792,0.8045755730659025,2.872254159711289,-0.2859909227792759,-2.54035552135998,-2.872768531874561,1.05587745815676,0.0,2391300000,2.9123127511874314,0.029398235269518673,70300000.0,0.029398235269518673,2321000000,2321000000.0,-353100000,0.7819966660492684,0.043403099339383834,0.055502921206379285,0.018059444601433453,1.9725977347460724,0.4160865209237804,-inf,-0.42723961227387786,0.043403099339383834,-0.09070824877334498,0.3729801936958923,0.6143036966629846,0.5962442520615511,2.9123127511874314,3.740835464620631,2.8266958957496042,0.21093328538032727,4.7408354646206305,-3.095122934300685,-15.821404226312202,0.029398235269518673,-0.22528975126969658,-1.448526176858777,-20.937968643490116,0.0,2233600000.0,,2.6172465960665656,-0.3220070636950432,-213594478.75045404,2273000000,-0.09397029421489399,2273000000,-0.1211174659040915,-0.3044434667839859,0.5737919695840933,1.4261904761904762,inf,31.7724039829303,0.40452642125003213,0.7573585994613313,-0.8691157061152661,0.2902771667399912,-0.8691157061152661,-0.07072212089295347,-0.13240669488264717,-0.0548705214248347,0.2664248286981056,-0.8427718913652418,-0.6935991605456453,0.22662933182623884,1.07441237364511,0.5738947260256377,3.2857773201941463,0.09792688879184114,0.11868368998381586,0.0,1.0,0.05051885598582637,0.6802999318336742,0.19297121187843835,0.2647669023111783,0.48826675484605103,,0.42096182876860033,0.33746150870068425,0.3930100199530776,,0.11791850063893228,0.24173232196327157,0.546521831583169,,-0.06287385351588459,-0.019686913315473935,0.01923768352047688,,3.485002541942044,,,,0.10684121621621623,0.17292127149423897,0.691680359153638,,0.483275663206459,0.47677592682343417,1.0495614352149398,,0.8083115314952707,0.5045761160037943,0.8011526182936111,,0.6850771869639793,0.4496526182600253,0.6202308052714883,,,,,,,,,,0.483275663206459,0.47677592682343417,1.0495614352149398,,-1.4247249565720903,0.13540090733311275,0.10053628910732412,,-1.3793302540415704,-0.16724405529343525,-0.2252517692046192,,-1.5361620057859209,-0.3744295233340653,0.053214505860730996,,-1.4496613995485328,-0.5314364340263722,-0.3383002321962908,,-0.66111467008328,0.3490867766389067,35.92864398517526,,-2.064166988790104,0.10033147643749689,0.02751785812870571,,-1.8921852387843705,-0.1890670033187356,-0.26063388292679834,,-1.11088504577823,-0.22237870267797036,0.026817089379041193,,-2.8980617372577173,5.607690272699451,3.2133838505194334,,-2.591397849462366,3.978173595236079,2.1885828092067094,,-2.8888888888888893,6.297906602254429,3.769270277142131,,-3.0,6.246376811594203,3.7383524027459956,,0.004856213926079489,0.3845979258698768,0.2091301855551448,,-0.023056458542713543,0.4349094899357698,0.2393171239946806,,0.21206896551724141,-0.09592746361861804,0.09409702086498783,,,,,,0.21206896551724141,-0.09592746361861804,0.09409702086498783,,0.2996616723054615,0.3691348357147717,0.6373999963395546,,0.19472459270752518,0.4880912214418541,0.6847417547242308,,-0.04379562043795615,0.5555209170146723,0.3980887461603945,,0.19041353383458648,0.33525453178831016,0.4524255587398491,,0.3625250501002004,0.38888872184176276,0.5882896566437118,,,,,,4.788381742738589,2.013017602661392,2.007431729272045,,4.788381742738589,2.013017602661392,2.007431729272045,,,,,,,,,,0.45027322404371595,0.012543757541824943,1.100603870836912,,1.9056207125470235,0.8361441306000333,1.0558881590322888,,,,,,0.9781990039638175,0.5620575374020554,0.7023531944520194,,0.09807886754297268,0.389042162196864,0.6719596787008009,,1.2976296958855098,1.7681973915819433,1.2319641282785345,,,,,,,,,,0.8465063001145476,0.47495334314279347,1.5753687465976753,,1.0045792079207922,0.8193828502862411,1.0851871577689758,,28.45572354211663,10.355808325425231,6.402286493382479,,,,,,-1.0,inf,inf,,0.27128427128427135,0.5727568963137725,2.5315329256670513,,7.363479262672811,3.0889553573139916,2.203507064134935,,,,,,,,,,2.1291768541157294,1.2090067140752223,1.2669290829113644,,,,,,,,,,-0.4604387827317764,0.01005371740070767,0.25603809310965275,,0.2795180722891566,0.33879138151448634,0.8715282378794822,,0.44786535303776676,0.21429328553051266,0.6909753795658105,,-0.1674102616102211,0.04191355590734447,0.3437277372545572,,0.9781990039638175,0.5620575374020554,0.7023531944520194,,,,,,0.9781990039638175,0.5620575374020554,0.7023531944520194,,-2.8980617372577173,5.607690272699451,3.2133838505194334,,0.483275663206459,0.47677592682343417,1.0495614352149398,,1.9003831417624522,1.5578989749178849,,,,,,,19.93127147766323,5.553119390686654,3.241751032600662,,,,,,-0.8532267275842376,0.3640476702515947,2.2364737149329117,,,,,,-2.379296875,-0.8031872710126113,-0.36294015665174745,,-18.98753894080997,-6.346390591521651,-4.336210055176711,,2.2111801242236027,2.0608614809710346,1.1163422286226097,,8.378673383711167,3.366691699901537,2.205489880276118,,,,,,-1.0,-0.6714543114543114,14.036853440524672,,-0.6578171091445428,-0.46877206650077846,inf,,-0.9383033419023137,-0.33570714474734387,1.1846428214465248,,7.863745019920319,2.9740434382408463,2.316000071858418,,,,,,0.03742203742203731,0.5394991521388168,8.32369949128329,,-1.0,-inf,,,,,,,6.438985736925515,-0.451098353067145,-0.5569281249901341,,11.21371216800494,14.869956161067714,8.737267814287687,,-1.2321428571428572,-0.18609890109890115,9.555007326007326,,,,,,,,,,-0.19667590027700832,-0.37311636837631984,0.3391198071326545,,11.526949904882688,55.74989239253665,32.98826876885532,,0.016528925619834656,0.2862889090386635,0.38101375005979576,,0.05795610425240061,0.22533373901145182,0.39597693392186345,,0.05795610425240061,0.22533373901145182,0.39597693392186345,,0.0526653233192893,0.5025092703698895,0.684052685603104,,,,,,,,,,0.05795610425240061,0.22533373901145182,0.39597693392186345,,-0.895801084842615,-0.5147389256422268,-0.024149651485644165,,,,,,,,,,11.526949904882688,55.74989239253665,32.98826876885532,,0.2566938652160773,0.30527919680660753,0.5146995859369007,,0.07898609975470161,0.35578075799398695,0.46457371582735335,,-2.064166988790104,0.10033147643749689,0.02751785812870571,,-2.8497727880245924,-0.8892044205546261,0.2023455264093034,,-0.1674102616102211,0.04191355590734447,0.3437277372545572,,-2.4748105216228264,-0.7931432519684387,-0.20702308531091113,,-2.4748105216228264,-0.7931432519684387,-0.20702308531091113,,9.50063050989965,43.55303642867211,25.800943613325778,,-0.009908847931566545,-0.05656422659324308,0.010429260435985443,,2.7595228596338144,,,,0.24334573075817212,0.1694106259615024,0.2989297075326066,,,,,,0.24334573075817212,0.1694106259615024,0.2989297075326066,,-1.8920307365292408,-0.18872888456995915,-0.26040614373425797,,-0.095547244551071,0.06984650421435534,0.03554293182781443,,-2.5505594515662806,-0.9559921773874462,-0.24803434220958964,,-4.3726961477708555,-1.3764504926471137,-0.724677176852435,,0.5158048354309612,0.1981466133980133,0.1895316731556725,,0.18720588612113342,0.007213572969398285,0.4207726308257535,,-1.5335708714892444,-0.6067641054328273,-0.010512126563843305,,11.466410349336023,52.41666460201012,30.919835741504603,,8.333348646039317,2.974994568447902,2.0376071115145566,,-0.1714339555738399,-0.19278805741798918,0.27739917841993217,,,,,,3.8455927051671734,2.5379487616733876,1.6950525157210676,,4.819904428006169,2.5814052242981314,1.4737912514318723,,-0.749861567146423,-0.6820566359040767,-0.41015374193819126,,0.21206896551724141,-0.09592746361861804,0.09409702086498783,,-0.749861567146423,-0.6820566359040767,-0.41015374193819126,,4.329506314580941,-0.32753290287072545,-0.037744197192959204,,4.329506314580941,-0.32753290287072545,-0.037744197192959204,,-2.379296875,-0.8031872710126113,-0.36294015665174745,,-0.40615290773702173,-0.2585861793222905,-0.2552759422725287,,-0.3953499264444459,-0.5096711342438772,-0.40675467369614804,,0.018191520061854538,-0.30640328916825976,-0.2156500200948826,,-0.387286636436194,-0.4212616102054863,-0.3283807328817835,,1.407643423275466,0.8109089174840406,0.605910685195825,,0.013335465190365214,0.18958081995842924,0.2023645339027774,,-inf,-inf,-inf,,-1.9227736079050877,-0.8869666131117144,-0.32134048927403464,,-0.3953499264444459,-0.5096711342438772,-0.40675467369614804,,-1.6972487966257352,-0.7484265496744205,-0.5576665858651368,,3.227825029693416,1.3594915548289757,0.7817204553326825,,1.4494970907668105,1.2163038877353325,0.6438676974931892,,1.6941204114964874,-0.8504574957194523,-0.5569705370475667,,4.819904428006169,2.5814052242981314,1.4737912514318723,,2.7583658671646964,1.2698929393110843,0.8528346007724028,,5.40111938550691,0.2943835769539384,0.13075755648375917,,-0.5791172997653539,-0.29565598739484966,-0.19316155831233986,,1.375958905990886,0.580337811516111,0.36690451339054697,,-3.1217483929206713,-0.5871469091432496,-0.2237152869685292,,-13.548135521855878,-5.1316576382182415,-2.960247184886632,,-0.749861567146423,-0.6820566359040767,-0.41015374193819126,,-1.5911371821607436,-0.7755616819226602,-0.21229257311872277,,-0.5747193279102005,52.73232768895631,31.194947607323655,,-8.367537051203632,-2.67088605473514,-1.0264827553190607,,,,,,0.19297121187843835,0.2647669023111783,0.48826675484605103,,,,,,-0.025441189970402123,-0.14915954174061194,5.369298537951897,,-3.279708300187018,4.21994525527554,2.306969659114812,,-1.830507080489808,1.5587207103518306,0.8345315661868614,,0.9598206587342646,0.45667968752184424,0.5921913317150913,,-1.423766877233647,1.0945235105667337,0.459251495983047,,0.9598206587342646,0.45667968752184424,0.5921913317150913,,-1.542992025340415,-0.025284480689140132,-0.18148114348512853,,-1.9438479892436966,-0.6983558461583675,-0.13433803640503045,,-0.39694074787823597,-0.15798299137454566,-0.11988652651122944,,0.18936350472904295,-0.07534534668609072,-0.1339519863805302,,,,,,-0.01575632590399112,0.6240493527449164,0.5202352859619939,,-0.43488066751681587,-0.16971146793923195,-0.09655360122283412,,-0.11042893453871028,-0.048239536806044314,-0.0058429290347602695,,5.391885833560467,48.64948998486071,28.82573508970203,,-0.44944651188055307,0.02914176485348922,-0.0050707918751854205,,5.391885833560467,48.64948998486071,28.82573508970203,,-1.5379473888409503,-0.1281797149828486,-0.24771198732871338,,-1.8467989048447613,-0.16438350767638563,-0.26094687093621405,,-1.419829895185307,0.9015725118663154,0.34181995129801657,,0.28698684300757527,6.723849932914413,3.8167339635509903,,-3.2217098082448583,-1.0970391147319967,-0.3807754458247362,,-4.517787558689866,3.4837850663785606,1.858658218135588,,1.267215044065444,,,,4.38680977574381,,,,3.7410161287709904,1.4959638670967965,0.8021126453619136,,5.883303454143069,2.180924673116604,1.2146763977122461,,-0.7272462395405732,-0.2957271384846128,-0.21543794473520647,,-0.3960543957844509,0.008884549952808593,0.01418214908030968,,,,,,0.0,0.0,0.0,,-1.0880311998780643,8.953548094763137,4.628588187001424,,1.5964154304458678,-1.4912023607458247,-0.9002711749016011,
1999,2842000000,900000000,1942000000,0.6833,197000000.0,842000000,178000000,1217000000,2117000000,0.0,0.0,178000000,740000000.0,0.2604,725000000,0.2551,-163000000,562000000,0.1977,191000000,371000000,0.1305,0.46,0.45,806521739,824444444,64000000,14000000.0,78000000,445000000,376000000,156000000,1055000000,604000000,0.0,1726000000,1726000000,0.0,0.0,187000000,2517000000,0.0,3572000000,92000000,600000000,0.0,0.0,363000000,1055000000,678000000,0.0,0.0,115000000.0,793000000,0.0,0.0,1848000000,0.0,4000000.0,752000000,-336000000,1304000000,1724000000,3572000000,0.0,3572000000,371000000,178000000,-29000000.0,0.0,353100000,0.0,68000000,0.0,0.0,-146100000,727000000,-80000000,-128000000.0,0.0,5000000.0,18000000.0,-185000000,0.0,704000000.0,-127000000.0,0.0,-1121000000,-544000000,-4000000.0,-6000000.0,64000000.0,70000000,647000000,15.315,15.11,15.11,72124300.0,0,0,15.11,0.3398576512455516,0.0,0.0,647000000.0,1846000000,922000000,562000000.0,1065100000,1724000000.0,-2000000,-2000000.0,0.22765657987332863,0.43357363542739447,0.0693173821252639,0.06263194933145672,0.0,0.06263194933145672,0.19774806474313864,0.32441942294159043,0.37477128782547503,1.6786206896551723,0.428219563687544,3.523773585475543,0.8989218330294753,0.8022102427173385,-0.09919137467911451,2.137574124334918,0.0,1278000000,0.7412993039443155,0.050078247261345854,78000000.0,0.06103286384976526,1200000000,1200000000.0,0,1.0,0.06066350710900474,0.07393364928909953,0.021836506159014557,0.6119489559164734,0.29535274356103025,99.0,1.0095734597156398,0.07393364928909953,0.0,0.22200447928331468,0.35778275475923854,0.335946248600224,0.7412993039443155,1.0719257540603249,0.6960556844547564,0.4826427771556551,2.0719257540603246,-924.0,1.6216216216216217,0.06103286384976526,0.5763528138528139,0.9542772861356932,2.497297297297297,0.0,2842000000.0,,2.87088948787062,0.21519721577726217,478603202.8469751,2517000000,0.1901482728831844,2517000000,0.22328168454509337,0.42316249503377035,0.7956326987681971,2.393617021276596,inf,44.40625,0.5436730123180291,1.0520043336944744,0.25705204608661103,0.36630909813269763,0.25705204608661103,0.15733482642777155,0.30444203683640303,0.13398745880374444,-185.5,0.6178074245939675,0.4933510638297872,0.0551511758118701,0.1142691415313225,0.022396416573348264,0.13245033112582782,0.21052631578947367,0.10526315789473684,0.0,1.0,-0.8918083462132921,-0.7797297297297298,0.2723853868194843,0.24866651785142793,0.5065428324730364,,0.3659128851115496,0.3841015438100696,0.4375144789768811,,0.23325077792595406,0.20205286239642092,0.5528795420018285,,-0.030780141843971598,-0.03790463819971416,0.009623263921174607,,-0.7766946270686919,inf,,,0.07083810250540501,0.05514783371551261,0.7119455406303288,,0.3841368584758942,0.4264882129820656,1.0420138069101186,,-0.3227978409660007,0.25287897635457685,0.6956046780073877,,-0.13802931596091206,0.28271827206380884,0.5577078150074828,,,,,,,,,,0.3841368584758942,0.4264882129820656,1.0420138069101186,,-6.044308111792774,-2.5017684632644785,-1.1464616576688322,,-4.963470319634704,-2.2120500756263497,-1.2195857150600609,,-4.259892086330935,-1.8608263006490553,-0.8381745928050878,,-3.5612449799196786,-1.687838482349113,-1.053279364687052,,2.0812854442344046,1.3015152580503748,36.78934551846659,,-3.041409371594624,-1.7448441964469856,-0.616197806144557,,-2.603406326034063,-1.6050461953300899,-0.7806209447320142,,-18.522935779816514,-6.625694958287803,-3.7250062474887833,,-2.403177004538578,-1.8225353954800738,2.704054045020613,,-2.1021959459459456,-1.680891720079236,1.7745776440087966,,-2.352941176470588,-1.819740456569101,3.118682041848013,,-2.3235294117647056,-1.8614663256606991,3.093646520393054,,0.037130829038472646,0.03638893803616713,0.20427209832640214,,0.06017818039481582,0.0019019308114246458,0.23906850703720658,,-0.08961593172119486,0.03796867508301268,-0.020207744426619545,,inf,,,,0.1095305832147937,0.1043508467283422,0.019621558560578168,,-0.17255485310524354,0.17050544023524605,0.548467257011023,,-0.18614718614718617,0.23937549272612535,0.5857898294565163,,-0.20610687022900764,-0.0022360994298227985,0.3952585969774815,,-0.16706142428548876,0.1480341811729734,0.37486704528488,,-0.11163406383291663,0.22936765594470135,0.49115764907193366,,,,,,-0.048249241797628906,1.5853403191636317,1.7800304016225788,,-0.048249241797628906,1.5853403191636317,1.7800304016225788,,,,,,,,,,0.4091936699321779,0.2366128803959299,0.9748668472475901,,-0.04154449563992235,0.6827668451884605,0.9338537697082259,,,,,,-0.08238497700824621,0.3990609946783765,0.6186732287533404,,-0.15285451197053412,0.15951922963525733,0.5591457856524884,,-0.416058394160584,0.5800859728387603,1.116888042666757,,,,,,,,,,-0.24937965260545902,0.41580340046144165,1.4367354196268793,,-0.34864481076742604,0.46602154190005124,0.9573145879097114,,-0.5028596568411791,9.311265362888427,6.205047895347577,,,,,,,,,,0.30533484676503964,0.7903246522529962,2.738054440474605,,-0.4538191335491425,2.408270548091728,2.1261452992807763,,,,,,,,,,-0.39835916134913396,0.7927834739567738,1.1472572506415375,,,,,,inf,,,,0.9727177334732424,0.23992161686254873,0.3596308952453093,,0.2655367231638419,0.28556188082735856,0.8464177607300722,,0.8485965409696625,0.4306555312132107,0.813457417987262,,1.0996224576787235,0.3361657518489464,0.4880138015507397,,-0.08238497700824621,0.3990609946783765,0.6186732287533404,,,,,,-0.08238497700824621,0.3990609946783765,0.6186732287533404,,-2.403177004538578,-1.8225353954800738,2.704054045020613,,0.3841368584758942,0.4264882129820656,1.0420138069101186,,-0.808454425363276,1.4338687119180051,-inf,,,,,,-1.5797077655557379,5.2760011675611365,3.3040329751915203,,,,,,-3.6459143968871595,-1.1690349064885694,0.07871940698405125,,,,,,-1.0,-1.1604554414386765,-0.6020596535070933,,-1.126515413924489,-6.82592693885929,-3.9379359021892513,,1.8123791102514506,1.207654517721518,1.4727390233172766,,-0.964189794091316,2.7250052467986343,2.0126519214578544,,-inf,,,,,,,,-0.5689655172413793,-0.46530009114824855,-0.1459822692746689,,-8.5,-3.43337168827176,-0.6544196785534755,,-0.916846458108594,2.1924116920420467,2.155079759828536,,,,,,6.054108216432866,2.1450352242831054,1.734521134569863,,-inf,-inf,,,,,,,-1.5970387729015765,1.7332220559656628,-0.31300254623711615,,-1.2751087286335592,3.2393643626343054,8.702246068560976,,-4.076923076923077,-1.3850732600732603,8.872956043956043,,,,,,,,,,0.2068965517241379,-0.12475452567562291,0.4530358051085093,,-1.3275120222728423,55.633145960869946,32.70943303106743,,-0.0039024390243902474,0.09259583569632057,0.37364890011499996,,-0.020421393841167035,0.0851932743977295,0.374121145985788,,-0.020421393841167035,0.0851932743977295,0.374121145985788,,-0.2346953500858423,0.3250248057284323,0.6209427186064936,,,,,,,,,,-0.020421393841167035,0.0851932743977295,0.374121145985788,,7.583744164027555,2.1855707408225094,1.4825731005669947,,,,,,,,,,-1.3275120222728423,55.633145960869946,32.70943303106743,,-0.11215852250865721,0.17301575476085448,0.4333713747423844,,0.397393149439224,0.4218123926023833,0.45031385584411154,,-3.041409371594624,-1.7448441964469856,-0.616197806144557,,-2.5391618497109825,-1.7031742910098977,-0.705983121448526,,1.0996224576787235,0.3361657518489464,0.4880138015507397,,-0.9979846835953244,-1.1219565746844953,-0.4718071412640926,,-0.9979846835953244,-1.1219565746844953,-0.4718071412640926,,-1.2574000186307601,43.46150019562441,25.568826496656886,,-0.1316947682722649,-0.1181779391904469,0.02270159654554573,,-0.8244986344196448,inf,,,0.08782832058119538,0.14459530555331898,0.2757046888687165,,,,,,0.08782832058119538,0.14459530555331898,0.2757046888687165,,-2.604395486415817,-1.6054216425348569,-0.7806356165167392,,0.09824677642063717,0.13323310458650192,0.00647319600033569,,-2.20966639954766,-1.5870624118358225,-0.9984297188794959,,-1.207737600233326,-1.8437884890236707,-0.9675426754321951,,-0.46776961913499626,0.014054462462980736,0.09192410657403265,,0.22683209407545712,0.20468783185456338,0.44360629334038687,,-4.143183092294336,-1.8465247489178374,-0.8647054483346028,,-1.315786603871837,52.30776328496699,30.655690047563695,,-0.9654718528212263,2.6725273726105505,1.8560861411066842,,1.024452845187613,0.28718366439433435,0.4226016893024765,,,,,,-0.46556266465939034,1.3649208312000694,1.559123081380739,,-0.7454602691135879,1.5558798675956378,1.3485141106166112,,0.7034439925470317,-0.15607355766607814,-0.3135843414016754,,0.1095305832147937,0.1043508467283422,0.019621558560578168,,1.076072365916695,-0.031864099876190356,-0.23905866672774273,,-0.4829814735028005,1.5819278180828864,-0.3058819938698038,,-0.4829814735028005,1.5819278180828864,-0.3058819938698038,,-1.0,-1.1604554414386765,-0.6020596535070933,,0.2787778304121269,-0.10395008713007892,-0.18867573104679877,,0.3976768487120197,-0.14285641475738567,-0.3568446520934285,,0.3320677125117135,0.016032258382650877,-0.19202669446337506,,0.20914605298998534,-0.13876223392102535,-0.30839155543753694,,-0.6897750893974093,0.44550655015478974,0.48064970254864986,,-0.29016507695250815,0.020620288064514103,0.15111240315676885,,-1.0,-inf,-inf,,-3.3630146426321126,-1.8504644100509362,-1.2591854458734915,,0.703418659367774,-0.04094247787213423,-0.2956962899622776,,-1.0,-1.0024198591169309,-0.736646255581783,,-0.4047821223871072,0.944544574153532,0.7610964680756238,,-0.4175800069203831,0.4498515058972891,0.5786045387788409,,-0.43656270490043425,0.5723296751049997,-0.7223799132262065,,-0.7454602691135879,1.5558798675956378,1.3485141106166112,,-0.7134528465103097,0.858557243509464,0.7360028549997526,,-0.7537564314925461,1.8040018970111245,-0.08957987257224827,,1.2881299946825218,0.17868445632943655,0.05815054603447829,,-0.5629618936319437,0.34070912896653427,0.26043280298098986,,297.53418413855974,98.3002740175671,59.30211727425179,,-1.1024954295096476,-4.5599629836337945,-3.2927872858541507,,1.076072365916695,-0.031864099876190356,-0.23905866672774273,,-3.5582735592923456,-1.7909494887254098,-1.2243608499068857,,-1.6587918819700624,52.510643851566186,30.91936900621054,,-1.1192712311217325,-2.925755501451848,-1.2519022189347115,,,,,,0.2723853868194843,0.24866651785142793,0.5065428324730364,,,,,,0.09691211068351446,0.20207132121964463,5.063529259075807,,-1.6682996742613843,-1.7244872419145014,2.0073717548136365,,-3.2407096178086845,-1.5779457716196035,0.15383218667940607,,0.10734711834579858,0.39117681983943214,0.5445138181426126,,-3.023493429193143,-1.4128176397464998,-0.118257966250878,,0.10734711834579858,0.39117681983943214,0.5445138181426126,,-2.843513508794033,-1.5330671763246386,-0.7251319924286582,,-2.3899542647568786,-1.3924632124069352,-0.8585507814350152,,0.3866222271198787,-0.008748276096824159,-0.01935727125624338,,0.6783291301104679,0.22213342749957946,0.026965296088774248,,,,,,0.3976358233345272,0.2245208259199323,0.6403726528042133,,0.3439740490572121,-0.04218191385199862,-0.0076164066912039145,,0.38904388811681656,0.0638861834363128,0.08633766207029654,,-1.2957627439913273,48.54509213062088,28.60805698938184,,0.26192873606490097,0.14318167217745867,0.02904125482202784,,-1.2957627439913273,48.54509213062088,28.60805698938184,,-3.2246904425549814,-1.6977696646721598,-0.8688710135730167,,-3.29929488917635,-1.8374608230084704,-0.902680678186399,,-3.441884190717768,-1.6113476323035754,-0.32062490389430076,,-697.2564296520425,-232.40544550245139,-135.60702972916482,,-1.73306600626316,-1.5886821159561304,-0.9631016816708581,,-1.7112913219815238,-2.1795639636968613,1.559195059874689,,-0.7566459055963877,inf,,,-0.893644987404932,inf,,,-0.9609746952573532,1.044290781254295,0.6602187716184561,,-0.9596898029845791,1.7161923678540625,1.0771807811606988,,1.1498315568564643,0.11681451647721981,-0.003246715905521347,,-0.11307814992025522,-0.06515937802691452,-0.00433136912507368,,,,,,0.0,0.0,0.0,,-18.65297983912183,-6.922445184944139,1.1506237981244258,,-2.146155825163841,-1.95245468379151,-1.082352581480263,
2000,2664000000,742000000,1922000000,0.7215,199000000.0,867000000,181000000,1247000000,1989000000,0.0,0.0,181000000,708000000.0,0.2658,675000000,0.2534,-148000000,527000000,0.1978,154000000,373000000,0.14,0.46,0.46,810869565,819780220,54000000,6000000.0,60000000,361000000,354000000,217000000,992000000,567000000,0.0,1671000000,1671000000,0.0,0.0,197000000,2435000000,0.0,3427000000,67000000,260000000,0.0,0.0,492000000,819000000,574000000,0.0,0.0,99000000.0,673000000,0.0,0.0,1492000000,0.0,4000000.0,1116000000,-375000000,1190000000,1935000000,3427000000,0.0,3427000000,373000000,181000000,2000000.0,0.0,173000000,0.0,15000000,0.0,173000000.0,10000000,739000000,-76000000,0.0,0.0,15000000.0,-46000000.0,-107000000,0.0,29000000.0,-222000000.0,0.0,-445000000,-638000000,-4000000.0,-10000000.0,54000000.0,64000000,663000000,9.94,9.305,9.305,83159800.0,0,0,9.305,0.2922201138519924,0.0,0.0,663000000.0,1756000000,874000000,527000000.0,875000000,1935000000.0,264000000,264000000.0,0.24887387387387389,0.4510926118626431,0.0746996996996997,0.06794294294294294,0.0,0.06794294294294294,0.19782282282282282,0.3280780780780781,0.32845345345345345,1.8474074074074074,0.4680930930930931,3.2853619311757,0.8324396785073565,0.8176407508894479,-0.09372654158008754,2.386327078387755,0.0,834000000,0.4310077519379845,0.06474820143884892,60000000.0,0.07194244604316546,774000000,774000000.0,173000000,1.2112332112332111,0.06593406593406594,0.06048387096774194,0.017508024511234316,0.4232558139534884,0.23898453457834842,99.0,1.0683760683760684,0.07326007326007326,0.05048147067405894,0.1963816749343449,0.24336154070615698,0.22585351619492267,0.4310077519379845,0.7710594315245478,0.4,0.5646337904873067,1.7710594315245478,5.651515151515151,1.0932203389830508,0.07194244604316546,0.5864611260053619,1.1550522648083623,2.1073446327683616,0.0,2664000000.0,,2.3458445040214477,0.19276485788113695,477751423.1499051,2608000000,0.18318689537956484,2608000000,0.20207055214723926,0.33550613496932513,0.7773562882988037,2.096045197740113,inf,49.333333333333336,0.5608403851765392,1.0945330296127562,0.25421779141104295,0.3351226993865031,0.25421779141104295,0.1537788152903414,0.3001138952164009,0.13940806044642692,1.4128787878787878,0.45219638242894056,0.3342293906810036,0.05806828129559381,0.10284237726098192,0.022176831047563468,0.13403880070546736,0.32564925590895827,0.10329734461628247,0.0,1.0,0.2911010558069382,0.2725988700564972,-0.06263194933145677,0.13424154978882197,0.20081082888431245,,-0.17555555555555558,0.2037730527748648,0.24054837113160935,,-0.010298661174047319,0.11362353913027967,0.1896298165283443,,0.05590516610566376,-0.01258294308473081,-0.0067871431369459275,,0.010152284263959421,0.9061533997124371,,,0.029691211401425166,0.06912351004101547,0.12385862567790942,,0.016853932584269593,0.2947554847555409,0.3662637143060933,,0.02465078060805248,0.17005482371244082,0.24311625753068694,,-0.06046291922531888,0.16219498392591614,0.23009312391876896,,,,,,,,,,0.016853932584269593,0.2947554847555409,0.3662637143060933,,-0.043243243243243246,-2.5040921038693695,-1.1362697266073358,,0.020737327188939947,-2.107354415495778,-1.088893031665214,,-0.06896551724137934,-1.9550065364527451,-1.090429234714902,,-0.006664053312426366,-1.6725234775935458,-1.032443667062244,,-0.09202453987730064,0.4427154114246081,0.6073042468547648,,-0.06227758007117434,-1.7226179801519674,-0.5605385044706616,,0.0005058168942844166,-1.4983619159747164,-0.634020303819197,,-0.19371727748691103,-6.609179367693884,-3.8767578330674666,,0.005390835579514919,-1.7652826354055933,2.8850569298278588,,0.07279693486590055,-1.5402656201808036,1.9810243549256383,,0.0,-1.747276688453159,3.3081557260585392,,0.022222222222222143,-1.7671023965141612,3.287564649048025,,0.005390835472570021,0.015792626145707384,0.2392630884241346,,-0.005657414558305929,0.010488102431265448,0.27184984712876387,,-0.15625,-0.011265655401317817,-0.1067296645154098,,-0.5714285714285714,,,,-0.23076923076923073,0.03027677265426813,-0.08180420768205823,,-0.18876404494382026,-0.020552408581200776,0.14921712181905025,,-0.058510638297872286,-0.01664441057917776,0.24392316797610078,,0.39102564102564097,0.04704105011955906,0.3702963043681301,,-0.05971563981042649,-0.012121176753776256,0.15579730625380303,,-0.0612582781456954,0.06321090270719613,0.19875476470933526,,,,,,-0.03186558516801852,1.5694223052576473,1.191787596203706,,-0.03186558516801852,1.5694223052576473,1.191787596203706,,,,,,,,,,0.053475935828877,0.3043142766015903,0.10006017567730593,,-0.032578466428287656,0.6104992501596045,0.48686188594637797,,,,,,-0.04059350503919368,0.2850735073054592,0.3126388260317453,,-0.2717391304347826,-0.10883825828744802,0.14850656883705504,,-0.5666666666666667,0.10496821168608639,0.8643734227837159,,,,,,,,,,0.3553719008264462,0.31749951611184496,0.30617045552987354,,-0.22369668246445495,0.14407923822963709,0.3771614115253685,,-0.15339233038348088,9.266490518297323,6.082234597810206,,,,,,,,,,-0.13913043478260867,0.14582956108890077,0.3768950201847497,,-0.1513240857503153,2.2527786811244512,1.7323445705285032,,,,,,,,,,-0.1926406926406926,0.5127256667086343,0.607204057647168,,,,,,0.0,,,,0.48404255319148937,0.3321071679776518,0.29738428777337095,,0.1160714285714286,0.22037540800814237,0.27959645925574594,,-0.08742331288343563,0.40301286037466455,0.280810616935553,,0.12238979118329474,0.351533995750599,0.2695505833168103,,-0.04059350503919368,0.2850735073054592,0.3126388260317453,,,,,,-0.04059350503919368,0.2850735073054592,0.3126388260317453,,0.005390835579514919,-1.7652826354055933,2.8850569298278588,,0.016853932584269593,0.2947554847555409,0.3662637143060933,,-1.0689655172413792,0.007654399719265588,0.5592553964297998,,,,,,-0.5100538091192297,5.947169967662755,2.9139193194769994,,,,,,-0.7794117647058824,-1.75951762972576,-0.6666366301676516,,,,,,inf,inf,inf,,-1.0684462696783026,-7.06083354147092,-4.246826691633549,,0.016506189821182904,1.346688474765412,1.6022939485971475,,-0.050000000000000044,2.4548278632066167,1.8171770611226592,,-1.0,,,,,,,,2.0,0.2577391245380259,0.004943656651257044,,-3.5555555555555554,-4.331286299152623,-2.6125353979595176,,-0.42162162162162165,2.1750923133967013,1.5167324469984647,,,,,,-0.9588068181818182,1.7109078118910281,1.3427597709334995,,0.7480314960629921,-inf,-inf,,,,,,-0.6030330062444247,1.4129713192598379,-0.7106733676694873,,0.17279411764705888,3.37046585233948,8.70151077444333,,0.0,-1.7696886446886448,-0.9270439560439563,,0.6666666666666667,,,,-0.15625,,,,-0.08571428571428574,-0.02516454475571872,-0.19963336782382146,,0.02472952086553315,3.4080558011584596,33.189378935240526,,-0.35096310806398956,-0.11277887382284839,0.10080023600552213,,-0.3841826604897419,-0.11554931669283612,0.0542794325406893,,-0.3841826604897419,-0.11554931669283612,0.0542794325406893,,0.15300668429364306,-0.009674447490969981,0.2851678290634938,,,,,,,,,,-0.3841826604897419,-0.11554931669283612,0.0542794325406893,,-0.14016908908471348,2.182591330033409,1.1798716596032324,,,,,,,,,,0.02472952086553315,3.4080558011584596,33.189378935240526,,-0.04875406283856987,0.03192709328961674,0.15098500101451912,,-0.05206073752711493,0.1414395038889369,0.282534937178814,,-0.06227758007117434,-1.7226179801519674,-0.5605385044706616,,-0.17848089381278753,-1.8558051771827877,-1.07705120103753,,0.12238979118329474,0.351533995750599,0.2695505833168103,,-133.0,-45.490931735072714,-27.275482887900125,,-133.0,-45.490931735072714,-27.275482887900125,,0.09319868554799005,2.7788097256056266,25.898981590586715,,0.04040600028177299,-0.03373253864068615,-0.05219628955404423,,0.0776474443987134,0.6708905565376276,,,0.0847968755272126,0.13865697562219337,0.13617141479858302,,,,,,0.0847968755272126,0.13865697562219337,0.13617141479858302,,0.000378047086232014,-1.4986827252862753,-0.6340408186078925,,0.0112775465270043,0.004659026132190158,0.0638127671181415,,-0.1235896021831615,-1.6279384844323674,-1.0402465067786322,,0.10055083843087131,-1.8266276365244367,-1.047307647948759,,0.0931146841171493,0.04704996680437142,0.043956981035238575,,-0.06765805138063907,0.11545997627198383,0.036162952320602584,,-0.0739576591415807,-1.916903874308387,-1.2074866135468798,,0.01923499271193707,3.389952912725374,31.190688438974092,,-0.05509383367964993,2.437594319846147,1.5808836037685656,,0.11637161547800545,0.32313016836392616,0.11249205768233017,,,,,,-0.3474178403755869,1.0108707333773987,1.3601731559970371,,-0.41857796217442467,1.218622065572719,1.3160354883212764,,0.2929406474820144,0.08217435762754104,-0.20995705353663677,,-0.23076923076923073,0.03027677265426813,-0.08180420768205823,,0.178749308245711,0.16832003567199436,-0.15826964670996477,,-0.355,1.1638416136927134,-0.3641160364229954,,-0.355,1.1638416136927134,-0.3641160364229954,,inf,inf,inf,,0.21123321123321115,0.027952711302772104,-0.05714949926430668,,0.08688186813186816,0.029736263466480655,-0.20889093717754878,,-0.18191687344913154,0.056114119708145505,-0.15381180568843947,,-0.19822226212655158,-0.12545428185758675,-0.25057220795060503,,-0.3083478452551527,0.13650682954096802,0.2869207635599119,,-0.19085046681150664,-0.15589335952454986,0.017545383222254584,,0.0,-inf,-inf,,0.05824500247559117,-1.7425144160205364,-1.193133895898333,,-0.009110547572085959,0.09965272845041406,-0.1669410581871887,,inf,inf,inf,,-0.11541570887076924,0.9025423994785132,0.7116553666458101,,-0.31980639796369903,0.23737022862757615,0.5823050516643831,,-0.3277093667931136,0.30994944660097984,-0.6631289117703809,,-0.41857796217442467,1.218622065572719,1.3160354883212764,,-0.28067832253878766,0.5880782327051998,0.563109529776831,,-0.42533333333333334,1.407343206893677,-0.05918780679281284,,0.1698792921233523,0.2929639956801734,0.11420826492426502,,-0.14521095746127644,0.2225953516325553,0.20656811669102254,,-1.0061163583890858,97.80210646241666,58.95332541054819,,-0.32584745762711875,-4.992159469664215,-3.3646631603582984,,0.178749308245711,0.16832003567199436,-0.15826964670996477,,0.01753841034448289,-1.7106241103695357,-1.1734840389431684,,0.2103947999073721,-0.6743721366576304,31.34971719696125,,-0.15614987648885947,-3.214319386271408,-1.8576158543632026,,,,,,-0.06263194933145677,0.13424154978882197,0.20081082888431245,,,,,,-0.18288582199609693,-0.03713830042766153,-0.10669046730688365,,-0.10424092995396195,-1.6840829681341214,2.177459032322255,,-0.0017797200102364075,-1.6909988061029095,0.28673455864731406,,0.03615415176797776,0.3677739762826803,0.3027080665358618,,-0.03661025892092218,-1.4946235217825707,0.04469336871722707,,0.03615415176797776,0.3677739762826803,0.3027080665358618,,-0.09499718904875232,-1.4938342410610668,-0.6028728279820411,,-0.20714586262530144,-1.5136493722086257,-0.9384335331714565,,-0.022970914214170746,-0.011096478324176004,-0.02205953224358581,,-0.12431889516635286,0.24779124655771934,0.06559483897716858,,,,,,0.11095472671827356,0.16427807471626987,0.47614772165751,,0.03157665079845429,-0.019776655887049837,-0.02671674079240589,,0.04042635049698662,0.1063471013583643,0.05695032563913405,,-0.01102599539166127,1.3616990313924928,28.928336243039826,,-0.0851368390934617,-0.09088487163637127,0.052843438306381385,,-0.01102599539166127,1.3616990313924928,28.928336243039826,,-0.022601551215125415,-1.5950797942036858,-0.7263662277437306,,-0.014216635997373439,-1.7201034766728283,-0.7613324096405762,,0.040456037386470634,-1.6070860161722014,-0.1393421235464702,,-1.0076165972392388,-232.6590198020914,-135.61849929010768,,-0.2680625637897911,-1.7409461260992698,-1.0584491828497882,,-0.32253234018297916,-2.1838704069514563,1.6835063073942358,,0.05289289740031,0.1878206786231221,,,-0.0999986883353664,1.1310553666678371,,,-0.009804493726291108,0.9234123132624488,0.7034224824613491,,0.011992945326278592,1.6452021988282561,1.1190154323383024,,0.5468339655675518,0.32313976096114766,0.16189682139403555,,-0.01867522614531647,-0.17593592395000754,-0.021019945241429184,,,,,,0.0,0.0,0.0,,-1.326416608504487,-7.02247588250146,1.3762495673326192,,-1.349606869743168,-0.6331157548203805,-1.5938739554288968,
2001,2673000000,919000000,1754000000,0.6562,275000000.0,961000000,136000000,1372000000,2291000000,0.0,0.0,232000000,276000000.0,0.1033,100000000,0.0374,-56000000,44000000,0.0165,98000000,-54000000,-0.0202,-0.07,-0.07,830769231,830769231,180000000,5000000.0,185000000,370000000,303000000,248000000,1106000000,592000000,916000000.0,1148000000,2064000000,0.0,0.0,212000000,2868000000,0.0,3974000000,54000000,231000000,0.0,0.0,546000000,831000000,973000000,0.0,43000000.0,112000000.0,1128000000,0.0,0.0,1959000000,0.0,4000000.0,1031000000,-453000000,1433000000,2015000000,3974000000,0.0,3974000000,-54000000,232000000,8000000.0,0.0,102000000,0.0,53000000,0.0,275000000.0,202000000,490000000,-121000000,-704000000.0,0.0,20000000.0,5000000.0,-800000000,0.0,42000000.0,0.0,0.0,395000000,437000000,-1000000.0,126000000.0,180000000.0,54000000,369000000,8.9,9.28,9.28,72295400.0,0,0,9.28,2.227272727272727,0.0,0.0,369000000.0,1910000000,561000000,44000000.0,336000000,2015000000.0,-49000000,-49000000.0,0.13804713804713806,0.5478905359179019,0.102880658436214,0.0508791619902731,0.0,0.08679386457164234,0.01646090534979424,0.20987654320987653,0.12570145903479238,13.72,0.5132809577254022,3.21749999910625,0.12037037033693415,0.444166666543287,-0.14564814810769033,2.4254629622892234,0.0,1204000000,0.5975186104218362,0.14950166112956811,185000000.0,0.1536544850498339,1019000000,1019000000.0,275000000,1.3309265944645006,0.21660649819494585,0.16726943942133815,0.04655259184700554,0.41240694789081883,0.20910920986411677,99.0,0.4043321299638989,0.2226233453670277,0.06919979869149472,0.28384499245093103,0.3029693004529441,0.2564167086059386,0.5975186104218362,0.9722084367245658,0.5057071960297767,0.5070457976849522,1.9722084367245658,-39.97959183673469,3.6920289855072466,0.1536544850498339,0.17151607963246554,0.37923946557040084,7.0978260869565215,0.0,2673000000.0,,-6.222222222222222,-0.026799007444168736,-122727272.7272727,3143000000,-0.039047811876319664,3143000000,0.013999363665287942,0.10690423162583519,0.6726220432813287,3.033003300330033,inf,14.85,0.4413688978359336,0.9183246073298429,0.11740375437480115,0.17849188673242125,0.11740375437480115,0.011071967790639155,0.023036649214659685,-0.030882554787939786,1.1020408163265305,0.16674937965260547,-0.052376333656644035,0.06919979869149472,0.13647642679900746,0.030447911424257675,0.20439189189189189,0.25943633618520384,0.0762455963764469,0.0,1.0,-0.11382113821138211,-0.15217391304347827,0.0033783783783782884,0.07104393862213527,0.13734919652024108,,0.238544474393531,0.14296726798317502,0.24305871005363686,,-0.08740894901144636,0.04518105591348679,0.10169019540075382,,-0.09050589050589053,-0.021793622081399455,-0.02966292779987385,,0.38190954773869357,-0.1282109316886796,inf,,0.10841983852364478,0.06964971747682498,0.06071091021432155,,-0.24861878453038677,0.050790668843259,0.2095399574000159,,0.10024057738572578,-0.06596882765740748,0.17670565741150177,,0.1518350930115635,-0.015552380724889145,0.18790539799553424,,,,,,,,,,0.28176795580110503,0.22758624895375626,0.3156173054663143,,-0.6101694915254237,-2.2325736155204803,-1.6317436249124202,,-0.611361926260346,-1.8513649729020365,-1.445354965190091,,-0.8518518518518519,-1.7269031518080553,-1.3006592542080795,,-0.8524072612470402,-1.4734387648263816,-1.184517352321361,,-0.6216216216216216,0.45587976091182747,0.6381799225304405,,-0.9165085388994307,-1.340065163521743,-1.2426637416623125,,-0.916582406471183,-1.1731609718703206,-1.1462430351134338,,-0.36363636363636365,-6.360096473646596,-4.086887703197337,,-1.1447721179624666,-1.1808527623071765,-1.3213974937646344,,-1.1442857142857144,-1.0578949084552531,-1.2228327879315042,,-1.1521739130434783,-1.1683716965046889,-1.3222790565501563,,-1.1521739130434783,-1.151160367528654,-1.3428701335606708,,0.02454114306287969,0.022354269191307452,0.027819758528790216,,0.013404825747076465,0.02264186386119545,0.002690640724608895,,2.3333333333333335,0.6958224672040462,0.4581978717164743,,-0.16666666666666663,inf,,,2.0833333333333335,0.6540315619262987,0.4331233285498259,,0.024930747922437657,-0.11212938337554205,0.06953660473687111,,-0.14406779661016944,-0.1295752070184093,0.10310960865406686,,0.1428571428571428,0.10925863788459204,0.10543489711866308,,0.11491935483870974,-0.03728590308573517,0.09986125170944068,,0.04409171075837737,-0.04293354374007822,0.1341872800893572,,inf,,,,-0.31298623578695395,-0.13103368758420045,0.8822338273071846,,0.2351885098743267,0.05169122763622643,0.9918687764394407,,,,,,,,,,0.07614213197969533,0.17960391258025007,0.1678913417992724,,0.17782340862423007,0.034566815518673355,0.43870909555226484,,,,,,0.15961482346075284,0.012212113804437652,0.26324086049133777,,-0.19402985074626866,-0.20620783105052845,0.0025577415449441476,,-0.11153846153846159,-0.3647545074552374,0.2124105580622305,,,,,,,,,,0.10975609756097571,0.07191611526065429,0.34250763995434935,,0.0146520146520146,-0.18589649285995546,0.23780399157754264,,0.6951219512195121,0.012956654664950737,5.695105141900262,,,,,,inf,,,,0.13131313131313127,0.09917251443185408,0.4726313306579022,,0.6760772659732541,0.023644682224598774,1.5499129648996246,,,,,,,,,,0.3130026809651474,-0.09266572434155973,0.4997424820389552,,,,,,0.0,inf,,,-0.0761648745519713,0.46019847070425346,0.22552850584543283,,0.20799999999999996,0.1965360505784235,0.23615141421070085,,0.20420168067226885,0.3217916362528319,0.28174899228569306,,0.04134366925064592,0.42111863937088806,0.23444614319615598,,0.15961482346075284,0.012212113804437652,0.26324086049133777,,,,,,0.15961482346075284,0.012212113804437652,0.26324086049133777,,-1.1447721179624666,-1.1808527623071765,-1.3213974937646344,,0.28176795580110503,0.22758624895375626,0.3156173054663143,,3.0,0.37419335246511487,1.2465281237025272,,,,,,-0.4104046242774566,-0.8333887329841415,2.9815090138573446,,,,,,2.533333333333333,-0.6306642760865695,-0.35063663016765156,,,,,,0.5895953757225434,inf,inf,,19.2,5.668346105465736,-0.4692454172512342,,-0.3369418132611637,0.4973144956038233,0.6605055859449147,,0.5921052631578947,-0.1406948436444738,1.7434242007107597,,-inf,-inf,,,,,,,0.33333333333333326,0.5881226053639845,0.18748661197771746,,-1.108695652173913,-4.388083735909823,-2.9928732545089494,,6.4766355140186915,1.7127224780961585,2.526449793704642,,,,,,0.4482758620689655,1.8478590867733375,1.1849149433472927,,-1.0,-inf,-inf,,,,,,-1.8876404494382022,-1.3625707428614013,0.5417985424428723,,-1.6849529780564263,-0.9290891963476421,1.64118684549871,,-0.75,-1.6089743589743588,-0.9810439560439562,,-13.6,,,,2.3333333333333335,,,,-0.15625,-0.011689244663382614,-0.1232455725482309,,-0.4434389140271493,-0.5820738051448194,33.29614569788964,,-0.1046277665995975,-0.15316443789599243,-0.03556067351492507,,-0.002686727565824887,-0.13576359396557794,-0.02625791297247566,,-0.002686727565824887,-0.13576359396557794,-0.02625791297247566,,-0.13064485484573074,-0.07077784021264333,0.19948724932664183,,,,,,,,,,-0.002686727565824887,-0.13576359396557794,-0.02625791297247566,,6.6219008264462795,4.688491967129707,2.6076887919658187,,,,,,,,,,-0.4434389140271493,-0.5820738051448194,33.29614569788964,,0.08769931662870167,-0.024404422906175133,0.11159850361453905,,-0.35812356979405036,-0.004263719293980432,0.1710505740971969,,-0.9165085388994307,-1.340065163521743,-1.2426637416623125,,-0.616,-1.1112142478412566,-1.180800753368496,,0.04134366925064592,0.42111863937088806,0.23444614319615598,,-1.1856060606060606,-45.06119691473379,-27.51029515693191,,-1.1856060606060606,-45.06119691473379,-27.51029515693191,,-0.44531285707756296,-0.5365047300534443,26.006477283068726,,0.21458547870150801,0.041098903570338706,-0.019908467717611945,,0.3772566536385633,-0.12319817879412269,inf,,-0.251148687612776,-0.026174497168122663,0.053486820914878705,,,,,,0.2774522387782057,0.15002581162887121,0.15920700619307504,,-0.9167896549300724,-1.1736023647532192,-1.1465353070896822,,-0.360284769895754,-0.08358681564937083,0.010138418078151213,,-0.6172929292929292,-0.9835163103412503,-1.1004139533967117,,6.426623897353649,1.7731457118503984,0.1991618537427018,,0.09653606365715417,-0.09270629045356427,0.046362827032649136,,-0.02065584659805353,0.04617273203225484,0.10514991951699951,,-0.8554004891348167,-1.6908470801902444,-1.2937864790059819,,-0.45677038961168137,-0.5844406669238604,31.297150891600246,,0.5539690855149795,-0.15553220032863224,1.7032914739333962,,0.016400050209340655,0.3857415036249863,0.19886453177406985,,,,,,0.4436450839328536,-0.12311180703404119,0.8381979474314951,,0.3863291500794399,-0.2592363604028575,0.9270781581383855,,1.308970099667774,0.7684515798989401,0.22673801483031078,,2.0833333333333335,0.6540315619262987,0.4331233285498259,,1.1357973421926912,0.7968730054516991,0.2437908701619662,,0.31653746770025837,-0.17381466860084738,0.9414641843897836,,0.31653746770025837,-0.17381466860084738,0.9414641843897836,,0.5895953757225434,inf,inf,,0.0988194363572843,0.19627682600087412,-0.0003595227599482609,,2.2851985559566788,0.9232524242668555,0.3887022359632779,,1.7655213984327909,0.6385574124984577,0.32634026002632244,,1.6589288709947998,0.5566175539527446,0.20888398142103445,,-0.025631936301911518,-0.34125162365149114,0.200507973781461,,-0.1250094478579632,-0.20200833054065934,-0.050799810095185506,,0.0,-0.3333333333333333,-inf,,-0.6215451263537906,-1.3087715888367706,-1.2229386708062016,,2.038808664259928,0.911038925351872,0.3813741366142879,,0.37079601222978265,inf,inf,,0.44537412946410204,-0.024941233931258133,0.6327184286107856,,0.24493500318014338,-0.16415046723464624,0.25493662458166233,,0.13532307544257316,-0.20964966541699157,0.30492054679289177,,0.3863291500794399,-0.2592363604028575,0.9270781581383855,,0.2608735422667794,-0.24441920892743932,0.5111733900512767,,0.26426799007444157,-0.30494059158381265,1.0501880695548962,,-0.10199175779517766,0.45200584300356544,0.12078818066329686,,0.11357552525883707,-0.19819910861146103,0.19809839093943266,,-8.074136893363242,96.15131029560247,57.1641137601898,,2.3772048084484894,0.3162873071039076,-2.325706320016003,,1.1357973421926912,0.7968730054516991,0.2437908701619662,,-0.7075405819295559,-1.416091910292473,-1.2125701275522605,,-0.6716689996419154,-0.7066886939015352,31.414131470992807,,2.3681373120410303,0.3642387348101461,-1.313055813760675,,,,,,0.0033783783783782884,0.07104393862213527,0.13734919652024108,,,,,,-3.6524444444444444,-1.2461393852523424,-0.6458232605563214,,-1.1390243415669343,-0.9705216485940934,-1.28334539945288,,-1.256885205946868,-1.4997915145885965,-1.198500448163183,,0.2051380368098159,0.11621310230786408,0.28296452961921803,,-1.213158325520023,-1.4244206712113627,-1.0976443007360892,,0.2051380368098159,0.11621310230786408,0.28296452961921803,,-0.9307204166241538,-1.289743704822313,-1.1249838269293644,,-0.6813643016226535,-1.0928214763349444,-1.013179960293752,,-0.1347313279560386,0.07630666164988979,-0.03678941409213636,,0.4470123562221453,0.33367419705542006,0.19781874871090616,,,,,,-0.6989864864864865,-0.06346531214456193,0.017106143598316793,,-0.21302226176704242,0.054176146029541315,-0.0615982705049168,,-0.16098958872465963,0.08949354996304786,0.014219062416253082,,-0.5381764835452769,-0.6149884076427551,29.017214782585143,,-0.46738347757648213,-0.09686386020168096,-0.02459506002751357,,-0.5381764835452769,-0.6149884076427551,29.017214782585143,,-0.9280006952210239,-1.3917642296637103,-1.2087822480905257,,-0.923240311155707,-1.4122506121098102,-1.2899678832356982,,-1.221526321283321,-1.5409848248715396,-1.2030226361615155,,-0.22000328281446635,-232.82801651069872,-139.68879127748158,,-0.6312456575682381,-0.8774580758737297,-1.1330709138452841,,-1.1567077435946775,-1.0635104685863934,-1.6035863949736484,,0.19169703575754982,-0.17068532414617596,inf,,0.32704465254311255,-0.22219967439906196,inf,,0.3729604269859348,-0.19927292066590319,0.6992056554045057,,0.5248710881934566,-0.14094192315494794,1.1370882274163847,,-0.20332587445636774,0.4977798826558828,0.1387903281085687,,-0.26188231982462284,-0.13121189863006485,-0.09520713601013657,,,,,,0.0,0.0,0.0,,-1.3910021483634525,-7.123466198663256,-4.6969508623400715,,-1.5582338364496509,-1.68466551045222,-1.7530409515134697,
2002,2919000000,870000000,2049000000,0.702,343000000.0,1002000000,9000000,1354000000,2224000000,0.0,0.0,161000000,710000000.0,0.2432,610000000,0.209,-61000000,549000000,0.1881,176000000,373000000,0.1278,0.46,0.45,810869565,828888889,277000000,0.0,277000000,435000000,243000000,253000000,1208000000,636000000,1168000000.0,1199000000,2367000000,0.0,0.0,239000000,3242000000,0.0,4450000000,66000000,88000000,0.0,0.0,769000000,923000000,847000000,0.0,100000000.0,113000000.0,1060000000,0.0,0.0,1983000000,0.0,4000000.0,1394000000,-127000000,1196000000,2467000000,4450000000,0.0,4450000000,373000000,161000000,142000000.0,0.0,10000000,0.0,63000000,0.0,285000000.0,50000000,736000000,-112000000,-187000000.0,0.0,31000000.0,-200000000.0,-468000000,0.0,107000000.0,0.0,0.0,-282000000,-175000000,4000000.0,97000000.0,277000000.0,180000000,624000000,13.825,14.615,14.615,88169500.0,0,0,14.615,0.3205828779599271,0.0,0.0,624000000.0,2083000000,886000000,549000000.0,605000000,2467000000.0,100000000,100000000.0,0.21377183967112023,0.4890190336749634,0.11750599520383694,0.003083247687564234,0.0,0.05515587529976019,0.1880781089414183,0.30352860568687906,0.20726276121959575,2.219672131147541,0.46385748544021926,3.5998391430562573,0.7522788205770184,0.7695442361312451,-0.13812332443381323,3.042412869448368,0.0,935000000,0.37900283745439806,0.2962566844919786,277000000.0,0.2962566844919786,658000000,658000000.0,285000000,1.3087757313109425,0.3001083423618635,0.2293046357615894,0.06224719101123596,0.37413862991487634,0.20741573033707866,99.0,0.6554712892741061,0.3001083423618635,0.06404494382022471,0.23820224719101124,0.2101123595505618,0.14786516853932585,0.37900283745439806,0.8038102959059586,0.2667207134171058,0.5543820224719102,1.8038102959059588,19.83,0.9267605633802817,0.2962566844919786,0.30509329299041854,0.7367178276269185,2.7929577464788733,0.0,2919000000.0,,1.6219839142091153,0.15119578435346576,414444444.4444445,3527000000,0.11750622184418613,3527000000,0.15565636518287496,0.17153388148568188,0.6559550561797752,3.580246913580247,inf,10.537906137184116,0.4604494382022472,0.9836773883821411,0.1769208959455628,0.25120499007655234,0.1769208959455628,0.12337078651685393,0.26356216994719156,0.09313358302122347,3.73,0.2452371301175517,0.26757532281205165,0.07707865168539325,0.13903526550466153,0.025168539325842697,0.1761006289308176,0.31325842696629214,0.05460674157303371,0.0,1.0,-0.17147435897435898,-0.15070422535211267,0.09203142536475872,0.01092595147056008,0.09962689062192058,,-0.053318824809575616,0.003223364676133267,0.15930896158170996,,0.16818700114025087,0.023493130318252398,0.0843297339039287,,0.06979579396525448,0.011731689855009239,-0.011691785158965694,,0.2472727272727273,0.2131115197584601,0.6695284948297464,,0.042663891779396446,0.0602583139014888,0.07169085208521753,,-0.9338235294117647,-0.38852946045262726,-0.05963517193510572,,-0.013119533527696792,0.037257274822027155,0.11945710299907028,,-0.02924487123526842,0.0207091008503254,0.1218350347108087,,,,,,,,,,-0.30603448275862066,-0.0024708647910820134,0.17199998546182144,,1.572463768115942,0.30635034444909165,-1.309996407003518,,1.3543078412391094,0.2545610807225678,-1.1158234663017141,,5.1,1.3930608769689228,-0.32337429224201747,,4.588235294117647,1.2430546598527268,-0.25634847998200627,,0.08928571428571419,-0.20812014907106935,0.15916206538758332,,11.477272727272727,3.499495536100707,1.0785820495834786,,10.399999999999999,3.1613078034743665,0.997666369120933,,0.7959183673469388,0.07952157540788803,-3.8790512198742158,,-7.907407407407407,-3.0155962299301198,-2.869605486317331,,-7.326732673267327,-2.7994071508957137,-2.6183630496190906,,-7.571428571428571,-2.9078674948240164,-2.7930865099663054,,-7.428571428571428,-2.852841039797561,-2.7764105062314774,,-0.02395330166001297,0.0019928922918122463,0.009593143967997774,,-0.002263374629000947,0.001828012186589863,0.008521151682374373,,0.538888888888889,0.9053240740740742,0.567685051203654,,-1.0,-0.5793650793650793,,,0.4972972972972973,0.7832871332871333,0.534292189718687,,0.17567567567567566,0.003947459551431017,0.027789839570902197,,-0.19801980198019797,-0.13353274562941322,-0.07840416606558014,,0.02016129032258074,0.18468135806845484,0.060828316707680144,,0.0922242314647379,0.04914264883100705,0.03415601120842378,,0.07432432432432434,0.01905258564566877,0.06160974864085802,,0.27510917030567694,,,,0.04442508710801385,-0.10014224461565287,0.8879411534188003,,0.14680232558139528,0.11670841676256782,1.0180515502457328,,,,,,,,,,0.12735849056603765,0.08565885279153666,0.22328869047010075,,0.1304044630404464,0.09188313507879627,0.427945124428698,,,,,,0.11977856064418724,0.07959995968858213,0.22692278120426357,,0.22222222222222232,-0.08118225298627631,-0.05966448067727807,,-0.6190476190476191,-0.43241758241758244,-0.0831362891055643,,,,,,,,,,0.40842490842490853,0.2911843022707768,0.2941359108642838,,0.1107099879663056,-0.03277822661537825,0.1115199434614463,,-0.1294964028776978,0.13741107265277783,5.673019420646757,,,,,,1.3255813953488373,,,,0.008928571428571397,0.0003704226530313326,0.115546077201681,,-0.06028368794326244,0.15482316409322547,1.4748259242806692,,,,,,,,,,0.012251148545176171,0.044204378956543645,0.3726861659272453,,,,,,0.0,0.0,,,0.35208535402521823,0.25332101088824543,0.2544483966812404,,-0.7196467991169978,-0.13185845684852307,0.029895884981485855,,-0.16538729937194696,-0.01620297719437125,0.2495705924848631,,0.2243176178660049,0.1293503594333152,0.26405265487368956,,0.11977856064418724,0.07959995968858213,0.22692278120426357,,,,,,0.11977856064418724,0.07959995968858213,0.22692278120426357,,-7.907407407407407,-3.0155962299301198,-2.869605486317331,,-0.30603448275862066,-0.0024708647910820134,0.17199998546182144,,16.75,6.227011494252873,3.9545926398315587,,,,,,-0.9019607843137255,-0.6074730725701373,3.3058288988794162,,,,,,0.18867924528301883,0.6475336046368233,-0.5113080621121855,,,,,,0.036363636363636376,inf,inf,,-0.7524752475247525,5.793026160932314,-0.5469951743875037,,0.5020408163265306,0.06053506429551662,0.8410328854723206,,-0.07438016528925617,0.15590836595621282,1.576441737497698,,-0.734375,-inf,,,,,,,0.55,0.9611111111111111,0.3313101413894822,,-41.0,-15.221417069243158,-11.020510909926356,,-0.41500000000000004,1.8800046307990232,2.517382490841759,,,,,,1.5476190476190474,0.34569603050206493,1.4257236690722197,,,,,,,,,,-1.7139240506329114,-1.4015325021051794,0.12746989154167992,,-1.40045766590389,-0.9708721754377526,1.4051973826116249,,-5.0,-1.9166666666666667,-2.211813186813187,,-0.23015873015873012,-4.387830687830688,,,0.538888888888889,0.9053240740740742,,,2.3333333333333335,0.6971230158730158,0.4203179398132354,,0.6910569105691058,0.09078250580249654,2.094357080003467,,0.5533707865168538,0.03259330395108891,0.022081279689742227,,0.5748922413793105,0.0626742844412479,0.04511151274699545,,0.5748922413793105,0.0626742844412479,0.04511151274699545,,0.21957275289990785,0.08064486078260673,0.011980911116253434,,,,,,,,,,0.5748922413793105,0.0626742844412479,0.04511151274699545,,-0.8560648303037062,1.8752223023526202,2.4627219972485603,,,,,,,,,,0.6910569105691058,0.09078250580249654,2.094357080003467,,0.09057591623036654,0.043173723340166115,0.05481130254558368,,0.5793226381461676,0.0563794436083341,0.12910351600378558,,11.477272727272727,3.499495536100707,1.0785820495834786,,0.8005952380952381,0.0020381147608168706,-1.0765640586906247,,0.2243176178660049,0.1293503594333152,0.26405265487368956,,-3.0408163265306123,-45.742140795712224,-28.13984351847096,,-3.0408163265306123,-45.742140795712224,-28.13984351847096,,0.5485423507883587,0.06547605975292858,1.687931734105535,,-0.1074512122103165,0.0491800889243215,0.0011873301138266123,,0.14215827338129494,0.19902079047285723,0.5064173193265482,,-0.9394005803760354,-0.36858413082053293,-0.15491566822444627,,,,,,-0.36451872984371125,-0.0007565385127643228,0.06578088716021491,,10.425745118191161,3.16977783678244,1.0025814574804524,,0.44622453297865916,0.032405769869969826,0.019983368295895133,,0.6488492879166052,-0.030677747853161835,-0.9704518189346854,,-0.8382163169717536,1.896319472937589,0.021704934161717128,,-0.09628931590254652,0.031120477290585646,0.028279329633544383,,0.11883112480379565,0.010172408941701017,0.08891104140433873,,5.249700972683566,1.4401142748023898,-0.2712822278752823,,0.7325573801388536,0.09834066107970311,2.0891291457406593,,-0.05166439650378085,0.14907028511051623,1.563017529709928,,0.25436377168045854,0.1290451457892682,0.24803086539631555,,,,,,-0.22342192691029905,-0.0423982277843441,0.6505670714309502,,-0.36570538416062115,-0.13265139875186863,0.7352979925273951,,0.9816280451574568,0.8611795974357485,0.5074242435415709,,0.4972972972972973,0.7832871332871333,0.534292189718687,,0.9280705304234715,0.7475390602872912,0.5137655959264291,,-0.3542688910696762,-0.1309104744564726,0.6907586835417445,,-0.3542688910696762,-0.1309104744564726,0.6907586835417445,,0.036363636363636376,inf,inf,,-0.01664318922297181,0.09780315278917455,0.03320687620852576,,0.3855001805706033,0.9191935348863834,0.5519815053853447,,0.3708698764990157,0.6514914671608918,0.4609467268112487,,0.33713695718190095,0.5992811886833831,0.3239405965207881,,-0.09279261217993273,-0.142257464578999,0.05821918802821195,,-0.00809854108357333,-0.10798615191768106,-0.12015761350303722,,0.0,0.0,-inf,,0.6211209565082805,0.019273610876693697,-1.0455934835814238,,0.3480542297443707,0.7925841154774043,0.5371642158711081,,-0.07449233912155262,inf,inf,,-0.1608016575025898,0.05638558769691434,0.5984399340794104,,-0.3064896039419165,-0.1271203329084907,0.13011121702419107,,-0.42334035350806587,-0.20524221495286876,0.1283662123474894,,-0.36570538416062115,-0.13265139875186863,0.7352979925273951,,-0.173211972307041,-0.06433891752634975,0.3703792536150675,,-0.47257876591220005,-0.2112147030570306,0.8027437689686545,,0.0933569018875291,0.05374814540523457,0.17405142622657432,,-0.08538556964003352,-0.03900700061415763,0.1391952021032939,,-1.4960030627871364,-3.5254187715131544,56.76723588621992,,-0.7489833999087756,0.4341246503041984,-2.669651400090586,,0.9280705304234715,0.7475390602872912,0.5137655959264291,,0.7788028600244938,0.029600229479806933,-1.0121220106027338,,0.9426190956124436,0.16044829862596677,-0.35043326280047254,,-0.6065051873261005,0.5351607494086901,-1.5762652068198588,,,,,,0.09203142536475872,0.01092595147056008,0.09962689062192058,,,,,,-1.2606759862121792,-1.69866875088424,-1.0049070663879216,,-6.64184269393025,-2.6283693218170487,-2.5666231879799097,,-4.376954732510288,-1.8785398861557976,-2.141367271353177,,0.12217626471524023,0.12115615109767797,0.2861272460746194,,-4.009290820606703,-1.7530198016825496,-1.9412639422948874,,0.12217626471524023,0.12115615109767797,0.2861272460746194,,10.118817176585818,3.0310331903043033,0.9413188073556926,,0.6045565163973159,-0.09465121595021302,-0.9235511803702428,,-0.02477912710122465,-0.060827123090478,-0.03855997800595825,,0.18042961350904752,0.16770769152161333,0.2741631418808702,,,,,,-0.29037669109871267,-0.29280281695564186,-0.09930579068727792,,0.04323036910817013,-0.046071747286806,-0.04582437206400436,,0.07116522908203526,-0.016466003048545914,0.04584338888649371,,0.5069441082842923,-0.014086123550881976,0.8107729437832987,,0.40737483745205716,-0.048381826405962225,-0.06653265100670776,,0.5069441082842923,-0.014086123550881976,0.8107729437832987,,10.142625127681306,3.0640076270817187,0.8858770099698449,,10.440994195434907,3.1678457494272756,0.8714886908521431,,-4.015734406066492,-1.7322682299877805,-2.0117037551732837,,2.38462962962963,0.38566991652530835,-139.1624866118918,,0.4706929082942459,-0.1428717710212611,-1.0766782255143603,,-6.108706626281949,-2.5293155700198686,-2.763405118146199,,0.11385658835546475,0.11948217383777486,0.17380313199647618,,0.01874930906142902,0.08193175775639172,0.7477920123216106,,-0.17339028693472003,0.06325521544164121,0.5939614159677122,,-0.1384167576277353,0.13281575863066664,1.0644121854100979,,0.20745779705532974,0.1836552960555046,0.194710241096481,,-0.2838046501279341,-0.18812073203262447,-0.2146989483605159,,,,,,0.0,0.0,0.0,,0.5065247252747254,-0.736964677197738,-4.3903810141186215,,-0.00965794768611683,-0.9724995512929787,-0.6934478097193818,
2003,3476000000,961000000,2515000000,0.7235,452000000.0,1171000000,158000000,1781000000,2742000000,0.0,0.0,196000000,839000000.0,0.2414,697000000,0.2005,-54000000,643000000,0.185,171000000,472000000,0.1358,0.57,0.56,828070175,842857143,671000000,0.0,671000000,542000000,281000000,386000000,1880000000,744000000,0.0,2461000000,2461000000,0.0,0.0,614000000,3819000000,0.0,5699000000,78000000,553000000,0.0,0.0,762000000,1393000000,1172000000,0.0,151000000.0,121000000.0,1444000000,0.0,0.0,2837000000,0.0,8000000.0,1789000000,-49000000,1114000000,2862000000,5699000000,0.0,5699000000,472000000,196000000,-31000000.0,0.0,202000000,0.0,-21000000,0.0,487000000.0,-52000000,787000000,-188000000,-13000000.0,-235000000.0,67000000.0,-502000000.0,-871000000,0.0,260000000.0,-570000000.0,0.0,797000000,487000000,8000000.0,411000000.0,671000000.0,260000000,599000000,28.17,30.3,30.3,128107500.0,0,0,30.3,0.26594090202177295,0.0,0.0,599000000.0,3238000000,1148000000,643000000.0,924000000,2862000000.0,401000000,401000000.0,0.17232451093210588,0.46560636182902587,0.13003452243958574,0.045454545454545456,0.0,0.05638665132336018,0.18498273878020713,0.3302646720368239,0.26582278481012656,2.5552367288378766,0.5123705408515535,4.197711866630144,0.8417161021407394,0.7233686444509367,-0.22703389842533575,3.456228815389952,0.0,1725000000,0.6027253668763103,0.3889855072463768,671000000.0,0.3889855072463768,1054000000,1054000000.0,487000000,1.349605168700646,0.48169418521177315,0.3569148936170213,0.11773995437796105,0.486722571628232,0.2444288471661695,99.0,0.6633165829145728,0.48169418521177315,0.08545358834883313,0.25337778557641694,0.3026846815230742,0.18494472714511317,0.6027253668763103,0.9912648497554158,0.36827393431167016,0.5021933672574136,1.9912648497554157,7.074812967581047,1.2562574493444576,0.3889855072463768,0.3256961579132887,0.5110921501706485,3.3814064362336116,0.0,3476000000.0,,1.9576271186440677,0.16491963661774983,511639191.2908243,4306000000,0.11882006300297823,4306000000,0.14932652113330236,0.2145843009753832,0.6099315669415687,3.419928825622776,inf,5.180327868852459,0.4413054921916126,0.7767140210006177,0.13910822108685555,0.2666047375754761,0.13910822108685555,0.11282681172135463,0.19857936998147005,0.08977701198294864,1.1770573566084788,0.3228511530398323,0.2638345444382337,0.0793121600280751,0.15793151642208245,0.03298824355150026,0.25268817204301075,0.31391472188103176,0.04930689594665731,0.0,1.0,0.5175292153589316,0.3694874851013111,0.19081877355258658,0.0954095257652412,0.09919640295675022,0.31432168042424324,0.10459770114942524,0.09660778357779354,0.09603613605787494,0.26418348908679884,0.2274280136652025,0.102735355264669,0.10623163650918274,0.34747855401666283,0.030626780626780814,0.003305561362048256,0.007008341669567386,0.013541617246184922,0.31778425655976683,0.31565551052372925,0.036084837753291056,,0.1686626746506985,0.10658213498457991,0.08405514377211398,0.4117582141635371,16.555555555555557,5.124371080537802,3.154820806534714,2.1413215556574356,0.31536189069423926,0.13416097818408942,0.020867174838864,0.4355347834440656,0.2329136690647482,0.11850129694701443,0.03140233113096247,0.34789390633072187,,,,,,,,,0.21739130434782616,0.06437492579677018,0.11882311369009486,0.6233227092351259,0.1816901408450704,0.3813281391451962,-0.9887133875200858,-0.4234850112251113,-0.0074013157894736725,0.24518153306309656,-0.8414376786512948,-0.533344723927957,0.14262295081967213,1.4635903663226066,0.012382699079101122,0.049824464538881584,-0.04066985645933008,1.231719392137092,0.025449828635834226,-0.15938036482370657,-0.11475409836065575,-0.21569666856552105,0.2684341797321082,17.929308313222915,0.17122040072859734,3.5773281963672976,1.525659527487219,0.7962608239555033,-0.016480595427963762,3.155645666033617,1.3728072977922143,0.555328870712074,-0.02840909090909094,0.1346243042671614,-3.662556028900388,-1.8038293551474927,0.2654155495978552,-2.9289213252573396,-2.236910028946216,0.511381787111697,0.06259780907668233,-2.80280685949212,-2.087563917911281,0.052625258565308954,0.23913043478260843,-2.8281573498964803,-2.1674826452320053,0.772322387383634,0.24444444444444446,-2.7787669657234875,-2.127521617342589,0.7768439641302748,0.021212548531156283,0.007266796644674334,0.012864410889013134,0.11224111436917032,0.01685178096288853,0.00933107736032135,0.016502799583494786,0.12915377793617908,1.4223826714801442,1.4315349645674555,0.8097477923962344,0.41565406281509765,,,,,1.4223826714801442,1.3343377673702583,0.7763549309112675,0.398957632072614,0.24597701149425277,0.1488611450307887,0.017052907408660455,0.3469820526887715,0.15637860082304522,-0.06190299925577406,-0.08607336444247612,0.30254407168408726,0.5256916996047432,0.2295700442614889,0.17472578071622,0.29262085567131696,0.5562913907284768,0.25447832567730816,0.10733158258720184,0.2712527778516861,0.16981132075471694,0.09607578527913956,0.023067002771761325,0.37091438120988246,-1.0,inf,,,1.0525437864887408,0.26132754593660024,0.14077356216883066,1.1558230758279648,0.03971271651880026,0.1405678506581741,0.06831774500177497,1.1195951672444369,,,,,,,,,1.5690376569037658,0.5908460931498329,0.4470415770421107,0.8708376493126458,0.17797655768044418,0.16206814311504023,0.08241629345538212,0.6402384882246661,,,,,0.28067415730337086,0.18668918046943697,0.0874178118721742,0.40294300901298274,0.18181818181818188,0.07000351776471185,-0.042916617822236235,0.3791369150546669,5.284090909090909,1.5178349428349425,0.7141559535355155,1.0205600409070252,,,,,,,,,-0.00910273081924573,0.1696927583888795,0.12301410467752513,0.8541603697369791,0.5092091007583965,0.21152370112557226,0.01244592202896715,0.5828540985844175,0.38370720188901997,0.31644425007694477,0.05861615260123487,3.228811978729562,,,,,0.51,inf,,,0.07079646017699126,0.07034605430623131,0.07544851498022498,-9.79650927967636,0.36226415094339615,0.3260192429911293,0.074582901934786,1.3012071451970224,,,,,,,,,0.4306606152294503,0.2519714815799246,0.03298291814998946,0.7029560005306769,,,,,1.0,0.3333333333333333,inf,,0.28335724533715934,0.18642590827013542,0.4032076022950276,0.3955924294513896,-0.6141732283464567,-0.37527334248781813,-0.14884237514563678,0.3960095980335893,-0.06856187290969895,-0.009915830536459022,0.14628514729536995,0.3767171105042215,0.16011349817592224,0.1419249284308577,0.3295574068309183,0.33567910355618613,0.28067415730337086,0.18668918046943697,0.0874178118721742,0.40294300901298274,,,,,0.28067415730337086,0.18668918046943697,0.0874178118721742,0.40294300901298274,0.2654155495978552,-2.9289213252573396,-2.236910028946216,0.511381787111697,0.21739130434782616,0.06437492579677018,0.11882311369009486,0.6233227092351259,-1.2183098591549295,6.177230046948357,3.330854039648083,,,,,,19.2,5.962544863802939,3.159574603346769,3.0739195229545593,,,,,-1.3333333333333333,0.46289308176100624,-0.6073293832620046,0.7437388325021203,,,,,0.7087719298245614,0.44491031397024705,inf,inf,-2.04,5.469174917491749,2.842512613774491,-0.8633366563579464,0.06929347826086962,0.07813082710874553,0.41265555627977407,0.8193224218629565,0.6785714285714286,0.3987655088133557,0.03642134646975022,1.3651863826037034,-0.9304812834224598,-inf,-inf,,-inf,,,,1.161290322580645,0.6815412186379928,0.6951316277345199,,1.5099999999999998,-13.532898550724639,-10.530850241545895,-5.526044886520273,0.8611111111111112,2.307582208376601,1.1168557090799172,1.7134575934394647,,,,,1.4299065420560746,1.1419338172480291,1.704220569999027,4.914288168459041,-inf,,,,,,,,-3.826241134751773,-2.475935211607629,-1.9255754827937779,-1.4912518038919562,-3.782857142857143,-2.2894225956058194,-1.5941164795607918,3.41948169392116,1.0,-1.5833333333333333,-1.7653846153846153,3.854811355311355,3.2371134020618557,-3.5310151093656246,,,1.4223826714801442,1.4315349645674555,,,0.4444444444444444,0.8738425925925926,0.5485420087575259,1.9607800604874632,-0.04006410256410253,0.06918463132595132,-0.21904572148589105,16.37806946760995,1.0376130198915012,0.4954520132695858,0.22629809854407554,0.28221195878469424,1.0732124529592886,0.5484726555909247,0.24816278248837306,0.29646650038769956,1.0732124529592886,0.5484726555909247,0.24816278248837306,0.29646650038769956,0.4529684301260639,0.18063210939341368,0.09204153247760835,0.3914024685148942,,,,,,,,,1.0732124529592886,0.5484726555909247,0.24816278248837306,0.29646650038769956,-0.17044570903435596,1.865130095702739,2.6077930724102116,1.2871155048650784,,,,,,,,,-0.04006410256410253,0.06918463132595132,-0.21904572148589105,16.37806946760995,0.5544887181949112,0.24425465035132646,0.11437027314135047,0.32022851131966384,0.2957110609480813,0.17230337643339952,0.17244850824246152,0.33553697410387295,0.17122040072859734,3.5773281963672976,1.525659527487219,0.7962608239555033,0.5272727272727273,0.23728932178932183,-0.4011549556311609,-0.1785238855953847,0.16011349817592224,0.1419249284308577,0.3295574068309183,0.33567910355618613,3.01,-0.4054741290455577,-27.0428814141464,-13.629122391513473,3.01,-0.4054741290455577,-27.0428814141464,-13.629122391513473,-0.19388582145702393,-0.030218775915409408,-0.25097153216579965,12.752486550775291,-0.04787681099034535,0.01975248516694872,-0.0064062624979291495,0.004314224667827426,0.10662032361851526,0.20867841687945785,-0.02416318787651157,,13.742424242424244,4.183958324811811,2.544900034108768,1.4372895433896908,,,,,0.02231450442787808,-0.02158399554587583,0.0215746418941561,0.17562684728238495,-0.016457897086658346,3.164165855391477,1.377696025368969,0.5578837088723541,0.08808417344863329,0.058007978843846154,0.05670965189583599,0.04317062683719466,0.2825400146458834,0.10469879108985314,-0.40383192569225246,-0.4086175924994623,0.15117755139668,1.9131950439261918,0.9264796739952242,0.10730925503789963,0.10458612167332704,0.03494428980931156,-0.05396441311798246,0.07104657225481291,0.16608317755728752,0.08808615192100988,0.08468649969156954,0.2718381746651305,0.11888847474812625,1.504396319432292,0.05920964137219187,0.03993691530109249,-0.060003817210623867,0.07192772443884947,-0.21615368756867034,15.344150806944507,0.6437042719321981,0.3820029869811323,0.025088654888504137,1.2713496554882013,0.1360157097996415,0.13559317722981357,0.3095207984710118,0.29127982108548617,,,,,0.8449197860962567,0.35504764770627045,0.050432487616766816,0.9087578273394155,0.5902924920682968,0.20363875266237186,-0.1106243946601794,0.7189219676015783,0.31300162193271586,0.8678665889193157,0.7199968813573986,0.10177780143960632,1.4223826714801442,1.3343377673702583,0.7763549309112675,0.398957632072614,0.31300162193271586,0.7922898315162928,0.7263382337422569,0.10494847763203548,0.6018237082066868,0.18803076161242302,-0.054777837733106294,-0.10975308095509625,0.6018237082066868,0.18803076161242302,-0.054777837733106294,-0.10975308095509625,0.7087719298245614,0.44491031397024705,inf,inf,0.03119666449560965,0.03779097054330738,0.12067679065505203,-0.09912897640040831,0.6050676279800238,1.0919221215024353,0.7520650162702388,0.12020278168037493,0.5565097165680928,0.8976336638332998,0.5686103661124963,0.14622814472389717,0.8914902418120094,0.9625186899962367,0.5796959721704288,0.08463700814921085,0.3009150424776257,0.06083016466526048,-0.1631264881313561,0.2567336302247541,0.17844893812508578,0.01511364972784975,-0.08713491891609311,0.0816576101010677,0.0,0.0,-0.2,-inf,0.011968935587026053,0.003848255247171991,-0.6586449748830011,-0.5758771453885003,0.6050676279800238,0.9973101739947742,0.737247726756002,0.11279413692325653,0.33427532685020145,0.21019299998614382,inf,inf,0.06370862812741063,0.11609370002964096,-0.03438334623379071,0.5162821148919667,0.4405848478905672,0.12634341570959803,-0.07167123155105762,0.31197132674596045,0.2507660118476498,-0.012417088739280971,-0.16030466758227815,-0.424851946963673,0.5902924920682968,0.20363875266237186,-0.1106243946601794,0.7189219676015783,0.23320745554544176,0.10695634183506005,-0.13465242870878344,0.41357953353890337,0.38074741025363257,0.0574788781386247,-0.20133062608200109,-0.09842343393115588,-0.09413843360539509,-0.03425776317101455,0.2710471994585661,0.030594511710713444,0.10392143468463155,0.04403713010114504,-0.115212292157957,0.13495484473650451,-0.6432267792445261,-3.4044555784649684,57.26294020895515,28.57927042443979,0.3555361535479711,0.6612525206958949,0.11108293499018371,-1.4943110921750342,0.31300162193271586,0.7922898315162928,0.7263382337422569,0.10494847763203548,0.06752972089595288,0.04626399966363026,-0.6803886299913944,-0.5326930008913042,-0.3062579307779819,-0.011769278269151232,-0.2967409833740288,15.4441188882988,0.21069015114768752,0.6574407586208725,0.13938023365040508,-0.41668931087746836,,,,,0.19081877355258658,0.0954095257652412,0.09919640295675022,0.31432168042424324,,,,,0.2069337442218797,-1.5687288954782481,-0.9584320795494653,2.1223895408551585,0.09076874942624347,-2.56336609535698,-1.8925277780572571,0.23156382132561365,0.2345181559296028,-1.7997739275091844,-1.7283622240692949,-0.42649351332608026,0.2208675928551176,0.18272729812672459,0.13833663289879,0.36900667236542023,0.011181034826685643,-1.7370893704333465,-1.654274359882821,-0.5814340335835492,0.2208675928551176,0.18272729812672459,0.13833663289879,0.36900667236542023,-0.04066550084306475,3.0491437530395324,1.2417841122551625,0.5455062443975847,0.25097327196723396,0.058055162247298786,-0.4845869281280567,-0.38933496388064703,-0.07016256495718365,-0.07655767333814896,0.026795658578252213,-0.03494735424655596,-0.04477850042950049,0.19422115643389745,0.2273347408491615,0.06263029227722393,,,,,-0.5084101337197221,-0.4992577704349738,-0.19783655225042412,0.25041475641629785,-0.0415766519020615,-0.07045618152031126,0.032836431058946514,-0.019786944137721495,-0.21039760578609723,-0.10007398847624054,0.025849654637016318,0.024581578365761126,-0.21372644908118654,-0.0816529414473904,-0.3103495127450319,14.2477790816646,0.06130350951320995,0.0004316231295949935,0.03561735327204485,0.02807724018993537,-0.21372644908118654,-0.0816529414473904,-0.3103495127450319,14.2477790816646,-0.08546573377044064,3.04305289956328,1.1763733409839467,0.475079236314713,-0.24655586945099794,3.0903993382760677,1.1915372979308958,0.47852075579756087,-0.03604039412410376,-1.7577670404913055,-1.7349458549610428,-0.6851206094723322,-0.6844350250379414,0.4933971072590741,-139.3567709855009,-67.74151484977934,0.3164856108252334,0.0519776205170804,-0.36903914170034197,-0.45382332737513736,-0.013980281643705794,-2.4264648838401106,-1.8626436627369671,-0.02779546577492048,0.02897700327969166,0.11151020913090208,-0.07384447616067429,,0.13590976971801005,0.16056791044085053,-0.10238798888354936,,0.31069360539443003,0.17008791514854826,-0.09210308870759991,0.5735673497285279,0.43490783410138256,0.273787388222368,-0.02526693859823932,0.7030314028836766,0.002095059089376905,0.0020756605627796354,0.340578500822471,0.11616403392587449,-0.09705478616203689,-0.21424725203819794,-0.1548990264360331,-0.07484459562688994,,,,,0.0,0.0,0.0,-0.02610966057441254,-4.018114302653956,-1.6341972419142277,-4.9763976346738,-0.3168856963520444,-3.4517393871208495,-1.6732103904188724,-1.703078773232725,-1.4349817359290147
2004,5624000000,1292000000,4332000000,0.7703,569000000.0,1742000000,382000000,2693000000,3985000000,0.0,0.0,275000000,1769000000.0,0.3145,1574000000,0.2799,-80000000,1494000000,0.2656,432000000,1062000000,0.1888,1.27,1.24,836220472,856451613,1296000000,344000000.0,1640000000,900000000,360000000,389000000,3289000000,870000000,0.0,3340000000,3340000000,0.0,0.0,671000000,4881000000,0.0,8170000000,108000000,1228000000,0.0,0.0,1269000000,2605000000,1139000000,0.0,259000000.0,142000000.0,1540000000,0.0,0.0,4145000000,0.0,8000000.0,2790000000,-86000000,1313000000,4025000000,8170000000,0.0,8170000000,1062000000,275000000,30000000.0,0.0,197000000,0.0,-57000000,0.0,684000000.0,240000000,1804000000,-274000000,-804000000.0,-683000000.0,495000000.0,-356000000.0,-1622000000,0.0,225000000.0,-360000000.0,0.0,574000000,439000000,4000000.0,625000000.0,1296000000.0,671000000,1530000000,40.46,40.26,40.26,99902250.0,0,0,40.26,0.2891566265060241,0.0,0.0,1530000000.0,4830000000,2315000000,1494000000.0,1614000000,4025000000.0,685000000,685000000.0,0.2720483641536273,0.402123730378578,0.10117354196301565,0.06792318634423898,0.0,0.04889758179231864,0.265647226173542,0.41162873399715505,0.28698435277382645,1.7109275730622617,0.4788406827880512,6.725499061926817,1.882278720389902,1.8296610179139456,-0.32766478360027523,4.813323919675575,0.0,2367000000,0.5880745341614907,0.5475285171102662,1640000000.0,0.6928601605407689,727000000,727000000.0,684000000,1.2625719769673704,0.49750479846449136,0.49863180297962906,0.200734394124847,0.6472049689440994,0.3188494492044064,99.0,0.6195777351247601,0.6295585412667947,0.08372093023255814,0.18849449204406366,0.289718482252142,0.08898408812729498,0.5880745341614907,1.0298136645962732,0.18062111801242237,0.49265605875153,2.0298136645962734,6.0510948905109485,0.4109666478236292,0.6928601605407689,0.3893848009650181,1.3432835820895523,2.3431317128321085,0.0,5624000000.0,,1.5197740112994351,0.2638509316770186,1118867469.879518,5565000000,0.2010543521796079,5565000000,0.2684636118598383,0.2900269541778976,0.6883720930232559,3.588888888888889,inf,4.339506172839506,0.5302325581395348,0.8968944099378882,0.2749326145552561,0.4159928122192273,0.2749326145552561,0.1828641370869033,0.3093167701863354,0.1369482827269912,1.5503649635036496,0.4009937888198758,0.38064516129032255,0.06964504283965728,0.1413664596273292,0.03353733170134639,0.31494252873563217,0.34149326805385555,0.044063647490820076,0.0,1.0,0.08823529411764706,0.07631430186546072,0.6179516685845801,0.30026728916730844,0.16830965930976938,0.35552674575985865,0.3444328824141518,0.13190391958466716,0.09174013551839537,0.2789663662468914,0.722465208747515,0.3726934078509894,0.20407452267349493,0.3986232549209273,0.06468555632342765,0.05503604363848765,0.026101481303047236,0.019591568227364898,0.2588495575221239,0.27463551378487266,0.2431936746714542,,0.4876174210076858,0.23298132914592692,0.16741100747257015,0.43662949356364467,1.4177215189873418,5.679817848377045,3.3615377386370033,2.2439632727735614,0.5120718697361033,0.27143807563421524,0.1878411169792848,0.4622170835398478,0.4533187454412837,0.21899584775692116,0.1496719434114016,0.3711484427453538,,,,,,,,,0.403061224489796,0.10480601535966716,0.12260798689287522,0.6244983969014969,1.108462455303933,0.9542054547549818,0.44184072589925566,-0.33324230367598745,0.30281690140845074,0.5499078089526955,0.2118197655573361,-0.5030630337871118,1.2582496413199427,2.166957530713205,1.1160110446092768,0.15862356660191038,0.39600997506234403,1.6478584709068869,0.8169008196322387,-0.1168242042739939,0.4814814814814814,0.15200436580217994,-0.05152661281847648,18.146687230601835,1.3234836702954897,4.323992266098938,2.3986381358652418,0.908937059837511,0.43567567567567567,3.6063983600825704,1.9806236981341623,0.5996542750002756,1.526315789473684,0.7646083553038441,0.34729428495765147,-1.6652378908133048,1.25,-2.130663952603184,-1.5062746280385007,0.6132369107866087,0.39027982326951394,-2.2912850136403766,-1.5890687640681889,0.08953742797466573,1.2280701754385968,-2.0347426537357887,-1.4512803748501688,0.9237008334989222,1.214285714285714,-1.98994708994709,-1.4199585921325053,0.9268439641302745,0.009842519687416562,0.0023672555195199583,0.007406749018801917,0.11198155019082061,0.0161290322006562,0.01023914617818126,0.0076929699446628644,0.12952286500915333,0.9314456035767511,0.9642390546485947,1.0139600994558235,0.5450669669882864,inf,,,,1.444113263785395,1.1212644108542789,1.0432714670253878,0.5796373022666673,0.6605166051660516,0.36072309744532666,0.18366719906291948,0.39327811239071264,0.2811387900355873,0.07983252962614484,0.007383830794078561,0.3274480741444361,0.007772020725388629,0.18454167021757084,0.21750155890709927,0.2871844655108461,0.7494680851063831,0.4659945690998659,0.2906374844655762,0.35482537917416374,0.1693548387096775,0.13783016126290626,0.07926478328028015,0.32261381357870433,,,,,0.3571718813490452,0.4847135849819333,0.22185778679816548,1.1098198338553424,0.3571718813490452,0.18122897448308026,0.1494019696311098,1.0735919252718147,,,,,,,,,0.09283387622149841,0.5964100078971006,0.38376961829997486,0.7831061115616613,0.27808326787117044,0.19548809619735366,0.14634184615760068,0.5969605530309525,,,,,0.43358483944551685,0.278012519131025,0.19061177516292682,0.4382439871066485,0.3846153846153846,0.2628852628852629,0.0645773614949475,0.35298306890082076,1.220614828209765,1.961886039417685,1.0414905980095852,1.0951215237280016,,,,,,,,,0.6653543307086613,0.35489216943810803,0.3059609013403492,0.9157268587084664,0.8700646087580761,0.4966612324942594,0.25618780593406754,0.635823000774779,-0.028156996587030747,0.0753512674747638,0.15355668465206454,3.2276356233331542,,,,,0.7152317880794703,0.8502710611427693,,,0.17355371900826455,0.08442625020460907,0.049092289428869965,1.3208460922244647,0.06648199445983383,0.1228208191533225,0.17864312753658126,1.1456931824808438,,,,,,,,,0.4610504053577722,0.3013207230441329,0.20486483149137066,0.6960610410664541,,,,,0.0,0.3333333333333333,0.2,,0.5595304639463388,0.39832435443623876,0.32057014838964687,0.3855758940969741,0.7551020408163265,-0.19290599554904267,-0.050929311615139895,0.4368531354485553,0.1786355475763015,-0.018437874901781465,0.012292948616697764,0.4364938181882204,0.4063591893780574,0.2635967684733282,0.19090475317078504,0.37727849098054345,0.43358483944551685,0.278012519131025,0.19061177516292682,0.4382439871066485,,,,,0.43358483944551685,0.278012519131025,0.19061177516292682,0.4382439871066485,1.25,-2.130663952603184,-1.5062746280385007,0.6132369107866087,0.403061224489796,0.10480601535966716,0.12260798689287522,0.6244983969014969,-1.967741935483871,4.521316068453733,3.098996537623964,,,,,,-0.024752475247524774,6.091095580146249,3.470565661408412,3.1981875704489635,,,,,1.7142857142857144,0.18987720874513334,0.46471063897257014,0.9860007372640249,,,,,0.4045174537987679,0.38321767332898854,inf,inf,-5.615384615384615,-2.8026199543031223,1.944738773482466,-1.3083871822395714,1.2922490470139771,0.6211944472004591,0.30862954363227935,0.8937237971525895,0.45744680851063824,0.3538793572642702,0.32074866699014104,1.1667002942239977,60.84615384615385,19.727099187577128,-inf,,1.9063829787234043,,,,6.388059701492537,2.6997833413577275,2.086536671481303,inf,-0.29083665338645415,-13.260278884462151,-8.889017572223185,-4.70218737538833,0.8622273249138921,0.4361128120083344,1.4726704656844145,1.802650622960557,,,,,-0.13461538461538458,0.9476367350199125,0.46647584978937695,5.00049849217962,-0.368421052631579,,,,,,,,-0.2797992471769134,-1.9399881441871993,-1.662127577648845,-1.2692317286096473,-0.09856262833675566,-1.7606258123659295,-1.358807259501431,3.5617194045297724,-0.5,-1.5,-1.05,3.844811355311355,0.5206812652068127,1.1758786457033128,-1.8811394792446792,,0.9314456035767511,0.9642390546485947,1.0139600994558235,,1.580769230769231,1.4528490028490026,0.8233165445665446,0.6019078310220133,1.5542570951585977,0.7350833010545337,0.357308102000397,16.540037233200575,0.43627973020944255,0.6757545122059326,0.3143345323908422,0.3472838973228799,0.32871287128712856,0.6589391885419092,0.3179896355140322,0.35494114533383114,0.32871287128712856,0.6589391885419092,0.3179896355140322,0.35494114533383114,-0.22016860839529306,0.15079085821022623,0.0949468808157182,0.36603024820082686,,,,,,,,,0.32871287128712856,0.6589391885419092,0.3179896355140322,0.35494114533383114,0.08729655463961095,-0.3130713282328171,1.108503550532623,1.3005513659262449,,,,,,,,,1.5542570951585977,0.7350833010545337,0.357308102000397,16.540037233200575,0.49166151945645464,0.37890871796057746,0.23513428153437282,0.36370108148477104,1.0165505226480835,0.6305280739141108,0.2962799828842334,0.42016616429971576,1.3234836702954897,4.323992266098938,2.3986381358652418,0.908937059837511,0.7467532467532467,0.6915404040404041,0.2560280636616849,-0.024729389935604074,0.4063591893780574,0.2635967684733282,0.19090475317078504,0.37727849098054345,0.7082294264339153,0.22580436663443418,-26.70163859214055,-13.554129307085262,0.7082294264339153,0.22580436663443418,-26.70163859214055,-13.554129307085262,0.5786980196961744,0.3111181830091697,0.11624807549958724,12.832855842549609,-0.1363439949597578,-0.09722400605347321,-0.00733610783542773,-0.011622900526947633,-0.22194860207203015,0.008943331642593347,0.09634681859301135,,0.49431009957325744,4.432444587207155,2.62619638990718,1.4713458807780129,,,,,-0.13281635556071636,-0.15834019365884985,-0.02255429333422625,0.14697053915730973,0.43606494273597507,3.615117387946826,1.9857881111993272,0.602251435090953,0.24636017367082852,0.260222960032707,0.08633233134587426,0.07076230922890805,0.07960780329201378,0.33699903528483416,0.05402291487568234,-0.3179723536217197,-0.33042306657810416,-0.3391539440510593,1.1019425807262686,0.06785894191358417,-0.06544064381175418,-0.01904794601365789,0.02650138194666596,0.061239565637669593,0.6021821591404131,0.2956988205004987,0.15975651270456073,0.31294778117270283,1.2362394108924568,2.201609619441383,1.1350941420095504,0.14797269849341993,1.5293618018275112,0.7339717882519136,0.3528759935711993,15.504777207150715,0.44324167392136715,0.34509384978326146,0.30683136023702284,1.0756720505936672,0.3926519847999439,0.26101048876001465,0.18316062639347802,0.33272518692546643,,,,,0.37217391304347824,0.33122392407647866,0.2179798031573405,0.9099598929732651,-0.024307642452065847,0.06675982181853661,0.03360613067212501,0.6791526641406398,0.4075807630629049,0.5674034767176925,0.6608242354605732,0.19567964601589408,1.444113263785395,1.1212644108542789,1.0432714670253878,0.5796373022666673,0.78119787918454,0.6740900105135758,0.6673633363958259,0.23621203382048678,-0.3102466793168881,-0.02089728739329248,-0.020230878895923808,-0.07728568539472151,-0.3102466793168881,-0.02089728739329248,-0.020230878895923808,-0.07728568539472151,0.4045174537987679,0.38321767332898854,inf,inf,-0.06448789153428347,-0.016644805420548543,0.05202364626576996,-0.07374836496216669,0.032822927363690635,0.3411302453047726,0.6790942320005728,0.17593746402341437,0.39706078927228416,0.4414801274464642,0.5816089814646104,0.21618625193603522,0.704896143245161,0.6445077807463572,0.678845990221464,0.19614723396883876,0.3297204746001525,0.17928096829928183,0.04077262466815625,0.25436414599224977,0.30446734459146585,0.1582725805443261,0.03179156539270169,0.08806154195248873,0.0,0.0,0.0,-inf,-0.06593962659221775,0.18905008850102958,0.0007700283249778783,-0.49658669473773964,0.3069672846268927,0.4200297141170957,0.6579574518078258,0.19594325499261625,-0.020276013561912,0.07983565805557895,inf,inf,-0.2560733309147377,-0.11772212009663896,-0.004641587939316816,0.34806122145797214,-0.04283731573625671,0.030419309404131328,0.003277306685767667,0.28181450139744013,-0.518861178142833,-0.23047850660108302,-0.1767643622307579,-0.4105237201292057,-0.024307642452065847,0.06675982181853661,0.03360613067212501,0.6791526641406398,0.038888511834520134,0.03296133169097363,0.015815842960182524,0.36297993721526167,-0.5095468313552629,-0.2004593956712768,-0.15248870605454443,-0.08624121793464727,-0.018991307189039297,-0.006590946302301763,0.009622939084253868,0.037043689854209194,0.019358959128712883,0.012631608057770305,0.0012518783941743105,0.12778200652916624,-0.1446989597832603,-0.7613096006049743,-2.27283641071345,28.505142565014985,-0.672864309749502,-0.35543718537010216,0.19700915894221283,-1.4918685559231744,0.78119787918454,0.6740900105135758,0.6673633363958259,0.23621203382048678,0.19554619084172753,0.34729292392072475,0.07037532003542024,-0.42678598247088584,1.628261032068373,0.7548740656342782,0.3606695994336583,15.611929415181653,-0.30705410395976773,-0.23428971337939355,0.301823659082798,-0.4742566712303045,,,,,0.6179516685845801,0.30026728916730844,0.16830965930976938,0.35552674575985865,,,,,-0.22366522366522357,-0.42580248855184105,-1.0225475464192129,2.183066706834693,0.5998757763975153,-1.9837327227021637,-1.4388926879254775,0.2672085181685288,1.1868290954348235,-0.9852024937152875,-0.8428544814205934,-0.32823241939773434,0.29238272178355773,0.2118088597846385,0.17534375358634186,0.3945022544852964,0.6920909406904494,-1.1020062816965226,-0.9111574859061026,-0.5283023378808421,0.29238272178355773,0.2118088597846385,0.17534375358634186,0.3945022544852964,0.7978294131702393,3.625327029637664,1.9700526966480172,0.6099344257020411,0.3515758275866092,0.40236853865038635,0.06371909034064083,-0.27430489950788267,0.12860545401022305,0.01122125398393825,-0.02480769604367892,-0.03368488856546631,0.04940455543993516,0.06168522283982739,0.10154982591505493,0.05163183277830915,,,,,-0.16231051726832324,-0.320365780695586,-0.30982582037099415,0.14496831512895259,0.2015090850247352,0.06772093407694794,0.004343438252451137,-0.011707676579470283,0.15472926416655342,0.005165629154163816,-0.021013270153036313,0.025476289217783367,0.9763937199915402,0.423203793064882,0.14408178005154154,14.35533216047765,0.5603354088989483,0.3430045852880718,0.09529868783885431,0.07130682158832455,0.9763937199915402,0.423203793064882,0.14408178005154154,14.35533216047765,0.6207507266846997,3.5593033735318547,1.9454615748318829,0.5264057494960867,0.5576480588854651,3.584028794956458,1.9629258875432587,0.5210600193858872,0.5254270520052706,-1.1754492493951083,-0.9414836064164349,-0.644020246630986,0.3171532846715328,0.6724492964210738,0.15794560184190326,-67.7383031825078,0.24203920303299187,0.34307257405082375,0.025981900158888394,-0.35070337345923985,0.44274193548387064,-1.893314990813928,-1.431837011243888,0.04228147124769752,-0.12188694879821504,0.006982214278980455,0.05310731519896024,,-0.10488759412961024,0.01659049488327628,0.05536348977151499,,0.01664496471262278,0.05131609439077759,0.1034208432863953,0.35666927479841914,0.24636830520909747,0.18095312722758158,0.215944683040496,0.6193415600779131,0.08785362472829661,0.09913549362433442,0.12818291439683746,0.07135564051646193,-0.10633904964347474,-0.16239949531114858,-0.153551206380677,-0.08099234364220918,,,,,0.0,0.0,0.0,0.0,-0.8295066413662239,-1.4470320729151513,-1.4117029951226787,-0.25685538797281077,-0.7934590346286402,-1.4182854564785357,-1.4325394151256852,-1.3810208775300272
2005,6283000000,1386000000,4897000000,0.7794,680000000.0,1814000000,1159000000,3653000000,5039000000,0.0,0.0,314000000,1205000000.0,0.1918,968000000,0.1541,-77000000,891000000,0.1418,263000000,628000000,0.1,0.76,0.75,826315789,837333333,848000000,159000000.0,1007000000,932000000,418000000,274000000,2631000000,1011000000,1938000000.0,3735000000,3735000000,594000000.0,0.0,225000000,5565000000,0.0,8196000000,1229000000,156000000,0.0,152000000.0,-58000000,1479000000,1864000000,0.0,262000000.0,309000000.0,2435000000,0.0,0.0,3914000000,0.0,8000000.0,3410000000,-77000000,941000000,4282000000,8196000000,0.0,8196000000,628000000,314000000,4000000.0,0.0,468000000,0.0,-77000000,0.0,1152000000.0,-511000000,903000000,-341000000,-211000000.0,-108000000.0,246000000.0,-137000000.0,-551000000,0.0,94000000.0,-734000000.0,0.0,-314000000,-954000000,-5000000.0,-607000000.0,689000000.0,1296000000,562000000,27.985,27.045,27.045,95045400.0,0,0,27.045,0.2951739618406285,152000000.0,0.0,562000000.0,4461000000,2769000000,891000000.0,1487000000,4282000000.0,547000000,547000000.0,0.08944771605920739,0.3704308760465591,0.10822855323889861,0.18446601941747573,0.0,0.04997612605443259,0.1418112366703804,0.4407130351742798,0.2366703803915327,3.7737603305785123,0.581410154384848,7.603630577607177,1.1714649688244068,0.6801273889249138,-0.41267515947223415,5.182038219531105,0.0,2020000000,0.4717421765530126,0.4198019801980198,1601000000.0,0.7925742574257426,1013000000,419000000.0,1152000000,1.7789046653144016,0.5733603786342123,0.3827442037248195,0.1228648121034651,0.3453993460999533,0.18045387994143486,99.0,1.0054090601757946,0.6808654496281271,0.14055636896046853,0.29709614446071253,0.24646168862859932,0.12359687652513421,0.4717421765530126,0.9140588510042037,0.23657169546940682,0.5224499755978526,1.9140588510042036,7.155393053016454,0.8406639004149378,0.4985148514851485,0.3799182422074604,0.30150214592274677,3.2481327800829876,0.0,6283000000.0,0.0,2.3678343949044587,0.1466604390471742,682271604.9382716,6717000000,0.10157385811199518,6717000000,0.13264850379633766,0.22137859163316956,0.7665934602244997,3.3157894736842106,inf,7.409198113207547,0.5974865788189361,1.0977359336471644,0.083668304302516,0.41223760607414023,0.083668304302516,0.10871156661786237,0.19973100201748487,0.08324446131506487,1.1480804387568555,0.347267631947688,0.1841642228739003,0.08296730112249878,0.15880429705744978,0.04160566129819424,0.33728981206726016,0.4160566129819424,0.05100048804294778,0.0,1.0,1.1387900355871887,0.5311203319502075,0.11717638691322896,0.3086489430167985,0.20427132655870653,0.3491438845827258,0.0727554179566563,0.17392866717341113,0.14140233022083776,0.27190284904330386,0.13042474607571553,0.3601059894961443,0.2322192041234475,0.3915195069452333,0.011813579125016238,0.03570863869174157,0.017283163906917733,0.019043730524612546,0.195079086115993,0.25723763339929456,0.2801790350418609,,0.04133180252583246,0.2325372993947389,0.1697391256974516,0.4438114543040327,2.0340314136125652,6.669102829385154,3.7649732348426626,2.4051789141348174,0.3564797623468252,0.39463784092572257,0.2542069133270394,0.4773708737280188,0.26449184441656204,0.3169080863075313,0.2146628961397778,0.3801390636510984,,,,,,,,,0.14181818181818184,0.254090236885268,0.14760083673965768,0.596492715083315,-0.318824194460147,0.3237761338962855,0.38672453565587495,-0.38419288533080287,-0.3901430842607313,-0.03157583288058474,0.1296436832674018,-0.5428972831774356,-0.38500635324015253,0.3386220796331541,1.0528028774095222,0.10041759057807928,-0.4494462307967131,-0.03136870406456638,0.7283443841353815,-0.1631338956070778,-0.03749999999999998,0.10974246104027523,-0.040621704843016346,18.365159452824056,-0.4036144578313253,0.36369653773092053,2.3303707603132113,0.8508587190772097,-0.4661144578313253,-0.01563979252787114,1.8872996431890403,0.5533899309179413,-0.3912037037037037,0.36890099828696316,0.307796999714293,-1.7279763516359363,-0.40866290018832396,0.3689175498031771,-1.5890853751920684,0.5580234184722238,-0.4703389830508474,-0.005820450234883719,-1.6976959476515385,0.04572054166521892,-0.40157480314960625,0.35520860235719964,-1.5315953354800902,0.7935433531839614,-0.3951612903225806,0.3545229561358593,-1.5034352946414657,0.7973278350980164,-0.011844583254833285,0.006403494987913187,0.003959665273321256,0.10465496534711867,-0.022322662144370287,0.0035527170063914815,0.004359920427449993,0.12114847227649768,-0.345679012345679,0.6693830875704054,0.9760742969866879,0.46230827628003424,-0.5377906976744187,,,,-0.38597560975609757,0.8268401085031473,1.0122301912280147,0.4928489518173734,0.03555555555555556,0.31401639073862,0.22853111916279464,0.3696227835925267,0.1611111111111112,0.19954283398991457,0.05130818067587526,0.3126979412364085,-0.2956298200514139,0.07927796675957262,0.08017046669168829,0.276817095937149,-0.20006080875646093,0.36856622235946634,0.26256845067636936,0.31274618399958204,0.16206896551724137,0.1670783749938786,0.1239302320128675,0.30141811272783103,inf,,,,0.11826347305389229,0.5093263802972261,0.25188359844254765,1.0127704415157612,0.11826347305389229,0.17171602364057925,0.17942778127549194,0.9765425329322334,inf,,,,,,,,-0.6646795827123696,0.33239731680429824,0.2401385145917255,0.6128502745025455,0.14013521819299335,0.19873168124820265,0.1808845830818569,0.5541113297522127,,,,,0.003182374541003563,0.23914712376329708,0.19936695107896626,0.404960739412234,10.37962962962963,3.6486877320210653,2.1948511135078297,1.3498245365366806,-0.8729641693811074,1.8772471893065223,0.9802310974666973,0.9918929034000605,,,,,inf,,,,-1.045705279747833,-0.12981789328613913,0.02574546522549337,0.766777632508831,-0.43224568138195774,0.31567600937817164,0.21447800615056703,0.5635266287836938,0.636523266022827,0.33069115710827207,0.3115398039333261,3.2429546166021033,,,,,0.01158301158301156,0.41227159988749396,inf,,1.176056338028169,0.4734688390711416,0.3121296439910255,1.5111789987545543,0.5811688311688312,0.3366383255240204,0.32514171092041055,1.2105110965255619,,,,,,,,,-0.05572979493365504,0.2786604085511892,0.2322470110327782,0.6704880615730886,,,,,0.0,0.3333333333333333,0.2,,0.22222222222222232,0.35503664383524014,0.26820608219579345,0.36232274403970033,-0.10465116279069764,0.012092549893057377,-0.09507382988756514,0.38727910827839646,-0.2833206397562833,-0.057748988363226915,-0.02688651675787177,0.3845431193263516,0.06385093167701861,0.2101078730769994,0.17919698126952982,0.3458443705284642,0.003182374541003563,0.23914712376329708,0.19936695107896626,0.404960739412234,,,,,0.003182374541003563,0.23914712376329708,0.19936695107896626,0.404960739412234,-0.40866290018832396,0.3689175498031771,-1.5890853751920684,0.5580234184722238,0.14181818181818184,0.254090236885268,0.14760083673965768,0.596492715083315,-0.8666666666666667,-1.350906153768489,3.1394563077389064,-inf,,,,,1.3756345177664975,6.850294014172991,3.8477033267855574,3.5248627700766164,,,,,0.3508771929824561,0.2439431913116125,0.6907684305102378,0.3068027422765563,,,,,0.6842105263157894,0.5991666366463729,0.48469178440505967,inf,-3.129166666666667,-3.5948504273504276,1.5325946940847928,-1.3095152310200593,-0.4994456762749445,0.28736561633330077,0.20543917041305387,0.8407397158472836,0.24452554744525545,0.46018126150910743,0.3796537764791922,1.1911528489685232,-0.7375621890547264,19.726036791225553,-inf,,-0.8418740849194729,-inf,,,-0.503030303030303,2.3487732403476262,1.5859306108752425,0.9199741708002869,-0.6151685393258427,0.2013316024292343,-8.300940168977242,-4.833235479320914,-0.6602959309494452,0.3543475016918527,1.4249356038188499,1.7478455196615308,,,,,-0.5822222222222222,0.23768964507282261,0.5417927689812961,1.042276269957398,1.0388888888888888,-inf,,,,,,,-1.5470383275261324,-1.8843595698182731,-1.8509286419051865,-1.1422688946955941,-3.173120728929385,-2.3515135000410945,-2.02799022881672,3.354407331636834,-2.25,-0.5833333333333334,-1.5,3.6864780219780213,-1.9712,0.5955315557562227,-2.4087128125780124,,-0.4683641975308642,0.6284880258420104,0.9515372599496509,,0.9314456035767511,0.9855530929301421,1.026748522424752,0.731320735195202,-0.6326797385620915,0.29383775134413453,0.22582625011487206,16.4701025926777,-0.3083292140385566,0.38852117868746233,0.32286131119592865,0.3131587948490654,-0.328241430700447,0.35789463118199,0.32917788147189114,0.3132312476798654,-0.328241430700447,0.35789463118199,0.32917788147189114,0.3132312476798654,-0.04861602216166305,0.06139459985636927,0.05462233952465698,0.35308319749493966,,,,,,,,,-0.328241430700447,0.35789463118199,0.32917788147189114,0.3132312476798654,0.020809951365506896,-0.020779734343079375,1.140699358622667,1.2976193206863593,inf,,,,,,,,-0.6326797385620915,0.29383775134413453,0.22582625011487206,16.4701025926777,-0.07639751552795027,0.3232509073744719,0.22960559099649674,0.3266130765855836,0.19611231101511883,0.5027912982037612,0.3459145925926802,0.39290815046568434,-0.4036144578313253,0.36369653773092053,2.3303707603132113,0.8508587190772097,-0.0786864931846345,0.3984464936137799,0.2759869437873156,-0.23284617821188397,0.06385093167701861,0.2101078730769994,0.17919698126952982,0.3458443705284642,-0.20145985401459854,1.1722565241397722,-0.14193056294347128,-13.606868852103778,-0.20145985401459854,1.1722565241397722,-0.14193056294347128,-13.606868852103778,-0.6712065652830181,-0.09546478901462256,-0.036632974666614394,12.775416629549934,-0.07881368826998048,-0.08767816474002788,-0.031180045545778422,-0.0001986244719390462,0.06973178104668865,-0.015198832468942084,0.0947636859226064,,1.7158033853504802,5.3175125757826605,2.9523976918718335,1.6225308779229963,,,,,0.022057210655014092,-0.029481546825941396,-0.035102226308665954,0.12878091883274653,-0.46616707159690807,-0.015520008649197115,1.8924790874626993,0.5559595401816032,0.07065663491151164,0.13503366067699116,0.09820814902277572,0.053468427164256135,-0.17531956671500615,0.06227608374096368,0.04367692196931341,-0.48973535867340745,1.205680935882131,0.34214514023356896,1.3229686002165206,0.18776804623524995,0.21420375353152066,0.08444974379769783,0.05071919582954023,0.08063311961350136,0.13056748764585824,0.29961094144785294,0.19940162050986018,0.31473815178705966,-0.3776346955769945,0.32583106335452955,1.0743587347224677,0.09743087727977442,-0.6282768325575694,0.28036038401977265,0.22337362851729808,15.441455337311691,0.25944312641075506,0.44879635742144014,0.3697387522551038,1.1074030633129293,0.07660284369151316,0.20175684609703284,0.17520687203617955,0.31054144221712854,,,,,-0.14659907055344312,0.35683154286209734,0.2581435571217693,0.8738915352136954,-0.1978190702890259,0.1227219264424017,0.07775790904920477,0.6712782136154655,-0.23327832783278335,0.1624346857209458,0.5555804403976137,0.15029211424617056,-0.02378048780487807,0.9475718158202203,1.0846692156182585,0.5290684640124953,0.14391662641873948,0.4127053758453318,0.6603968000304317,0.2285439974759155,0.39339752407152684,0.22832485098710853,0.12944862591838155,-0.12371668397571112,-0.4236588720770289,-0.04402728106241005,-0.033962653311329596,-0.2054223235905667,0.6842105263157894,0.5991666366463729,0.48469178440505967,inf,0.4089530717981198,0.12522061491981532,0.09156761837875169,-0.02743073521070243,0.15247205736274916,0.2634542042354879,0.6922122698467492,0.17637199568984713,-0.23241116704211506,0.2403864462660873,0.5715101227460136,0.17155002679640613,-0.38792346653334764,0.4028209728412742,0.6409057493401047,0.14643487073862874,-0.4663215477726249,0.05477132310171776,0.00917788416466181,0.21407900883114053,-0.4340467565752312,0.016289842047106817,-0.016847692560043214,0.04804730861721216,0.0,0.0,0.0,-inf,0.622732714843832,0.18958734127954677,0.11366757079862606,-0.5669344372898736,0.08149664407394575,0.3311771855602874,0.6760788901370323,0.18928024533016863,0.6788677403611518,0.3309556845498138,0.25783414535153426,inf,0.5761529222363775,0.1279294064830168,0.13367213828211252,0.43584273229179116,-0.14930629653753424,0.08281374520559208,0.03737732697100062,0.2760102930785509,0.3889772781435301,0.04029403728278232,-0.03342703324342915,-0.4106744099141292,-0.1978190702890259,0.1227219264424017,0.07775790904920477,0.6712782136154655,-0.11240364890424126,0.05323077282524021,0.04947077768709181,0.36466898408954346,0.30976763997849033,0.060322739625619994,-0.005468511392179698,-0.09005752531554737,0.060476099536510564,-0.017551213752641275,-0.012257699433114477,0.03993435251301715,-0.05702731024578711,0.022084361189185775,0.018888607837272177,0.12513960966300336,0.1824955950099567,-0.20181004800594324,-2.0351140200336415,28.532889991270167,1.0455769461265816,0.24274959664168358,0.4712940396929529,-1.443331368843311,-0.2804971625211302,0.2712341128653752,0.5755140422424577,0.18610261858192856,-0.024311577478362212,0.07958811141977273,0.06200532247085122,-0.5794239226835689,-0.775548402479733,0.18215156627021936,0.1634809589562373,15.562464462574127,0.3862356786409662,0.09662390860962866,0.41030077010876315,-0.43641571206186003,,,,,0.11717638691322896,0.3086489430167985,0.20427132655870653,0.3491438845827258,,,,,0.558017427130443,0.18042864922903304,-0.8743668965939049,2.0762925990413414,-0.44415417404437263,0.08216345059312873,-1.5068753367435594,0.23982411603964238,-0.3902123144113395,0.34371164565102896,-0.920541000300814,-0.3835323788117275,0.2070080862533692,0.24008613363068151,0.20951454048342014,0.38062959448981415,-0.4947940344944326,0.06949264700756748,-1.0027942410208044,-0.5641871295279335,0.2070080862533692,0.24008613363068151,0.20951454048342014,0.38062959448981415,-0.5058976414815134,0.08375542361522037,1.887872606161465,0.5718705879615282,-0.23669649167373696,0.12195086929336874,0.05780896453095372,-0.42108549471456075,0.11363239154234739,0.05735842686512893,0.0025129651076247093,-0.01071924449572641,-0.07609581228613327,-0.023823252425232866,0.11119444249109885,0.056647979773301285,,,,,0.7073827799994632,0.012220709670472618,-0.19054020971475627,0.2360116942165559,0.12683872321115142,0.09559038544460836,0.023395852734990563,0.011047388101738753,0.22392995372017643,0.056087204033544204,0.01568745049160165,0.055055191330647756,-0.6956770500369271,0.022330073624475515,0.007151569122488377,14.306501679712998,-0.009027093821775134,0.2042039415301277,0.11052063689319162,0.06126726194826356,-0.6956770500369271,0.022330073624475515,0.007151569122488377,14.306501679712998,-0.40550635925840994,0.04325954455194969,1.8688806132232263,0.49774464470359214,-0.35428330673062125,-0.014397039098718034,1.8949125533966094,0.49469427400536786,-0.39214673117870225,0.03241330890082154,-1.0280041601294696,-0.6702689282732383,-0.2594773064515574,-0.20891968227265534,0.3075734599994395,-67.75048979430662,-0.13398251636341751,0.14151409916493593,0.05279790964416311,-0.4819581423923266,-0.5161787365177195,-0.029139027559184887,-1.470566290510836,0.012061150663628529,0.1912879616358789,0.03279267203911851,0.08078632804607402,,0.1233520134555981,0.05145806301466597,0.1000336301297079,,0.2405775649863029,0.1893053783644519,0.1534972550289141,0.405877563951056,0.07095670254932984,0.25074428061993664,0.22773743448510625,0.6536584023555305,0.2183449921370859,0.10276455865158647,0.06248511971074429,0.08430259845936668,0.1574277425302315,-0.015322031091760039,-0.1183306126455674,-0.0631985134998522,,,,,0.0,0.0,0.0,0.0,11.906287069988139,2.352888708655986,1.2348377405758462,1.0600891084996873,5.959643460888274,0.5714816797129282,0.02931065100060337,-0.6614816522141467
2006,7821000000,2207000000,5614000000,0.7178,1008000000.0,2675000000,761000000,4444000000,6651000000,0.0,0.0,781000000,-2754000000.0,-0.3521,-2949000000,-0.3771,-586000000,-3535000000,-0.452,42000000,-3577000000,-0.4574,-2.81,-2.81,1272953737,1272953737,1668000000,596000000.0,2264000000,1424000000,749000000,464000000,4901000000,1726000000,14628000000.0,9008000000,23636000000,596000000.0,0.0,237000000,26195000000,0.0,31096000000,222000000,7000000,0.0,583000000.0,1818000000,2630000000,8895000000,0.0,2784000000.0,1489000000.0,13168000000,0.0,0.0,15798000000,0.0,15000000.0,-174000000,-1000000,15458000000,15298000000,31096000000,0.0,31096000000,-3577000000,781000000,-420000000.0,0.0,1119000000,0.0,-53000000,0.0,2271000000.0,3942000000,1845000000,-341000000,-9083000000.0,-98000000.0,192000000.0,18000000.0,-9312000000,0.0,1545000000.0,0.0,0.0,6894000000,8439000000,7000000.0,979000000.0,1668000000.0,689000000,1504000000,19.135,17.310000000000002,17.310000000000002,248333250.0,0,0,17.310000000000002,-0.011881188118811881,583000000.0,0.0,1504000000.0,7460000000,2158000000,-3535000000.0,-1091000000,15298000000.0,-8338000000,-8338000000.0,0.19230277458125558,0.4764873530459565,0.12888377445339472,0.09730213527681882,0.0,0.09985935302390998,-0.45198823679836336,0.27592379491113667,-0.13949622810382303,-1.506951508986097,0.5682137834036568,6.143978192351228,-2.3166592110016326,1.1815040533558683,-0.2678809057143292,12.017718755477443,0.0,8902000000,0.5819061315204602,0.1873736239047405,2860000000.0,0.3212761177263536,6638000000,6042000000.0,2271000000,1.8634980988593155,0.6342205323193917,0.4619465415221383,0.07280679187033702,0.17191789776441366,0.08457679444301518,-inf,-0.41482889733840306,0.8608365019011407,0.07303190120915873,0.4234628248006174,0.28627476202727037,0.21346797015693336,0.5819061315204602,1.0326840109818276,0.4339129297947444,0.4919603807563674,2.0326840109818276,-1.8946989685775966,-2.410312273057371,0.25432487081554705,-0.0690593746043803,0.16908375491849353,-5.7363834422657956,0.0,7821000000.0,0.0,0.3050041934582052,-0.2338214145639953,-2984037623.7623763,28466000000,-0.10482813264112893,28466000000,-0.12418323614136162,-0.03832642450642872,0.25151144841780293,2.946595460614152,inf,4.688848920863309,0.18053768973501416,0.7525469168900805,0.052834961006112555,0.07580973793297267,0.052834961006112555,-0.11368021610496527,-0.4738605898123324,-0.09596210521489504,0.4289997601343248,-0.07131651196234802,20.557471264367816,0.03241574479032673,0.06589096613936463,0.010966040648314896,0.19756662804171496,-0.005595574993568305,0.024086699253923333,0.0,1.0,-1.0272606382978724,0.5610021786492375,0.2447875218844502,0.3266385257940864,0.2525531552599209,0.22701982990995448,0.5923520923520924,0.33651346424096684,0.21216385381255004,0.25021055991143276,0.1464161731672453,0.3331020426634919,0.2789842285591858,0.22556612764262046,-0.07903515524762639,-0.0008453399330608328,0.01957731095857056,-0.002655505139776737,0.48235294117647065,0.3120938616048625,0.30026771372941635,,0.4746416758544654,0.3345302997959945,0.24298349316361573,0.19426304327312705,-0.3433994823123382,1.036117816762523,3.7460170952862724,2.0312785263431445,0.2165343553243908,0.3616953291357731,0.27746566891477237,0.2703150209613022,0.3199047430045645,0.34590511095413673,0.248276826138378,0.25436848432972986,,,,,,,,,1.4872611464968153,0.6773801842682644,0.38869947487879974,0.40565839017255695,-3.2854771784232364,-0.8319463058598168,-0.14833700172368758,-0.7033203133180541,-2.835766423357664,-0.9743642020699816,-0.3152372161520618,-0.7632013165346724,-4.046487603305785,-1.0577481050753315,0.41387572711873544,-0.42346193898326856,-3.447112264763141,-1.1668495068325033,0.2094033834321613,-0.4967608679397455,6.6103896103896105,2.3514570306236973,1.40578054155923,0.9443802320448352,-4.967452300785634,-1.3491943627738232,1.520182007935971,0.3881708978427117,-4.187588152327221,-1.4060089781609566,1.2330984940178331,0.20788085445219967,-0.8403041825095057,0.0982693010868249,0.21246343593966452,-1.8685108349275374,-6.695859872611465,-1.9515075909332633,-2.6993029261218684,-0.02160020994325116,-5.574,-1.8846863865937777,-2.5836388047943957,-0.4157357963629501,-4.697368421052632,-1.2902910162545471,-2.240634237081921,0.4185433531839614,-4.746666666666666,-1.3091807475678443,-2.2223338453661032,0.417398010536613,0.5405172622206786,0.17950506621775397,0.10715488910488105,0.1756631030707958,0.5202472979778054,0.17135122267803046,0.10572841487359579,0.19012961357588748,0.9669811320754718,0.5175825744355146,0.7028038567351154,0.5313704294431861,2.748427672955975,inf,,,1.2482621648460777,0.7687999396251252,0.8452159575305634,0.5900392082575859,0.5278969957081545,0.4079897188099206,0.329124368719938,0.24166382006173787,0.791866028708134,0.4113719766182775,0.23849494573953595,0.2268022771968014,0.6934306569343065,0.13519095253609373,0.19028516950712102,0.29457645122333986,0.8627898137590271,0.4707323633696497,0.4121425424604327,0.2954618598409889,0.7072205736894164,0.3462147926387784,0.2565560045990753,0.232064555730043,6.547987616099071,,,,1.411780455153949,0.6290719365189622,0.5968369366307282,0.8630136428385216,5.328246318607764,1.9345605576702338,1.1980393430221796,1.2184323206003753,0.0033670033670034627,,,,,,,,0.05333333333333323,-0.17283745771917933,0.23557675486245308,0.17543267846784907,3.707097933513028,1.375105473192397,0.8867394880596164,0.7045830278654203,,,,,2.7940458760370914,1.0769376966745372,0.726253161594234,0.535407476159065,-0.8193653376729049,3.3149598921907035,2.069784016122503,1.089742307405152,-0.9551282051282052,-0.20249251543318256,0.8115131487487485,0.826789439612386,,,,,2.835526315789474,,,,-32.3448275862069,-10.908392845082025,-6.4651712715280825,-3.068524798243007,0.7782285327924272,0.4053491533895152,0.36719330977864956,0.3736425621172105,3.771995708154506,1.4601206591967675,0.9269145553203251,3.5740867716872176,,,,,9.625954198473282,3.4509229993785886,2.4376700786969208,,3.818770226537217,1.7227934278578836,1.0496210630358427,0.7263893547416094,4.407802874743327,1.6851512334573309,1.0714868326744251,1.4695234281987894,,,,,,,,,3.036280020439448,1.1472002102878551,0.7769024789276383,0.7233535363839179,,,,,0.875,0.2916666666666667,0.375,,-1.0510263929618768,-0.08975790226443858,0.07323377851381237,0.17769254568839452,-0.987012987012987,-0.11218736966245275,-0.33407642729016257,-0.006439984017208333,15.427205100956428,5.107506669592149,3.0177141672989602,1.6696825601844831,2.5726296123306867,1.0142799111285876,0.685454169885538,0.48163674352623875,2.7940458760370914,1.0769376966745372,0.726253161594234,0.535407476159065,,,,,2.7940458760370914,1.0769376966745372,0.726253161594234,0.535407476159065,-6.695859872611465,-1.9515075909332633,-2.6993029261218684,-0.02160020994325116,1.4872611464968153,0.6773801842682644,0.38869947487879974,0.40565839017255695,-106.0,-36.278136200716844,-18.660543692261093,-8.750644147915647,,,,,1.391025641025641,0.9139692278482046,4.207989379846177,3.5199138872338422,,,,,-0.3116883116883117,0.584491531859953,0.12176410150590891,-0.019102930997538015,,,,,0.9713541666666667,0.6866940489270746,0.5610435425938844,inf,-8.714285714285715,-5.8196123321123325,-4.05026244877235,-2.2285445702029496,1.043189368770764,0.6119975798365989,0.48146540681943933,1.008185496382177,0.0,0.23399078531863124,0.2612327238476132,1.0984154188009256,42.04739336492891,34.051995007342676,20.098225747721113,,-0.09259259259259256,0.3239721004037796,,,-0.2195121951219512,1.8885057344467608,1.4753615051841855,0.7734859142510544,-1.1313868613138687,-0.6791306846753885,-8.305478410805232,-5.569876469599767,15.900181488203266,5.367370960722571,3.309644798655765,3.0608521742289843,,,,,15.436170212765958,4.906444201976117,3.539371639120694,2.4858932912339933,-1.0,-0.10984405458089674,,,,,,,-22.955414012738853,-8.2607505291473,-6.064483354565317,-3.5763424060612223,-9.845911949685535,-4.372531768983892,-3.6601820231425415,2.352169077844751,-2.4,-1.7166666666666668,-1.83,-1.4535219780219781,-2.612850082372323,-1.3544562723885036,-0.21128282905247708,,1.4208998548621192,0.6279937536360021,0.769050564255408,,-0.4683641975308642,0.6812835456050393,0.9643256829185791,0.3667211575473789,1.676156583629893,0.8659113134087998,0.6497453496462805,16.87521825104069,-0.31624084330891544,-0.06276344237934317,0.2805386958540651,0.18020668926983385,-0.35995562950637816,-0.11982806297323219,0.2577241010837805,0.15573309405565242,-0.35995562950637816,-0.11982806297323219,0.2577241010837805,0.15573309405565242,1.6127855740519794,0.4480003144983411,0.40330842530419897,0.3311736416992733,,,,,,,,,-0.35995562950637816,-0.11982806297323219,0.2577241010837805,0.15573309405565242,-1.0402514776192449,-0.31071499053804236,-0.39173110219043783,1.056260361351025,2.835526315789474,,,,,,,,1.676156583629893,0.8659113134087998,0.6497453496462805,16.87521825104069,0.6722707913023986,0.36251159841030106,0.34651988593123617,0.25752237513574777,-0.22065727699530513,0.3306685188892991,0.3734078511524292,0.29215903718621655,-4.967452300785634,-1.3491943627738232,1.520182007935971,0.3881708978427117,-1.7336919973100202,-0.3552084145804693,0.0524485443253115,-0.5739013283561091,2.5726296123306867,1.0142799111285876,0.685454169885538,0.48163674352623875,-16.24314442413163,-5.245458283904104,-3.1534382356485846,-15.33302116783496,-16.24314442413163,-5.245458283904104,-3.1534382356485846,-15.33302116783496,1.14989027169756,0.3524605753702388,0.2824076510884102,13.046163335129808,0.2863057154719124,0.02371601074739138,-0.016835998191697545,-0.013057596002720084,0.19084816895688084,0.012877115977179776,0.057481988986269904,,-0.47252000349935064,0.5791978271414623,2.908123428694519,1.4970325529852733,,,,,0.9981411307300205,0.29579399527477274,0.10903555208169702,0.1503487073179606,-4.187252628287449,-1.4057849190494605,1.2383864927912243,0.21049387159865862,-0.37391505835078664,-0.01896608325614883,0.09548209133176919,0.04361895223537995,-1.5894114332053262,-0.5617077322094396,-0.150746778813166,-0.657225935725192,-1.3993235862848459,-0.17468857232693968,-0.24222089651117856,-0.0021018824946039015,-0.022697180091657332,0.042021976542703045,0.02687254707977793,0.04506837042322367,-0.1919678198931245,0.18026060896438226,0.165139225850846,0.09858550442591893,-2.977574466717904,-0.7063232504674807,0.6499239392058501,-0.3643213860839965,0.7371805232303423,0.5460884975000947,0.46216381108570276,15.78074908606873,-0.35086738427164055,0.11727247202016056,0.1887714582977798,0.9402244395846708,1.3191104052808131,0.5961217445907567,0.43574894305047407,0.27576050538733615,,,,,3.406930693069307,1.2108351785197806,0.8508006789490599,1.1498514258663337,0.23352576988644103,0.0037996857151164263,0.04719723301060499,0.7202492756738846,-0.5536618864533305,-0.1264531504077363,0.18305404317339274,0.11744550478515543,0.7863835103060588,0.7355720954288586,0.8252792510128035,0.580070854998706,-0.594642249964251,0.11015741854634283,0.3143088815990432,0.19159935166380831,5.552813425468904,1.8786547567411809,1.1767038174721107,0.43794763729458347,13.420047732696897,4.228714060434327,2.5867393996879984,1.1429654284025272,0.9713541666666667,0.6866940489270746,0.5610435425938844,inf,0.04755366332684452,0.1306729478635603,0.08131446377266374,0.021964425889906956,0.10614642370327876,0.09714713614323951,0.25640184339606914,0.25227530870492804,0.20693282099776145,0.12386081440931018,0.25979240725900776,0.22954244062856324,-0.4074235688487763,-0.03015029737898763,0.2276352613713895,0.1544244138098722,-0.5022633953838951,-0.2129548228521225,-0.0861484076517349,0.09782298432389736,-0.5313107456017901,-0.22029671919518515,-0.0981079521088086,-0.052782229229073316,-inf,-inf,-inf,-inf,-1.412597134608943,-0.2852680154524429,-0.044542830852404444,-0.6809928760107478,0.2643268980256077,0.21759694224214873,0.3211825368901681,0.2810016057774824,-0.4804084528556728,0.05939442464785568,0.08759325233444318,inf,0.4253393478709899,0.24847297973087656,0.1296651819634901,0.46519768725106025,0.16153858889876638,-0.010201674458341525,0.02069804411472522,0.3259950482075685,0.7271307832243099,0.1990822944083357,0.0849345083129182,-0.27556489418447405,0.23352576988644103,0.0037996857151164263,0.04719723301060499,0.7202492756738846,0.12977847087996564,0.018754444603414838,0.023251763409729054,0.31926800081995804,0.8341709431205286,0.2114639172479187,0.10851207921703772,0.051088935219556576,-0.058358878869876785,-0.005624695507468506,-0.003531123648054302,0.045139394858587575,0.06197571193560103,0.0081024536061756,0.008568645172624966,0.11892593345770745,-1.2647931363852696,-0.40899883371952434,-0.6732452686380471,28.332626381618745,-3.8671532961837434,-1.164813553268888,-0.7775775812334936,-1.8333998899510469,-0.4898349165368371,0.003621933375524226,0.250387590496552,0.15963870611256276,-1.181774305448248,-0.3368465640282942,-0.03284142223288718,-0.6739167887809835,-0.4391955174945339,0.13783903736470204,0.20997565538571356,15.71267952620929,-2.7660557097420244,-0.895624711686942,-0.6165378342478478,-1.0002631131014224,,,,,0.2447875218844502,0.3266385257940864,0.2525531552599209,0.22701982990995448,,,,,-0.8711885450627083,-0.17894544719916294,-0.3181157167175577,-0.577647536456665,-2.5943046133169236,-0.8128610036545938,-1.7979313910935573,0.07586138645765565,-5.373679927706147,-1.5256877155608877,-1.7438999446526697,-0.8542712135973647,3.2379038261128477,1.2457648780499249,0.8160676983440265,0.5799016861209256,-2.032038504686369,-0.6115805328301175,-1.166570276854074,-0.6822542866204256,3.2379038261128477,1.2457648780499249,0.8160676983440265,0.5799016861209256,-1.9361827128636655,-0.5480836470583131,1.6867801469135628,0.44888161780334557,-1.1731261556218437,-0.35274893990299055,-0.04054340626888435,-0.5576248998824357,-0.6719102608256704,-0.14322413842436665,-0.10492282146630165,-0.0769643096505476,-0.11134422616398598,-0.046011827670061366,-0.00047687398612741296,0.07726021811773512,,,,,-0.3671583821594643,0.05930462685722523,-0.12417458884935181,0.10608791775543044,-0.6978380835066007,-0.12316342509023803,-0.0735673116129211,-0.07144425237936773,-0.31445542245320635,0.021401265144507835,-0.015005716254107692,0.0048733458200472144,-0.3685188023522099,-0.029267377465865607,0.04108310536110178,14.430892025845935,-0.8161018383186069,-0.0882645077471446,0.040776964744766664,7.185376792581132e-05,-0.3685188023522099,-0.029267377465865607,0.04108310536110178,14.430892025845935,-2.0457048834975256,-0.6101535053570787,1.6453397755679258,0.3666867043899952,-3.3724939294644387,-1.0563763924365317,1.4050618297348627,0.22954067893157265,-2.1527746555016583,-0.6731647782250301,-1.214253826973137,-0.7989506073881357,-0.6263330114753571,-0.18955234441846058,0.2263075142672614,-67.71809621620166,-1.2053646968545892,-0.36576933672833833,-0.06202589821310713,-0.6233621062882715,110.62575957244307,36.85077425713641,20.885927172696714,11.169045965686006,-0.6092949348507091,-0.17996464067101506,-0.07941206607557776,,-0.5850807102812363,-0.1888720969850828,-0.08239144243516187,,-0.7364291227167481,-0.15973553100594082,-0.06838065491162248,0.3548169564734568,-0.41425260718424106,-0.03230919980860458,0.0399126954095667,0.6319511726932803,-1.0134490711575619,-0.23575015143072645,-0.09953951962949455,0.010846063436633724,-0.5277162988393406,-0.15887586865086126,-0.17149740844851097,-0.12244690882743234,,,,,0.0,0.0,0.0,0.0,-1.902063248005319,3.0582390602055316,1.132625520647473,1.1153373291537008,0.05626191448801743,1.740815446915884,0.3522098011881371,-0.7766554607653449
2007,8357000000,2342000000,6015000000,0.7198,1091000000.0,2909000000,1768000000,5768000000,8110000000,0.0,0.0,939000000,370000000.0,0.0443,-14000000,-0.0017,-555000000,-569000000,-0.0681,-74000000,-495000000,-0.0592,-0.33,-0.33,1486900000,1486900000,1452000000,317000000.0,1769000000,1502000000,725000000,1925000000,5921000000,1735000000,15103000000.0,7964000000,23067000000,317000000.0,0.0,157000000,25276000000,0.0,31197000000,139000000,256000000,0.0,679000000.0,2176000000,3250000000,7933000000,0.0,2284000000.0,2633000000.0,12850000000,0.0,0.0,16100000000,0.0,15000000.0,-693000000,-13000000,15788000000,15097000000,31197000000,0.0,31197000000,-495000000,939000000,-386000000.0,0.0,400000000,0.0,-30000000,0.0,2671000000.0,476000000,934000000,-363000000,-261000000.0,-2000000.0,243000000.0,-91000000.0,-474000000,0.0,132000000.0,-60000000.0,0.0,-752000000,-680000000,4000000.0,-216000000.0,1452000000.0,1668000000,571000000,14.975,14.245,14.245,239159000.0,0,0,14.245,0.13005272407732865,679000000.0,0.0,571000000.0,8130000000,2167000000,-569000000.0,1399000000,15097000000.0,-7970000000,-7970000000.0,0.06832595428981691,0.48362427265170405,0.1305492401579514,0.2115591719516573,0.0,0.11236089505803518,-0.06808663395955486,0.2593035778389374,0.167404571018308,-412.0,0.6901998324757688,5.62041831999462,-0.009415562579864147,0.384020445221602,-0.24413208689219182,10.15333916201493,0.0,8189000000,0.5424256474796317,0.17731102698742215,2086000000.0,0.25473195750396876,6420000000,6103000000.0,2671000000,1.821846153846154,0.44676923076923075,0.29876710015200136,0.05670417027278264,0.21527455785917732,0.10417668365547969,-inf,0.43046153846153845,0.5443076923076923,0.08561720678270346,0.41189857999166585,0.26249318844760716,0.2057890181748245,0.5424256474796317,1.0664370404716168,0.42525004967874414,0.48392473635285443,2.066437040471617,-2.0200752823086576,17.35135135135135,0.21602149224569545,0.0868944099378882,0.0719778141938737,43.513513513513516,0.0,8357000000.0,0.0,-2.8262626262626265,-0.03278797112009008,-12179261.862917399,27947000000,-0.00043579854234506024,27947000000,-0.020359967080545317,0.05005904032633199,0.2678783216334904,3.230344827586207,inf,5.755509641873278,0.19280700067314166,0.7398523985239852,0.020431531112462875,0.07753962858267435,0.020431531112462875,-0.01823893323075937,-0.06998769987699877,-0.00039039849546165974,0.062107904642409034,0.09266741736768895,0.7142857142857143,0.03497131134403949,0.07226601311518845,0.01163573420521204,0.20922190201729107,-0.02221367439176844,0.023239414046222394,0.0,1.0,-0.12609457092819615,-0.1945945945945946,0.06853343562204328,0.14349911480657415,0.24785355731137781,0.20180451945228528,0.06116900770276401,0.24209217267050423,0.23506142031501795,0.23372818270336984,0.0714285714285714,0.11608983022384407,0.2596325426168499,0.19748006912282698,0.0027862914460852206,-0.02147842822550831,0.006175410454736708,-0.004764179276043124,0.08234126984126977,0.2532577657112445,0.26728142224312484,inf,0.08747663551401863,0.20115003796477215,0.25194604191054015,0.1605948652403705,1.3232588699080159,1.0046302670694143,4.197433575150228,2.1101044133339455,0.2979297929792979,0.2903146368835046,0.3396755342161713,0.25687864246106684,0.21936550894602314,0.2679206987890499,0.2979989021746363,0.24002766296155845,,,,,,,,,0.2023047375160052,0.6104613552770007,0.4903673189337249,0.37238886392415754,-1.1343500363108205,-1.5795504697314013,-0.6896997626090401,-1.0034753169491362,-1.1258165293950582,-1.450575345671151,-0.8112620902788951,-0.9928777436105822,-0.9952526280094948,-1.8089155281851441,-0.8051747984831634,-0.5429170263456214,-0.9954919119596924,-1.6306834691731822,-0.9073420577833066,-0.5871061756405691,-0.05290102389078499,2.173329528832942,1.3773431939239302,1.016690129655757,-0.839038189533239,-2.070034982716733,-0.9430801754252223,0.05485531418350538,-0.8493362831858408,-1.8343462977814624,-1.0167687626193351,-0.04150589886638455,-2.761904761904762,-1.3311375493726572,-0.49910118991067565,-2.2134026098193127,-0.8616158792284037,-2.6553795506760642,-1.2901446204860674,-2.0965117978660914,-0.8705728027984259,-2.3049705952830912,-1.2924068307006153,-1.9902930766427929,-0.8825622775800712,-1.9938351672607697,-0.9028609783122208,-1.8697128745740457,-0.8825622775800712,-2.008130078189773,-0.9131320151678318,-1.8708582172213941,0.1680707293449739,0.2322478027702731,0.14555969530587842,0.08429439675133302,0.1680707293449739,0.2219984550594697,0.13979523566839075,0.07101660073359974,-0.1294964028776978,0.1639352389506983,0.569126798381798,0.5675512239380252,-0.4681208053691275,0.5808387233041429,,,-0.21863957597173145,0.2145489930394162,0.7020285828767576,0.6173056854430214,0.0547752808988764,0.2060759440541955,0.30494428976457816,0.20480801481829217,-0.03204272363150873,0.3069781387292455,0.2716903614092738,0.16759800483365056,3.148706896551724,1.1821692444782055,0.8159942907529498,0.4627307229680645,0.2081207916751684,0.29028326555924483,0.4353218545025189,0.27681397625245363,0.005214368482039378,0.291501302562899,0.24273401343061832,0.19589307919242022,0.032471971561389035,inf,,,-0.11589698046181174,0.4713823159153432,0.5647725231167631,0.7279456839227753,-0.02407344728380434,1.8074787814592839,1.1638641884491396,1.0925467150024297,-0.4681208053691275,inf,,,,,,,-0.33755274261603374,-0.3162996639983567,0.14259450822603884,0.16797877406925937,-0.03508303111280775,1.2707167068644045,0.8536419892289656,0.6592159886946598,,,,,0.0032480061744275535,0.9334920855841741,0.702947050700282,0.4950718116602286,-0.37387387387387383,3.0621301393609506,1.9505647969032835,0.9987834914463358,35.57142857142857,11.24777873230642,8.049608386843985,4.069104710548346,,,,,0.16466552315608918,inf,,,0.1969196919691969,-11.064537724661845,-6.507472314819223,-3.041639846589946,0.23574144486692017,0.19390809875912987,0.39219960115877245,0.32607279516478804,-0.10815064643057892,1.433456109248918,0.9311837066097486,3.3001947839672363,,,,,-0.1795977011494253,3.152646502968956,2.136634259397268,,0.768300873069174,1.9210424792115202,1.2014955233639633,0.8379562841537899,-0.02414945321992712,1.6549407508974106,1.0787136796190924,1.3082849534650323,,,,,,,,,0.019116343840992478,0.9998888564489284,0.7782755179868015,0.640234114867396,,,,,0.0,0.2916666666666667,0.375,,2.9827586206896552,0.7179848166500001,0.5993684318466996,0.4476570042485881,12.0,3.636111950065439,2.209852932533237,1.1510374934602694,0.02134816923275973,5.055077543477634,3.0550612610199015,1.6518663967156022,-0.01313897241469475,0.8744471905310035,0.637962851829398,0.45863625929937746,0.0032480061744275535,0.9334920855841741,0.702947050700282,0.4950718116602286,,,,,0.0032480061744275535,0.9334920855841741,0.702947050700282,0.4950718116602286,-0.8616158792284037,-2.6553795506760642,-1.2901446204860674,-2.0965117978660914,0.2023047375160052,0.6104613552770007,0.4903673189337249,0.37238886392415754,-0.080952380952381,-35.649206349206345,-22.02673416845157,-8.715103022374523,,,,,-0.642537980339589,0.7080407261508498,4.259873940641005,3.530495398817802,,,,,-0.4339622641509434,-0.131591127618933,-0.0027642003808835635,-0.15783249074596567,,,,,0.17613386173491863,0.6105661849057916,0.5889975876681408,inf,-0.8792491121258245,-4.240900497692736,-4.075617221692564,-2.3476788442243746,-0.49376693766937674,0.01665891827548094,0.28230385602025787,0.5216088026152395,0.06451612903225801,0.10301389215917116,0.2890119827119161,1.0087800751824123,-0.9712650005504789,13.4461887251079,20.050847747611016,,-0.9795918367346939,-0.6380195047489198,-inf,,0.265625,-0.15230583271741807,1.4184865051841855,0.8579865585809513,-6.055555555555555,-2.600703652065089,-1.3165895219163442,-6.254731388212647,-0.9490979381443299,4.763595873036497,3.202825211026899,2.8231375023657703,,,,,-0.9145631067961165,4.6464616279158735,3.0469352082376617,2.2706869805543817,-inf,-inf,-inf,,,,,,-1.1090803597331012,-8.53717756666603,-5.943514616385355,-2.872250442034532,-1.0805782675672473,-4.6998703153940555,-3.596206143475213,-1.1175554155786405,-0.4285714285714286,-1.6928571428571428,-0.9157142857142857,-1.448379120879121,-1.2206332992849847,-1.9348944605524359,-0.40937774287772777,,-0.1294964028776978,0.2743464181511857,0.6353735059020905,,1.4208998548621192,0.6279937536360021,0.7818389872243363,0.562630040671386,-0.6203457446808511,0.14104370012898348,0.3874648185962891,16.910910949299875,-0.21740266527305996,-0.280657574206844,0.12638400549608236,0.100748744642264,-0.17706528018486445,-0.2884207801305632,0.1073325967709455,0.09802656603716599,-0.17706528018486445,-0.2884207801305632,0.1073325967709455,0.09802656603716599,-0.036943300987684946,0.5090754169675438,0.35200521452668043,0.29770350721665195,,,,,,,,,-0.17706528018486445,-0.2884207801305632,0.1073325967709455,0.09802656603716599,-11.946104276508494,-4.321848600920744,-2.6097389914313953,-0.08663158276315888,0.16466552315608918,inf,,,,,,,-0.6203457446808511,0.14104370012898348,0.3874648185962891,16.910910949299875,0.08981233243967823,0.22856186940470888,0.3463671691730985,0.23804042801685546,0.0041705282669137755,-0.006791479237757507,0.25837742917657847,0.27264626545150444,-0.839038189533239,-2.070034982716733,-0.9430801754252223,0.05485531418350538,-2.2823098075160404,-1.3648960993368986,-0.5641324647969443,-0.7924070852731964,-0.01313897241469475,0.8744471905310035,0.637962851829398,0.45863625929937746,-0.044135284240825134,-5.496246520795683,-2.554102027190627,-15.33628022471433,-0.044135284240825134,-5.496246520795683,-2.554102027190627,-15.33628022471433,-0.6446959517947752,-0.05533741512674443,0.04375999057178344,13.079972871899093,0.014978193146417462,0.07415674011611646,0.00764988287964925,-0.016874413640013,0.012922229439819466,0.09116739314779632,0.03163478019797481,inf,1.1742500444598054,0.8058444754369782,3.3308535536616874,1.5982301292506793,,,,,0.12519149839807064,0.3817966132610351,0.20697759773005342,0.1466404289771931,-0.8493619337488887,-1.8342605445444153,-1.016634917596786,-0.03901060052411801,-0.06023480895350797,-0.12116441079759432,-0.0058097770546642336,0.046786773809609404,-2.200065215338393,-1.3215987384195749,-0.7205296794641655,-0.8455868876387781,272.3996399639964,90.73533243786456,54.40535035968246,27.218434475015407,0.21468336854027625,0.1353966473267132,0.08906708396834248,0.05808602391024116,-0.08521512543914933,-0.0488718192288052,0.12432997580225699,0.12662306014000782,-0.9959357153028161,-1.450381625865905,-0.5992033983914264,-0.4215248414303475,-0.674973230831621,-0.188689846719616,0.18065768889160788,15.812160028259811,-0.08865439199113112,-0.06002621661733887,0.18137345920030973,0.9371660269164748,-0.15513589820137574,0.41352578359031683,0.3538490090741072,0.3017931475921343,,,,,-0.08009436081779375,1.06007908723269,0.8794661921675611,0.8364898771084981,-0.06784682597804925,-0.010713375460211375,0.10676894464711936,0.4803530129766903,-0.053703379950820085,-0.2802145314123113,-0.024012241848262627,0.19952569100676976,-0.27062937062937065,0.16399121729060337,0.6716939174274699,0.6021383527183776,-0.20712451548939514,-0.21928337967830222,0.08726987241646984,0.25833742433156515,-0.03284121723410671,1.971123244102108,1.2409893522392246,1.0557998792075365,0.010095994703740452,4.335494951774536,2.6596123768426816,1.7651113915092647,0.17613386173491863,0.6105661849057916,0.5889975876681408,inf,-0.022351482429017522,0.1447184175653156,0.0801728051314546,0.03824232226345599,-0.2955617044825679,-0.01231440780551333,0.12018946638543489,0.2929958692314167,-0.35324312816035386,-0.12624049140156915,0.1149698063271339,0.25774202082662967,-0.2211692231437946,-0.3388387528419729,0.11597402530625037,0.19614269908183252,0.25219398712155683,-0.23879698534498772,-0.01715108779143699,0.08239918177701874,0.2317407433272991,-0.24453891961657406,-0.05014009522663412,-0.05127980676926715,,,,,-2.037684551928365,-0.9425163238978254,-0.5763039325397336,-0.8375092060221394,-0.3676991030171243,-0.007291853639190271,0.17803187033786913,0.3145084264505155,0.17232613919636597,0.12359514223394834,0.13695694799802688,inf,-0.027308760372050322,0.324727836578439,0.156363761389598,0.37846092924993285,-0.08307254684713627,-0.023613418161968047,0.06538145553368127,0.12951007966348013,-0.03597238488033394,0.36004522549583534,0.1624081020384646,0.19133028906487157,-0.06784682597804925,-0.010713375460211375,0.10676894464711936,0.4803530129766903,0.0326847604212428,0.016686527465655725,0.06443110995538581,0.2704810527726272,-0.01996455860418378,0.37465800816494504,0.19903492067864095,0.5773536185255486,-0.01633392589695637,-0.004738901743440864,-0.025469289204951395,0.056995135917925634,0.016605153239477533,0.007184518309763817,0.028966789748527177,0.10499403337997656,0.0661721549493346,-0.33870846214199274,-0.3608102250907529,28.25205146127081,-8.198798074965595,-3.6734581416742524,-2.2675405162448574,-2.371521758121308,-0.1506080724508918,-0.306980050502953,0.034651869921679346,0.23202842308417,-2.2582565428036276,-1.154780808576746,-0.6402533027985114,-0.8485314291729367,-0.5743067438467377,-0.5963502212736682,-0.0934095125061227,15.754622888804585,-8.585530840373226,-3.6551169571580946,-2.2123429648572728,-1.823349908041584,,,,,0.06853343562204328,0.14349911480657415,0.24785355731137781,0.20180451945228528,,,,,-10.266307437343185,-3.5264928517584835,-2.1192420069437587,-1.5086002323712582,-0.8597734464089634,-1.2994107445900864,-0.6415175415893002,-1.626615739914115,-0.9959185293891967,-2.2532702571688943,-1.0676927040284514,-1.5707920493468461,-0.0182322771025083,1.1422265450879028,0.7879859899804768,0.5476928862713715,-0.9958427329442471,-1.1742250907083498,-0.5638806593215828,-1.2316915620895061,-0.0182322771025083,1.1422265450879028,0.7879859899804768,0.5476928862713715,-0.8360489892744546,-1.0927097812065445,-0.5041930862584918,0.19729326106465375,-2.3061234114842954,-1.2386486862599588,-0.6226793918452067,-0.7574740244297479,0.06507406847142527,-0.16440126693729926,-0.08695218235177167,-0.06434871093207647,0.09629736106120035,-0.03038089246297297,-0.017303324475696845,0.10830067346850943,,,,,0.22748882273937188,0.1892377401931236,-0.02060148608173491,-0.030785340351580325,0.0679598313024603,-0.167679842997663,-0.06862141917406306,-0.060786807928672915,-0.016868740115972725,-0.035798069616334215,-0.03261251009370929,-0.0020802009305245783,-0.6132952362716967,-0.5591636962202778,-0.182964763550096,14.467819420345952,0.0228188448722928,-0.26743669575602974,-0.03613423377118621,0.010372836845855826,-0.6132952362716967,-0.5591636962202778,-0.182964763550096,14.467819420345952,-0.8395593019112607,-1.0969235148890655,-0.5510971103505875,0.13432283354757404,-0.8523031849837593,-1.5263601403929397,-0.8535976463488705,-0.027683345248793612,-0.9959317431126858,-1.180284376597682,-0.610293294382376,-1.308231405878595,-0.8552262485578959,-0.5803455221616035,-0.42166366137024375,-69.81676450646295,-2.2993823564536253,-1.2129098565572107,-0.6160409511626813,-0.8274866416745581,-0.9652542034426295,36.38144221082758,21.91461765726458,9.544644968517272,0.07883719995461491,-0.11305659108673842,-0.08641594375574772,inf,0.09675145698031029,-0.12165907994844265,-0.06679101285138563,inf,0.06106976787470253,-0.14492726328524755,-0.021488643949737974,0.3215194770339119,0.05899414334851727,-0.09476725376213131,0.07939487560481721,0.5943998757478275,2.969864476358801,0.7249201324461083,0.45294181623119967,0.3166118518754172,-0.03517647639341581,-0.13515501090084162,-0.1217717737016073,-0.13686991986866537,,,,,0.0,0.0,0.0,0.0,-0.8772516280414194,3.0423240646471332,0.855870249984244,-1.869887833650441,-1.3468695880346366,1.5563452624472183,0.08476747311843305,-0.83510253396613
2008,8050000000,2469000000,5581000000,0.6933,1006000000.0,2792000000,293000000,4091000000,6560000000,0.0,468000000.0,864000000,-699000000.0,-0.0868,-1505000000,-0.187,-526000000,-2031000000,-0.2523,5000000,-2036000000,-0.2529,-1.38,-1.38,1498500000,1498500000,1641000000,113000000.0,1754000000,1402000000,853000000,1443000000,5452000000,1728000000,12421000000.0,7244000000,19665000000,113000000.0,0.0,181000000,21687000000,0.0,27139000000,239000000,2000000,161000000.0,911000000.0,2081000000,3233000000,6743000000,0.0,2262000000.0,1727000000.0,10732000000,0.0,0.0,13965000000,0.0,15000000.0,-2732000000,-53000000,15944000000,13174000000,27139000000,0.0,27139000000,-2036000000,864000000,-334000000.0,138000000.0,-452000000,96000000.0,-120000000,0.0,2219000000.0,3036000000,1216000000,-362000000,535000000.0,0.0,0.0,151000000.0,324000000,-1425000000.0,71000000.0,0.0,0.0,4000000,-1350000000,-1000000.0,189000000.0,1641000000.0,1452000000,854000000,12.14,12.28,12.28,241719050.0,0,0,12.28,-0.002461841457410143,911000000.0,-468000000.0,384847858.197932,7474000000,1925000000,-1563000000.0,-1098000000,13174000000.0,-6491000000,-6491000000.0,0.10608695652173913,0.5002687690378068,0.12496894409937888,0.036397515527950314,-0.05813664596273292,0.10732919254658385,-0.19416149068322983,0.2391304347826087,-0.13639751552795032,-2.7182724252491695,0.5081987577639752,5.372038705372039,-1.0043376710043377,0.5699032365699033,-0.2415749082415749,8.791458124791458,0.0,6745000000,0.5119933201761044,0.24329132690882135,1867000000.0,0.2767976278724981,4991000000,4878000000.0,2219000000,1.6863594184967523,0.47788431797092484,0.32171680117388113,0.06463023692840561,0.2454076210718081,0.11912745495412506,-3.33974358974359,-0.33962264150943394,0.5425301577482214,0.08176425070931133,0.39544566859501085,0.24853531817679356,0.18390508124838792,0.5119933201761044,1.0600425079702445,0.37885228480340066,0.4854268764508641,2.0600425079702442,-2.1514404560160223,-7.140200286123033,0.2600444773906597,-0.07862513426423201,0.12664985911315438,-19.978540772532188,0.06938472942920682,7954000000.0,0.10537870472008781,0.5392927308447937,-0.1545468346743586,-1508705071.3934023,23906000000,-0.06310989171728446,23906000000,-0.06538107588053209,-0.04592989207730277,0.29662109878772247,2.8944900351699885,83.85416666666667,4.905545399146861,0.2056450127123328,0.7467219694942467,0.016098379410940014,0.0805237178950891,0.016098379410940014,-0.05759239470872177,-0.2091249665507091,-0.055591770934573945,0.3136650747188415,-0.0833459845149537,0.7452415812591509,0.03706842551309923,0.07636253226051314,0.013338737610081433,0.20949074074074073,-0.10066693688050407,0.031430782269059286,0.0035373447805740815,1.0,-0.08313817330210772,0.10157367668097282,-0.03673567069522554,0.09219509560375598,0.2023426684618154,0.17006665689712666,0.054227156276686506,0.23591608544384765,0.2249873113404702,0.20260790657603261,-0.07215295095594343,0.04856393121329109,0.19971634969262075,0.16476584316479498,-0.03681578216171155,-0.03768821532108424,-0.007313102102961766,-0.0064397655682856495,-0.07791017415215395,0.16226134562186215,0.18814253610074066,0.4606139411212203,-0.040220006875214875,0.17396610149775638,0.21016950560535747,0.15779644631035733,-0.8342760180995475,0.04852778983204339,0.7194672604192074,1.9854715997976065,-0.290742024965326,0.07457404111278758,0.21845475108425827,0.2004921161110882,-0.19112207151664606,0.11604939347798053,0.2131917540583575,0.19080476129105792,,,,,inf,,,,-0.07987220447284349,0.536564559846659,0.4309146171695909,0.3231964317504888,-2.889189189189189,-2.4363388013077487,-1.303875628615892,-1.2887670037251977,-2.959367945823928,-2.3069836328588833,-1.401655416285786,-1.2594795728726975,106.5,33.8194199228949,20.4663006113529,10.085725454637409,109.0,34.852465274425725,20.900791913508563,10.318154731117346,-0.052252252252252274,2.1684121114155244,1.389843563145611,0.7630274044305316,2.5694200351493848,-1.0790234850564964,-0.4634402485410649,0.32469294059406667,2.704845814977974,-0.7773595401783625,-0.47250348053814745,0.2609333847485966,-1.0675675675675675,-1.5565921706606118,-0.7069328852423711,-2.295832961649203,3.113131313131313,-1.4814481462361853,-0.7206014677793761,-1.7685619220885678,3.2719594594594597,-1.0575377811129887,-0.6505345006240599,-1.628188994213907,3.1818181818181817,-0.7993708389381737,-0.3143234289051062,-1.5297919259574448,3.1818181818181817,-0.8158035874761852,-0.3256572676930844,-1.5265894425178366,0.007801466137601798,0.2387964859010848,0.14287747882716753,0.07835656625069828,0.007801466137601798,0.23203983115346039,0.1379851727033334,0.07493834028914274,0.1301652892561984,0.3225500061513241,0.3106833219370089,0.5814224537183458,-0.6435331230283912,0.5455912481861521,inf,,-0.00847936687394013,0.34038107400013534,0.41585617520594076,0.6173124496103284,-0.06657789613848197,0.17203146015618298,0.24243330823803122,0.15970927505389199,0.17655172413793108,0.31212500973818547,0.27572498607225093,0.1142982700856399,-0.2503896103896104,1.1972493143654734,0.660778028754079,0.4133723426913539,-0.07920959297415975,0.3305670041533452,0.30822165776199156,0.22681797355805539,-0.004034582132564801,0.23613345334629698,0.20796483285316195,0.15176842282248165,-0.1775806131232206,2.1342929915124134,,,-0.09040683073832245,0.4018255479846049,0.33618239967135044,0.7173161551939493,-0.147483417869684,1.7188964844847587,1.1264249615714428,1.076209527560468,-0.6435331230283912,-0.36942897501017175,,,,,,,0.15286624203821653,-0.04378438908149466,-0.14063977474707104,0.19822822355189146,-0.14199240386137046,1.1766741661796165,0.7896481969206027,0.6265943164426948,,,,,-0.130076609930442,0.8890724240936922,0.6207968972535194,0.45192725495922864,0.7194244604316546,-0.15793825037170803,2.058086052625978,1.0173926041561678,-0.9921875,11.208037622100122,6.794352705025804,3.8840172988692103,inf,,,,0.34167893961708384,1.113956926187549,,,-0.04365808823529416,-10.730521994157664,-6.514383386302434,-3.1110340108009997,-0.005230769230769261,0.33624640280952606,0.28931162716093933,0.25133669538703246,-0.15000630278583138,1.1712795863126986,0.8244410056747784,3.2871009333496692,,,,,-0.009632224168126147,3.145574757718577,2.0327078145636426,,-0.3440941891378656,1.414325636822842,1.118517393500992,0.6241113813690355,-0.1648249027237354,1.4062761729332216,0.9732958688856661,1.2602873116775073,,,,,,,,,-0.13260869565217392,0.9742625562094221,0.6656216558104768,0.5622199723918061,,,,,0.0,0.2916666666666667,0.175,,2.942279942279942,1.6246707233359068,1.1311529712352564,0.7211364084919644,3.0769230769230766,4.696636696636697,2.948072193587144,1.4275667164496695,0.009880922219407173,5.152811397469532,3.070749820045722,1.6533040189743229,-0.12737629992713784,0.8107047799962848,0.580464892208786,0.4382701233588301,-0.130076609930442,0.8890724240936922,0.6207968972535194,0.45192725495922864,,,,,-0.130076609930442,0.8890724240936922,0.6207968972535194,0.45192725495922864,3.113131313131313,-1.4814481462361853,-0.7206014677793761,-1.7685619220885678,-0.07987220447284349,0.536564559846659,0.4309146171695909,0.3231964317504888,-0.13471502590673579,-35.405222468953035,-21.810015201801928,-9.049542266900678,inf,,,,-2.13,-0.4605041131046493,-0.00612605935899504,3.56985141976021,inf,,,,3.0,0.7514498080535815,0.863902466285783,0.042963868753465514,,,,,-0.16922500935979035,0.32608767301393166,0.4133981998312704,inf,5.378151260504202,-1.405127855302446,-2.5919869695917237,-1.7734910719896135,0.30192719486081376,0.28378320865406703,0.3288305993402467,0.5918610902323707,-0.0027548209366391463,0.02058710269853962,0.15274673281030252,0.9324513780111431,-3.049808429118774,12.675439978419886,19.626982318471754,,-1.0,-0.6907281431090956,-0.20153510710467107,,-1.0,-0.3179623983739837,0.9862284406680566,0.7748983232868338,-2.6593406593406597,-3.2820943587366944,-2.150457653784476,-6.434484281855417,-1.6835443037974684,4.422513082087156,2.6938941280451827,2.691749420554582,-inf,,,,-0.46212121212121215,4.686495297949543,2.668529657402204,2.190117317442819,-1.0,-inf,-inf,,,,,,-1.0053191489361701,-8.356604507136042,-5.3793302192222345,-3.0085542773154534,0.9852941176470589,-3.3137320332019073,-2.642575891374373,-0.9969749686670882,-1.25,-1.3595238095238094,-1.3657142857142857,-1.6887637362637364,-1.875,-1.9028277938857692,-1.431800423290099,,0.1301652892561984,0.47385624708020657,0.37693002945730136,,-0.1294964028776978,0.2743464181511857,0.6670508177599078,0.5881288232310162,0.4956217162872154,0.5171441850787525,0.4946019823665527,1.2904731209285996,-0.18931552587646072,-0.2409863448194787,-0.11900170365751003,0.055301090005266215,-0.13794313794313795,-0.22498801587812686,-0.1348985214095398,0.062427740964656676,-0.13794313794313795,-0.22498801587812686,-0.1348985214095398,0.062427740964656676,0.010704384948925227,0.5288488860044066,0.2635524054912527,0.18306350131635946,,,,,,,,,-0.13794313794313795,-0.22498801587812686,-0.1348985214095398,0.062427740964656676,-1.0189295647198158,-4.668428439615852,-2.7794357625684873,-0.17540145356339937,0.34167893961708384,1.113956926187549,,,-inf,,,,-0.32601075622078457,0.24326669424275246,0.3302754878649527,1.2083098736777997,-0.0806888068880689,0.227131438951336,0.21933166415650246,0.19252035517053417,-0.1116751269035533,-0.10938729187731489,0.17690019160625153,0.1825729598998267,1.7469244288224957,-1.3531886871654593,-0.6279393698064426,0.24244337996137783,-1.7848463187991421,-1.933616041208401,-1.0265562740113183,-0.9988328936236988,-0.12737629992713784,0.8107047799962848,0.580464892208786,0.4382701233588301,-0.18557089084065248,-5.490950199737703,-3.193216205358758,-15.365529861914862,-0.18557089084065248,-5.490950199737703,-3.193216205358758,-15.365529861914862,0.5526597121754362,0.35261801069274035,0.19306909729827545,0.9211118335562031,0.03441617248621798,0.11190002703484929,0.024108479574961917,0.007860223745359728,-0.04274476091795665,0.05367521249291455,0.0017617632906804293,0.26475157367046587,-0.8279558612742756,-0.042075273437940264,0.41677753292198344,1.5051733565911927,-inf,,,,-0.044781616494354304,0.3595170042112456,0.1935583735456069,0.1319010807956987,1.8516829132508819,-1.061643882928485,-0.6430067555292777,0.17814156126692163,-0.07779739571838451,-0.17064908767422637,-0.038986090888067794,-0.0006929439512230017,-1.8147777249943395,-1.8680847911793528,-1.1399932273922102,-1.0269685216988593,-0.9934022513950262,90.00230470877217,54.17643439912412,27.11418742178259,-0.2636933046751837,-0.023902372075521594,0.015411198698640338,0.03230387633342506,-0.04419237154269662,-0.10712510562499016,0.08227486598226016,0.1022012714490282,105.66783450116783,33.898108106382374,20.510585806892514,10.131540636983427,0.48404399729560277,0.18208376323144138,0.2894672517928532,1.1832978170456938,-0.010474570070529765,-0.1499987821111005,0.050537690799764154,0.8711480374480658,-0.13413134491936018,0.34328105405335907,0.29981959813030684,0.28752680274327536,,,,,-0.17633410672853833,1.0501674085076582,0.675215413602602,0.7473832211264018,-0.05610414523157303,0.03652493289227291,-0.022510382812854602,0.41542305406409996,0.3721161680828775,-0.07841636610709102,-0.012189332618230297,0.27891761765494183,-0.10498561840843723,0.1369228404227503,0.36622025944975356,0.5924944917322348,0.08662309427031967,-0.23838122372777548,0.0419941668839906,0.30918004359848145,-0.2225856697819315,1.765795512817622,1.0761074766415009,0.9436154509122915,-0.20072095690643943,4.409807590164733,2.499103443820056,1.655113434501569,-0.16922500935979035,0.32608767301393166,0.4133981998312704,inf,-0.0743678246724464,-0.016388547924873136,0.059059907297843384,0.04925305820274554,0.06964465110572027,-0.03992354322452296,0.013104871010574181,0.34304995099596186,0.07681468612241393,-0.023165207013392825,0.019030800237998125,0.2956397351814327,0.1397792546384793,-0.1629378457846972,-0.034368172128455644,0.23393523637736718,0.13997503240648834,-0.0366981252852833,-0.04933908980566446,0.03453155335903633,0.14351360375502753,-0.052018799506487835,-0.057127162100645765,-0.07079749398933291,-1.0,,,,-1.7889732558296356,-1.7464183141223144,-0.9364923708230657,-0.9898460336435422,-0.003265679659853138,-0.03554596155045656,0.05636520880989375,0.35727147513850327,-0.04500212303317641,-0.11769481223082774,0.06110145802135132,inf,-0.03994408380089076,0.11936216789934961,0.1356332190039377,0.3734074393544151,-0.05317421893254026,0.00843060770636328,-0.03337035783094022,0.09242891438568214,-0.10634161686823085,0.19493892715858172,0.09098657629528846,0.13475299550615388,-0.05610414523157303,0.03652493289227291,-0.022510382812854602,0.41542305406409996,-0.005996165041814772,0.05215568875313122,0.016590385837934506,0.21680556528104517,-0.1091070181188567,0.23503312213249605,0.10106403500414314,0.489978643011762,0.0031040779385047568,-0.023862908942776134,-0.006020786896171426,0.07460147630466195,-0.0030944724548265246,0.02516213090675068,0.007563608320635562,0.08377154868042788,0.06502984064892514,-0.37786371359566995,-0.21915890111206265,28.209715814629476,-1.4115068700725113,-4.492486080407283,-2.620949120968954,-2.6097466451749725,0.2037898390910755,-0.14555104996555113,0.012809513353351277,0.2945877168331618,-1.9048353550065298,-1.7816220677528019,-1.034726317979008,-1.0166711922012754,0.7595680076088505,-0.08464475124414039,0.11975567517124378,-0.1459645868924126,-1.4591341668221682,-4.27024023897914,-2.546307828451244,-2.0402175025207825,inf,,,,-0.04822304654780418,0.0883659703195631,0.20004519329129966,0.16891791931186878,inf,,,,-1.1908147975469427,-4.109436926650946,-2.3987917152975236,-1.6811560164205346,3.7135223496541245,0.08648142997607922,0.08303317845627607,-1.2327181298191925,122.87491856029523,38.83510670106663,23.460387376844672,10.682961868338706,-0.1445951264894264,1.0250254741736378,0.714893446111568,0.5225971053786056,143.81437082759854,46.92882986332264,28.196757299232793,13.12886478195162,-0.1445951264894264,1.0250254741736378,0.714893446111568,0.5225971053786056,2.211256463327294,-0.1869917462702754,-0.05380869342442005,0.4396885068813298,-1.9175144345134956,-1.7989213338732117,-1.0563769331413524,-0.9648667295590743,0.10729788427433018,-0.16651276935997164,-0.0514600925054689,-0.05202629175143194,-0.10396871242602834,-0.03967185917627133,-0.029141366875002416,0.11803303745998384,-1.0,,,,-0.14767836310144278,-0.09578264084051173,0.05154486804192095,-0.07472147469465068,0.0665847816436651,-0.1877644901868251,-0.04698913246491774,-0.0505644174546672,0.00928505602464269,-0.10734636884817879,0.011324022268438694,0.007543944998856478,-0.2120815947503667,-0.3979652111247578,-0.18263579268393207,0.2926959306415647,0.03848469959116518,-0.25159943128504964,-0.040697995755595164,-0.04748497242983046,-0.2120815947503667,-0.3979652111247578,-0.18263579268393207,0.2926959306415647,2.1576624564639593,-0.2425339096482757,-0.1024714723037075,0.3831561954560246,1.9880245660057385,-0.7455908494808199,-0.40668155925752314,0.20774797885221022,141.39750301505325,46.082932205479636,27.676415387453098,12.828751776727495,4.0503245363821545,0.8562550921163004,0.5252882509137753,-69.38704268299281,-1.8994098128822414,-1.8013856220634856,-1.0592200359041766,-1.036300569626745,0.043338213762811106,36.56794786092109,21.926081356345883,9.579940090935471,0.05996670094606493,-0.15683034465000975,-0.08021800422247308,0.04969026421497071,0.056686663186954034,-0.143880863371324,-0.08263563415759682,0.3461691660538079,0.14635977196063488,-0.17633319429380356,-0.054355410636497,0.3008723632050506,0.0012849454137331406,-0.11799117280733022,-0.007329702132712668,0.5720320250488309,3.531755310044856,1.8293902384153649,1.1588738664222955,0.677001559668326,0.3524773992384034,-0.07013845866478434,-0.03186533662151925,-0.13298762110722126,inf,,,,0.0,0.0,0.0,0.0,-0.340668097840229,-1.039994324628989,1.5913594909469895,-1.8013221918512117,-1.5219758384994435,-0.9375278373486876,0.47072018284271416,-0.4565377521504187
2009,8188000000,2576000000,5612000000,0.6854,1035000000.0,4848000000,527000000,6410000000,8986000000,0.0,407000000.0,834000000,-67000000.0,-0.0082,-894000000,-0.1092,-414000000,-1308000000,-0.1597,-283000000,-1025000000,-0.1252,-0.68,-0.68,1507900000,1507900000,864000000,0.0,864000000,1375000000,920000000,902000000,4061000000,1728000000,12404000000.0,6731000000,19135000000,0.0,0.0,253000000,21116000000,0.0,25177000000,212000000,3000000,0.0,572000000.0,2235000000,3022000000,5915000000,0.0,1875000000.0,2064000000.0,9854000000,0.0,0.0,12876000000,0.0,15000000.0,-3757000000,-43000000,16086000000,12301000000,25177000000,0.0,25177000000,-1025000000,834000000,-64000000.0,144000000.0,-1180000000,1000000.0,-92000000,0.0,1039000000.0,2126000000,835000000,-362000000,-527000000.0,50000000.0,91000000.0,-45000000.0,-793000000,-2825000000.0,33000000.0,0.0,0.0,1972000000,-820000000,1000000.0,-777000000.0,864000000.0,1641000000,473000000,8.59,8.934999999999999,8.934999999999999,323923150.0,0,0,8.934999999999999,0.21636085626911314,572000000.0,-407000000.0,154058868.50152904,6042000000,-70000000,-901000000.0,-957000000,12301000000.0,-6834000000,-6834000000.0,0.05776746458231558,0.8638631503920171,0.12640449438202248,0.06436248168050807,-0.04970688812896922,0.10185637518319492,-0.11003908158280411,-0.008549096238397655,-0.11687835857352223,-7.170022371364653,0.7828529555446996,5.430068306916905,-0.5928775117713376,0.3136812785993766,-0.24006897009085484,8.157702765435374,0.0,5918000000,0.48109909763433867,0.1459952686718486,864000000.0,0.1459952686718486,5054000000,5054000000.0,1039000000,1.343812045003309,0.285572468563865,0.21275547894607238,0.034317035389442745,0.24567108365173562,0.1200301862811296,-2.213759213759214,-0.31667769688947717,0.28590337524818,0.0412678238074433,0.3913889661198713,0.2350558049012988,0.20073876951185607,0.48109909763433867,1.0467441671408828,0.4108609056174295,0.4885808475989991,2.046744167140883,-1.8841088674275681,-75.43283582089552,0.1459952686718486,-0.07432432432432433,0.07996618765849535,-192.17910447761193,0.0687732342007435,8187000000.0,0.0017482517482517483,0.9336585365853659,-0.0833265588163564,-700573394.4954128,22155000000,-0.03162145766172028,22155000000,-0.04066802076280749,-0.043195666892349355,0.32521746038050603,2.8,8188.0,9.476851851851851,0.22290185486753783,0.9288315127441245,0.0069536839765980156,-0.00315955766192733,0.0069536839765980156,-0.03578663065496286,-0.14912280701754385,-0.027825928208103142,0.14998536728124084,-0.07779855296317373,0.2728240617513974,0.04110894864360329,0.08413950085358914,0.01437820232752115,0.20949074074074073,-0.14922349763673193,0.036541287683202923,3.971879096000318e-05,1.0,-0.06976744186046512,0.4925373134328358,0.017142857142857126,0.01631354068989162,0.0821809061734708,0.1524838214235685,0.04333738355609551,0.052911182511848676,0.16476821156885896,0.16484546205478212,0.0055545601146747,0.001610060195767556,0.0563342199660527,0.1535294491123692,-0.011394778595124833,-0.01514142310358372,-0.02252916908667226,-0.0012918580762096732,0.02882703777335993,0.011086044487491916,0.1421380321509879,0.11499639070435186,0.7363896848137537,0.26121543781751916,0.259923958366571,0.22075129317011113,0.7986348122866893,0.42920588803171916,0.5956499190790769,2.0170075147056297,0.5668540699095577,0.1913472793078432,0.2294111911189491,0.17634636995251687,0.36981707317073176,0.13268683686670293,0.19649141960424707,0.15927874991173313,,,,,-0.13034188034188032,,,,-0.03472222222222221,0.0292367702736465,0.3433579278271873,0.27139664320762075,-0.9041487839771102,-1.6425626698257065,-1.7063978764721004,-1.2367093864656997,-0.9055299539170507,-1.6635714763786789,-1.6433247873508865,-1.2120995428602455,-0.4059800664451827,35.032922435181774,20.133454669799875,10.198743648571483,-0.4160427807486631,35.862821769097216,20.73838136234636,10.421516592997332,-0.21292775665399244,-0.10602701093234324,1.2509617155185162,0.8078460957734604,-0.3559822747415067,0.45813319029154626,-0.7993334375484642,0.49551141199892645,-0.36702338485929453,0.4961620489776129,-0.6330432926451415,0.41344957014110406,-57.6,-20.476490776490774,-12.532196043137107,-7.94474445707138,-0.49656188605108054,0.5849845159506096,-1.069913844989592,-1.528411936967904,-0.5049426650850138,0.6321479971920066,-0.8295789982949655,-1.4195434757761718,-0.5072463768115941,0.5973365091421721,-0.6613867393551445,-1.2916276747497153,-0.5072463768115941,0.5973365091421721,-0.6699636859125462,-1.277314080198996,0.006272939606272843,0.06071504502961619,0.14216356281093878,0.07849823881871762,0.006272939606272843,0.06071504502961619,0.13601395418445675,0.07787128010404139,-0.473491773308958,-0.15760762897681913,0.029695846559867078,0.5128663798357259,-1.0,-0.7038846427991728,0.01979660937680756,,-0.5074116305587228,-0.24484352446813148,0.02555119633711713,0.545364390002732,-0.01925820256776034,-0.010353605935788638,0.10647834669126884,0.1278172875665698,0.0785463071512309,0.07435176921921775,0.23520648949537973,0.10268044153001052,-0.37491337491337495,0.8411346370829129,0.5842409496263262,0.38026056724381196,-0.2551357300073368,-0.04207484376877605,0.1073008947392476,0.18226304717386302,0.0,0.0003932621164915255,0.17409386511122646,0.11551591781246162,-0.0013686498671604541,-0.048825763809664004,inf,,-0.0708172280508007,-0.09237367975031163,0.25058457779138127,0.23139625811501047,-0.026951436562420494,-0.06616943390530294,1.0496002979891497,0.5946762096303668,-1.0,-0.7038846427991728,inf,,,,,,0.3977900552486189,0.07103451822360056,-0.07964853894164695,0.19297990667238174,-0.02632913727117625,-0.06780152408178482,0.7287657158921333,0.43339933146087484,,,,,-0.07229448395298277,-0.06637436256966574,0.5196210325738196,0.34687790616754866,-0.11297071129707115,0.07752662508690322,1.958568833443487,0.9962876462721637,0.5,11.693080357142856,6.650229739383851,3.804254329280659,-1.0,,,,-0.3721185510428101,0.04474197057678764,inf,,0.07400288322921678,0.07575482898770651,-6.632653675798322,-3.1882843524895326,-0.06526446025363442,0.05508207179417216,0.1022458133585972,0.14435232856958977,-0.12279400860151268,-0.12698365260597433,0.805513603271882,0.42924917827785547,,,,,-0.17108753315649872,-0.12010581949135006,1.8554439503164488,,0.19513607411696587,0.20644758601609145,1.122833864522732,0.616496561652305,-0.08181140514349605,-0.09026192036238619,0.9436371889649999,0.5157582448958764,,,,,,,,,-0.07798066595059072,-0.06382433925392406,0.5578154415488041,0.34150422038517403,,,,,0.0,0.0,0.175,inf,0.37518301610541727,2.1000738596916713,1.094283481667072,0.8046985883756836,-0.18867924528301883,4.962747943880019,2.759315936367275,1.3807469846924518,0.00890617160060203,0.013378421017589645,3.0368039448505826,1.6094081008306063,-0.06626688932746316,-0.06892738722309859,0.4859396764676819,0.4483844605871058,-0.07229448395298277,-0.06637436256966574,0.5196210325738196,0.34687790616754866,,,,,-0.07229448395298277,-0.06637436256966574,0.5196210325738196,0.34687790616754866,-0.49656188605108054,0.5849845159506096,-1.069913844989592,-1.528411936967904,-0.03472222222222221,0.0292367702736465,0.3433579278271873,0.27139664320762075,-0.8083832335329342,-0.34135021346401695,-21.57814346141174,-9.320418904430216,0.04347826086956519,,,,1.6106194690265485,-0.3873061704376801,0.32094832949581964,1.737786218896542,-0.9895833333333334,,,,-0.23333333333333328,0.7775681341719077,0.47437865676197344,0.10495320817855584,,,,,-0.5317710680486706,-0.17495407189118076,0.22614049546178278,inf,-0.2997364953886693,1.3997218843299029,-1.528857345592535,0.09528917255251661,-0.31332236842105265,-0.16838737040987187,0.007716316253240785,0.3394108409679051,0.0,0.02058710269853962,0.06125737110817486,0.09458403964002635,-1.9850467289719627,-2.002040052880405,7.060742203446592,-inf,inf,inf,inf,,inf,inf,inf,inf,-1.2980132450331126,-3.337636486643109,-2.351892972113808,-6.470455272168496,-3.447530864197531,-2.0267243687131096,1.8319424902228985,1.5606218321427971,0.9824561403508771,,,,-0.5352112676056338,-0.6372985288409875,2.5884104808041544,2.1328539869400522,,,,,,,,,492.0,163.2952001637769,93.07662963021315,45.547547148991995,-0.3925925925925926,-0.16262558083759368,-2.70138188422554,-2.1576054447268413,-2.0,-1.2261904761904763,-1.665714285714286,-1.7655494505494507,-5.111111111111111,-2.7355814701320313,-2.558158898553683,,-0.473491773308958,-0.15760762897681913,0.09594255408015953,,0.1301652892561984,0.47385624708020657,0.37693002945730136,0.6208129421843368,-0.4461358313817331,-0.19028661992512294,0.09452339705848659,0.09316454730215754,-0.29242174629324547,-0.23304664581425538,-0.2647419989580476,0.024406022813958206,-0.27239413680781766,-0.19580085164527336,-0.25511992302852904,0.02939271685863486,-0.27239413680781766,-0.19580085164527336,-0.25511992302852904,0.02939271685863486,0.340081181024003,0.10461408832841441,0.3756023633751119,0.21180508708683082,,,,,,,,,-0.27239413680781766,-0.19580085164527336,-0.25511992302852904,0.02939271685863486,-88.88577981651375,-33.95027121924735,-20.57405103679916,-8.974399326730513,-0.3721185510428101,0.04474197057678764,inf,,-0.13034188034188032,,,,-0.5996889024589696,-0.5153484677868684,-0.10051371165856074,-0.004354007056366127,-0.1915975381321916,-0.06082467086019409,0.08267985263877323,0.1476912148357073,-1.0363636363636364,-0.3812894116667586,-0.23368264019609244,0.07103798628799289,-0.4235444657709533,0.16144725783943445,-0.9773449970197312,0.40650563226329284,-0.12841530054644812,-1.398523808953877,-1.2015899834712571,-0.7266971448758844,-0.06626688932746316,-0.06892738722309859,0.4859396764676819,0.4483844605871058,0.05284239716530581,-0.058954592638723935,-3.3242936112124797,-15.112764570036049,0.05284239716530581,-0.058954592638723935,-3.3242936112124797,-15.112764570036049,-0.45547062074046785,-0.1825022867866023,-0.01376463078905299,-0.07449827950780888,0.7267980810665644,0.25873081556639993,0.19673689478022635,0.08153091664517283,0.011487256237853849,-0.006111758413427777,0.04844893495265723,-0.010051986669130186,0.7683207424166891,0.37153830853407294,0.4715796614906697,1.5576708577570446,-0.14499903966196104,,,,-0.050990948813982584,0.009806311029911252,0.20992345489495365,0.10246741283848324,-0.43326000848267887,0.18968699033977146,-0.8168717457730086,0.3240186340715777,-1.0357507660878447,-0.39126099025324573,-0.2954082788398024,-0.09471329610490038,-0.14310493031251925,-1.3859826235484174,-1.1845357741131168,-0.7862230695734833,1.6377129476665369,91.01465022008931,54.570061601973045,27.71522833132633,0.5404464170459133,0.16381216030366863,0.13658861087017385,0.034768034494920275,0.010802156262730511,-0.03953511357303848,-0.03600113459327634,0.0845608984631879,-0.4096830887778409,34.75407189902906,20.181401306958453,10.243929415254566,-0.44958852929605875,-0.21350592094402565,-0.1063228144318608,-0.008302070817514417,-0.00623383513495579,-0.03512093239887223,-0.039357411011500434,0.037189789330638566,-0.0720876275994452,-0.12045162357339372,0.20687167565042905,0.2974614355407148,,,,,-0.12260934025203851,-0.1263459359327902,0.5762587629434985,0.3505630165844805,-0.060341065643472525,-0.0614306789510316,-0.029717067451135937,-0.07260149530086425,-0.39991585180279177,-0.02716768789024478,-0.17368865559136965,0.31391218918930497,-0.5372254954472415,-0.30428016149501647,-0.030047492396773734,0.5175650456357864,-0.4725559254463745,-0.19768578222181665,-0.20875659404219232,0.3369106077684863,0.012622720897615736,-0.08093472203947416,1.1406813566844016,0.5119270915439589,0.03608036080360799,-0.05151486713303033,2.568368851844155,1.2257708391238356,-0.5317710680486706,-0.17495407189118076,0.22614049546178278,inf,-0.2031283306134083,-0.09994921257162408,0.03133181948201842,0.06955551591510688,-0.4024234363320547,-0.20944682990296745,-0.07394440172857489,0.342342600007201,-0.3386870745644317,-0.20503850553412387,-0.12811877252934506,0.25995187571880407,-0.46902507215844547,-0.1834716802212536,-0.269152415209177,0.225761392805142,0.0010735713046596818,0.13108086361090163,-0.11506847046476303,-0.10612543183804432,0.007577861269278063,0.12761073611720156,-0.11650505876508332,-0.07137325438144163,-0.33714695326979394,,,,-0.06756011471431722,-1.298072640824106,-0.9368164684474858,-0.8043246843244652,-0.473018465121228,-0.28132774926606846,-0.0996319411397304,0.34950462127082516,-0.4952827984181146,-0.12265292741830836,-0.03389989894988921,inf,-0.010258558374283688,-0.025837134182408256,0.18479617351202854,0.049599080547645134,-0.054235805898243505,-0.06349419055930668,-0.03565005586333758,-0.05794437528082327,0.09153465553641804,-0.01692644873738225,0.21306574303113868,-0.02550558008985303,-0.060341065643472525,-0.0614306789510316,-0.029717067451135937,-0.07260149530086425,-0.012545101474114584,0.004714497968437814,0.0063036631762075634,-0.06028553158283593,0.08448839322861468,-0.0148610611648086,0.21987107992091862,-0.04168445621606752,0.006497314634069884,-0.0022441777747939096,-0.0009230625315495899,0.13316293774460433,-0.006455372050775954,0.0023517695779583514,0.002400742084737795,-0.05446987912373832,-0.1242570240979346,0.002314990500108379,-0.21507051397499755,28.509464951511752,9.564526595633334,-0.0152594498015907,-0.5734709398923867,-0.29848043342605174,-0.438575776971711,-0.1284646701105091,-0.2311452178778989,0.325716295850633,-0.05470019199527398,-1.4059306966018106,-1.0847755945464084,-0.8630274931847286,-0.36860421149738387,-0.061114315911757054,-0.27961737354190763,-0.12535307525113093,8.61927633582891,-0.47512955712216104,-0.7610417404935081,-0.3415361638175283,-0.008813109649540851,,,,0.029293437264269473,0.016534608779502857,0.08231354702723755,0.15255014185045188,-0.9834098193473193,,,,0.7312648274023725,-3.575285802495918,-2.207805705084004,-1.6054854146832571,-0.460832963729529,0.7976386465052108,-0.1291085695691328,-0.9508305961734435,-0.5356458940988508,40.44778471226906,23.115892378937936,10.812447986977803,-0.07324521040742915,-0.07869087133312129,0.6417678596733707,0.4192905184644361,-0.49894609543340673,47.43986066640696,27.958549892008016,13.221346860131643,-0.07324521040742915,-0.07869087133312129,0.6417678596733707,0.4192905184644361,-0.37798483406546657,0.3324075466624576,-0.28897154287156124,0.5561892260088248,-0.0595304073510895,-1.4277227511162935,-1.138598180128892,-0.7764349713698134,0.09640703816975815,0.08959299697183787,-0.05789977567356188,-0.0026915131466325294,-0.03264479546375065,-0.013438715609526216,-0.04555123705573958,0.09583220744070446,96.64571428571428,,,,0.9318650793650793,0.33722517966766946,0.2703799873686014,0.020040665832256332,0.08391568522668158,0.07282009939093566,-0.07050781242452846,0.0013152178196825458,0.24387864652384628,0.07876498747750542,0.029153898739897266,0.04297470310511213,-0.5680506839171349,-0.4644758383130661,-0.49152467346566714,-0.3032977211061955,-1.0392376028394985,-0.32597801945868016,-0.3606125981032845,-0.10646408152572502,-0.5680506839171349,-0.4644758383130661,-0.49152467346566714,-0.3032977211061955,-0.37862228448814006,0.31316029002151946,-0.30234607453827544,0.49908870589130566,-0.2869201153876374,0.2829337552114472,-0.5755951941121437,0.3637358577979225,-0.49945958295065784,46.6340372296633,27.471438060461907,12.92078880795096,-0.5218295584368692,0.8910895764624632,0.357491682292095,-69.46792432313724,-0.06655907401015426,-1.4217837477820072,-1.1209396913128056,-0.7207854962032747,-0.6339119171390877,-0.5186093022729686,21.71075058582129,9.96832765509055,0.10900174675820029,0.08260188255296004,-0.03404026511119,-0.06613106551575365,0.1018427278779157,0.08509361601506,-0.04128956975609164,-0.08232753873278152,0.07792826786352625,0.09511926923295455,-0.04209875000631631,-0.06543642288569583,0.0,0.020093029587416805,-0.05660336317453216,-0.016298320365475995,0.48234864654585197,2.327989477649836,1.2377728707858064,0.7979610482769685,0.16259555267812908,0.1599654918410389,0.021921583842801518,-0.07712262626096326,-0.9887715805430882,,,,0.0,0.0,0.0,0.0,-0.16082541762201108,-0.4595817145012198,1.725095735695832,-1.7086016136256064,3.849064536472566,0.3267397033128287,1.3992248970629555,-0.23127284154774888
2010,7806000000,2599000000,5207000000,0.6671,939000000.0,2765000000,265000000,3969000000,6568000000,0.0,393000000.0,816000000,146000000.0,0.0187,-656000000,-0.084,-407000000,-1063000000,-0.1362,2000000,-1065000000,-0.1364,-0.7,-0.7,1517800000,1517800000,213000000,0.0,213000000,1320000000,894000000,1188000000,3615000000,1697000000,10186000000.0,6343000000,16529000000,0.0,0.0,287000000,18513000000,0.0,22128000000,184000000,504000000,0.0,429000000.0,1492000000,2609000000,4934000000,0.0,1644000000.0,1645000000.0,8223000000,0.0,0.0,10832000000,0.0,15000000.0,-4822000000,-129000000,16232000000,11296000000,22128000000,0.0,22128000000,-1065000000,816000000,-110000000.0,150000000.0,-33000000,52000000.0,-5000000,0.0,1006000000.0,567000000,325000000,-278000000,-211000000.0,6000000.0,4000000.0,-1000000.0,-480000000,-1700000000.0,31000000.0,0.0,0.0,1173000000,-496000000,0.0,-651000000.0,213000000.0,864000000,47000000,6.43,6.404999999999999,6.404999999999999,437862250.0,0,0,6.404999999999999,-0.0018814675446848542,429000000.0,-393000000.0,-346739416.7450611,5599000000,1626000000,-670000000.0,125000000,11296000000.0,-5233000000,-5233000000.0,0.006021009479887266,0.5310159400806607,0.12029208301306688,0.03394824493978991,-0.050345887778631825,0.10453497309761722,-0.08583141173456316,0.2083013066871637,0.01601332308480656,-6.050304878048781,0.5084550345887778,5.142970088285677,-0.4322045065225985,0.03096587165634471,-0.18315983660561339,7.44235077085255,0.0,5438000000,0.48140934844192634,0.03916881206325855,213000000.0,0.03916881206325855,5225000000,5225000000.0,1006000000,1.3855883480260636,0.061709467228823305,0.05892116182572614,0.009625813449023862,0.23096671388101983,0.11790491684743312,-1.7048346055979644,0.047911077041011885,0.08164047527788425,0.04546276211135213,0.3716106290672451,0.24575198843094723,0.23612617498192334,0.48140934844192634,0.9589235127478754,0.46255311614730876,0.5104844540853217,1.9589235127478755,-2.0699407605579974,35.78767123287671,0.03916881206325855,0.011539881831610045,0.009525739764896636,74.1917808219178,0.07226921662375874,7754000000.0,0.12121212121212122,-0.11737089201877934,-0.09428116147308782,-657234242.7093132,19519000000,-0.033671511999042635,19519000000,-0.034325528971771095,0.006404016599211025,0.352765726681128,2.907158836689038,150.1153846153846,36.647887323943664,0.23531272595806219,0.9299874977674585,-0.017764199843488964,0.08330344792253702,-0.017764199843488964,-0.030278380332610266,-0.11966422575459904,-0.029701475176668164,0.20351614752532007,0.011065864022662889,0.22086271256739942,0.04243492407809111,0.08312677053824363,0.012563268257411424,0.16381850324101355,-0.21791395516992046,0.040401301518438175,0.0023499638467100506,1.0,-0.6595744680851063,-0.21232876712328766,-0.046653639472398645,-0.022082151008255686,0.04941490089634528,0.12057991879438021,0.008928571428571397,0.03549770375378447,0.15200284226324196,0.12914703068648428,-0.0721667854597291,-0.04625505876699928,0.015815913658963777,0.12298769277380091,-0.02669973737963227,-0.024970099378822885,-0.030231832387601965,-0.0008838176297757405,-0.09275362318840574,-0.04727891985573326,0.08457149029010813,0.18339049109238045,-0.4296617161716172,0.08883598725564053,0.16572525462708113,0.1707013113024089,-0.49715370018975336,-0.17759830200087054,0.08941289631861322,1.9288784588390648,-0.38081123244929793,-0.03489972916835541,0.08195299215972449,0.17054503080418718,-0.2690852437124416,-0.030130080686118627,0.08977600197844635,0.14617315713658022,,,,,-0.03439803439803435,inf,,,-0.021582733812949617,-0.045392386836005105,0.31067774470096104,0.2308246839787363,-3.1791044776119404,-2.3241474835927467,-2.2784539331024596,-0.9501890230476168,-3.2804878048780486,-2.381795234873009,-2.2213937314743495,-1.0438012913845802,-0.2662192393736018,35.275933564727076,20.15721209257319,10.598110933267218,-0.23076923076923073,36.11772932949403,20.782116762351855,10.754564167912378,-0.016908212560386437,-0.09402940715554371,1.2550800730064389,0.5980267300939811,-0.18730886850152906,0.6753762973021163,-0.7560723196825048,0.7809214623082361,-0.14715090795241093,0.7302238407220895,-0.5692505826693586,0.6590751119492693,-1.0070671378091873,-19.89154490179225,-12.655368729958203,-6.193157592870647,0.039024390243902474,0.885197939108045,-0.9803763869031468,-1.284191797489656,0.0894568690095845,0.9521578877946767,-0.717619827882879,-1.2003781942806189,0.02941176470588225,0.9013278565708233,-0.5751894257840467,-1.0533923806320684,0.02941176470588225,0.9013278565708233,-0.5850490749068535,-1.0420199625519375,0.006565422110219599,0.006879942618031413,0.14584556388394937,0.07544169812589231,0.006565422110219599,0.006879942618031413,0.1417915710353747,0.07251000427558177,-0.7534722222222222,-0.3655995687583273,-0.05186279541544159,0.44648075078562305,,,,,-0.7534722222222222,-0.42312107321829506,-0.047948126156107794,0.45906410945903026,-0.040000000000000036,-0.04194536623541412,0.09136723558015772,0.14107277287709413,-0.02826086956521734,0.07561238724131487,0.19733209336011398,0.11846907318820739,0.3170731707317074,-0.10274327152375932,0.7067815477829505,0.4325785713398835,-0.10982516621521787,-0.14805682973223813,0.12534802324749622,0.1879866729808901,-0.01793981481481477,-0.007324798982459857,0.13809210904481523,0.12488534271427183,-0.1788132860367624,-0.11925418300904782,1.2445394077266634,,-0.05764373792898525,-0.07295593223936947,0.21540313559480576,0.23045680850187483,-0.13619022733211394,-0.10354169392140615,0.9987095579119483,0.5858821110769183,,,,,,,,,0.13438735177865602,0.22834788302183048,0.08016484795655818,0.16549927485702956,-0.12327145292669062,-0.09719766468641244,0.6760843816681966,0.425226635732198,,,,,-0.12110259363704967,-0.10782456250682482,0.4947640389382089,0.34300614450466826,-0.13207547169811318,0.15812609247882345,-0.14377218682206167,0.998365550299406,167.0,55.502604166666664,40.22482257326007,20.545860168696716,,,,,-0.25,-0.09347987047524209,0.5439504455039674,,-0.33243847874720356,-0.10069789458442698,-6.490000315598197,-3.196590235103707,-0.13666446062210458,-0.06905323003550275,0.1613620575105678,0.16555036358412192,-0.1658495350803043,-0.14621661548921613,0.6450390430512558,0.46295019045394287,,,,,-0.12319999999999998,-0.10130658577487495,1.8284873479998462,,-0.20300387596899228,-0.11732066366329734,0.8470218217232999,0.5656626893789019,-0.16551654150598738,-0.1373842831244063,0.7943001144300361,0.5445885041001919,,,,,,,,,-0.1587449518484001,-0.12311143781705491,0.5372124101658551,0.3654656413352474,,,,,0.0,0.0,0.175,0.1875,0.28347085440511055,1.2003112709301567,1.1065332081036499,0.7357739004688706,2.0,1.6294146105466858,3.180246168925414,1.5541933123760674,0.009076215342533889,0.009287769720847697,3.095283315870346,1.5254560682678937,-0.08170067474189091,-0.09178128799883063,0.4568293551839,0.3302521473450444,-0.12110259363704967,-0.10782456250682482,0.4947640389382089,0.34300614450466826,,,,,-0.12110259363704967,-0.10782456250682482,0.4947640389382089,0.34300614450466826,0.039024390243902474,0.885197939108045,-0.9803763869031468,-1.284191797489656,-0.021582733812949617,-0.045392386836005105,0.31067774470096104,0.2308246839787363,0.71875,-0.07478275314655665,-21.26106012807841,-9.167698461893888,0.04166666666666674,inf,,,-0.9720338983050848,-0.4971381430928454,-0.14858535371849682,1.7985536056216074,51.0,inf,,,-0.9456521739130435,0.6070048309178744,0.21507278338287356,0.3749794304759675,,,,,-0.031761308950914335,-0.24425246211979176,0.08294612840844202,inf,-0.7333019755409219,1.4483709298582035,-1.0496844073673859,0.13461051639087335,-0.6107784431137724,-0.20739120555800375,-0.01455023711452479,0.0970950856313828,-0.2320441988950276,-0.07826633994388892,-0.034056578159881744,0.1677985991596552,-0.5996204933586338,-1.8781585504831233,7.088330542585811,-inf,-0.88,inf,inf,,-0.9560439560439561,inf,inf,inf,-0.9777777777777777,-1.6450438940505165,-2.424414819804195,-5.718233049946274,-0.394703656998739,-1.8419262749979126,1.8850609450130396,1.6128361122537824,-0.3982300884955752,-inf,,,-0.06060606060606055,-0.3526461801109688,2.692733713127387,1.5213825592361596,,,,,,,,,-0.4051724137931034,163.52983614575692,93.30500281295976,45.66673378490284,-0.3951219512195122,0.06585985794498468,-2.1457821286835657,-2.069606766985437,-1.0,-1.4166666666666667,-1.415714285714286,-1.457857142857143,-0.16216216216216217,-2.3827577577577577,-2.1963513309861162,-2.235865405115397,-0.7534722222222222,-0.3655995687583273,0.03892094914188791,0.47960410454576935,-0.473491773308958,-0.15760762897681913,0.09594255408015953,0.5527741096810272,-0.9006342494714588,-0.28371612152199216,0.04093249487661308,0.13585232458229587,-0.2514551804423749,-0.24439748420402704,-0.2533671922388113,-0.0003492513278402498,-0.28315612758813646,-0.231164467446364,-0.24610286240606696,0.003119243483937895,-0.28315612758813646,-0.231164467446364,-0.24610286240606696,0.003119243483937895,0.35174732031347555,0.23417762876213458,0.4556750318701397,0.27044935412676263,,,,,,,,,-0.28315612758813646,-0.231164467446364,-0.24610286240606696,0.003119243483937895,-1.008695970135858,-30.304468450456472,-20.779952221099432,-9.833643340146853,-0.25,-0.09347987047524209,0.5439504455039674,,-0.03439803439803435,-inf,,,-3.2506942970415214,-1.3921313185737585,-0.6241166233544466,-0.19667223453323399,-0.07332009268454154,-0.11520214590160067,0.08329533720745497,0.15157505781811886,-24.228571428571428,-8.458870063946206,-5.118619388113401,-2.391558471513072,-0.2563817980022197,0.35566605501644083,-0.9478984650539102,0.6850083896225333,-1.1306165099268548,-1.014626043090815,-1.411975986819701,-0.5858426108974716,-0.08170067474189091,-0.09178128799883063,0.4568293551839,0.3302521473450444,-0.23426982733391866,-0.1223327736697551,-3.3308556058763434,-15.036393084409905,-0.23426982733391866,-0.1223327736697551,-3.3308556058763434,-15.036393084409905,-0.8957716160225857,-0.26619417486253916,-0.05867764093696652,-0.038335439246991454,-0.3853008548406214,0.125304466237387,0.13543946146609817,0.05617030798833718,-0.048355965496626574,-0.026537823392243125,0.024831385643994185,0.06756228022317164,-0.4725460539525621,-0.1773937242700495,0.03390977363006124,1.5016334203036688,0.012855354131295904,-inf,,,0.026297793433201155,-0.02315825729171191,0.2107715714505911,0.09631436012368384,-0.21999156572408096,0.3994771130147073,-0.7676366445984432,0.5624590261407513,-25.365301416492805,-8.826283192766345,-5.382599889120665,-2.6410681153962443,-1.137008452892786,-1.0316303693998816,-1.3768735513486727,-0.6789572749079958,-0.1561665271488908,0.16271472304087328,54.297692109366835,27.82038543863477,-0.35051016798550505,-0.02458568520492514,0.023645826566768703,0.046493979609869396,-0.052871935011483684,-0.02875405009714993,-0.07268901912474472,0.05659049555449382,-0.271005396660597,34.99571533857647,20.20272716674173,10.63114718481794,-0.9012823723665916,-0.2889423014556825,-0.16092392239366524,0.03314835233301011,-0.23705326624971157,-0.08458722381839905,-0.13865668954359375,0.11003164798779004,-0.0876903725413739,-0.09796978168672643,0.17401303240385163,0.18624711376781614,,,,,-0.08110848259547143,-0.12668397652534943,0.5893568805350929,0.3890084347908724,0.0006448792132707215,-0.03860011055392495,0.009975722449323387,0.0020090195318216097,-0.7317117710759675,-0.25317048493196054,-0.2733753442400064,0.17039661282700505,-0.7534722222222222,-0.4652277786926336,-0.17598583928024253,0.4312647650920849,-0.7317117710759675,-0.37254820075067413,-0.3838822735411337,0.15613219406922008,0.03383458646616533,-0.05870945413938348,1.0687687691633294,0.5636086975408554,0.03383458646616533,-0.04360200321222204,2.6598675435527945,1.2774524451207323,-0.031761308950914335,-0.24425246211979176,0.08294612840844202,inf,0.031087906361675355,-0.08213608297472645,-0.04424121360527047,0.044786523510061724,-0.7839096060654647,-0.372229463763933,-0.2612207344142176,0.22418395452945256,-0.723056900261257,-0.3283097629010916,-0.22624791917317344,0.15443941444150697,-0.7195033504559332,-0.34958305599196643,-0.33546839199369405,0.13289645246055018,-0.05985388899721211,0.027064904904645304,-0.03377493870968047,-0.0431333117980246,-0.01770612459701404,0.04446178014243052,-0.0332369323694399,-0.04412735914589222,-0.22989158215497063,-0.5223461784749216,,,-1.1512928681483154,-1.002608746230756,-1.2916215850459154,-0.5831525068760856,-0.7144473191090669,-0.3969104879633827,-0.2588207337763329,0.20771802342314105,0.10165155118143665,-0.1462111234232848,-0.14934313678583225,inf,-0.05053371138359741,-0.03357878451959062,0.05945884678803355,0.08502392164799612,0.04550486865933734,-0.02063505205714881,0.0033121771760367346,-0.011635887722851224,0.17628585427777677,0.05382629764865465,0.17052745825798798,0.03577927582796805,0.0006448792132707215,-0.03860011055392495,0.009975722449323387,0.0020090195318216097,-0.0838988715197565,-0.03414671267856195,0.012004618653104515,0.0026698659162193938,0.1258143810304797,0.03373191871341256,0.1830804281313165,0.04627262503623506,0.04483107881522996,0.0181441571292682,-0.00405206667580571,0.008833046157875135,-0.042907489760034334,-0.017485778088545605,0.00522470618188835,-0.0024644387365473806,0.09863118652169578,0.01313466769089544,-0.23184339567264972,-1.2340903436920543,-1.47443094036461,2.2261962617320705,-1.0774725171906252,-0.3356739845115482,-0.7317117710759675,-0.3221659029855343,-0.32138813958886636,0.14493788215136674,-1.1552638646434805,-1.0382664705484281,-1.310966051979432,-0.622726523719842,-0.8808779054770326,-0.1633047031218553,-0.30068327414136753,-0.04756167760182791,-1.3860553988092958,1.9246955900658156,-1.1154999559835606,-0.3682145805862846,0.05083347415087025,inf,,,-0.052888726029070465,-0.023939445104201724,0.04830052443877766,0.1200227305655964,68.33333333333333,inf,,,-1.1257107255164565,-0.5284202318870089,-2.544551335613384,-1.7277476983032543,0.13146591929800322,1.128051768407533,-0.013984550900657578,-0.7708540368175048,-0.06186240032325896,40.75913675529104,23.181562361755553,11.130332708726346,-0.11897991424057774,-0.1122734170458111,0.5765702595745812,0.3966578152057985,0.06483111434183098,47.793418615502326,28.07047492177527,13.530179314485142,-0.11897991424057774,-0.1122734170458111,0.5765702595745812,0.3966578152057985,-0.1559577199005675,0.5591046364537533,-0.21898355855537205,0.824944804898171,-1.1482559955648068,-1.0417669458097973,-1.3209100809071064,-0.6522651444506065,0.08470721795930136,0.09613738013446323,-0.06368481039017108,-0.032883014062690265,0.038271013103228,-0.032780831595517,-0.022677871977867324,0.03182639573998047,-0.9816664161437,31.554682623190192,,,2.867095096224637,1.2170939374960912,0.7023224506136362,0.2669865931212674,0.05567863532539774,0.06872636739858147,-0.0847398300016792,-0.027514323553498886,0.0012445583590492415,0.08480275363584606,-0.015383180332328172,0.004194770129335401,-3.5546458399997394,-1.4449260395557468,-1.0633184314582294,-0.5291860307070367,-27.365541267482968,-9.455431390243767,-5.8319154328355225,-2.869211081880512,-3.5546458399997394,-1.4449260395557468,-1.0633184314582294,-0.5291860307070367,-0.15391922127177726,0.541706983568014,-0.25202864694094884,0.806165828019626,-0.19754578023386526,0.501186223461412,-0.5442476888127924,0.673910768692171,0.06740285371752108,46.988482095273376,27.563347977441158,13.271717512394488,0.3569066850614999,1.2951338876689285,0.4807684805947064,0.2934093105731491,-1.1422374016120964,-1.0360687628348308,-1.3225906683625415,-0.6617026357381683,-0.19045735500905403,-0.26034368612844355,21.77589486212302,10.120411051787794,0.03225515315371963,0.06707453361932829,-0.06584682680762186,0.012759040359257078,-0.012036324259966258,0.04883102226830116,-0.0683672372992045,0.005833327581715053,-0.12622816321312869,0.032686625537010815,-0.11545989564620263,0.018038230318726624,-0.21801554254013422,-0.07224353237546703,-0.11439781219242498,0.05786910567896849,0.4603193104373404,1.4914744223426828,1.2861677344458575,0.7290098236350562,0.10563431340186735,0.20690242177279994,0.011562898017128686,-0.05525137992875101,58.165039768618946,inf,,,0.0,0.0,0.0,0.0,8.453900709219857,2.6508023979192057,1.0346184635421758,1.0020864412085626,-1.4310917393109173,0.2986656528874018,-0.07892214297688276,-0.15976643296245652
2011,7622000000,2659000000,4963000000,0.6511,895000000.0,2659000000,-309000000,3245000000,5904000000,0.0,281000000.0,717000000,1640000000.0,0.2152,904000000,0.1186,-262000000,642000000,0.0842,201000000,441000000,0.0579,0.29,0.29,1509300000,1519000000,267000000,0.0,267000000,1246000000,931000000,661000000,3105000000,1670000000,9761000000.0,6473000000,16234000000,0.0,0.0,281000000,18185000000,0.0,21290000000,203000000,4000000,0.0,458000000.0,1142000000,1807000000,4257000000,0.0,1865000000.0,2008000000.0,8130000000,0.0,0.0,9937000000,0.0,15000000.0,-4381000000,-138000000,15857000000,11353000000,21290000000,0.0,21290000000,441000000,717000000,46000000.0,128000000.0,292000000,42000000.0,-54000000,0.0,1298000000.0,-616000000,1008000000,-304000000,1063000000.0,-11000000.0,5000000.0,16000000.0,769000000,-1815000000.0,21000000.0,-492000000.0,0.0,565000000,-1721000000,-2000000.0,54000000.0,267000000.0,213000000,704000000,7.09,6.945,6.945,390610300.0,0,0,6.945,0.3130841121495327,458000000.0,-281000000.0,510976635.51401865,5056000000,1587000000,923000000.0,1712000000,11353000000.0,-4881000000,-4881000000.0,0.09236420886906324,0.5357646584726979,0.11742324849120965,-0.04054054054054054,-0.03686696405143007,0.0940697979532931,0.12109682498032012,0.20821306743636842,0.22461296247704016,3.5896017699115044,0.4257412752558384,5.050023189558074,0.5989531570926919,0.4664413966739548,-0.2014178758364805,7.522030080169615,0.0,4261000000,0.37531929886373644,0.06266134710161934,267000000.0,0.06266134710161934,3994000000,3994000000.0,1298000000,1.7183176535694522,0.12451577199778639,0.08599033816425121,0.012541099107562235,0.15916497841980093,0.08487552841709722,3.284697508896797,0.9474266740453791,0.14775871610403984,0.060967590418036635,0.3818694222639737,0.20014091122592767,0.18759981211836543,0.37531929886373644,0.8752752576411521,0.3518012860036995,0.5332550493189291,1.8752752576411522,-2.0358533087482074,2.4353658536585368,0.06266134710161934,0.1722853980074469,0.165374677002584,6.059146341463415,0.06594696080732222,7580000000.0,0.09170305676855896,3.8820861678004537,0.03884435831938694,620971962.6168225,19483000000,0.031872502315702024,19483000000,0.047374634296566236,0.0878714776985064,0.3580084546735557,2.8560687432867886,181.47619047619048,28.54681647940075,0.2331141380930014,0.9816060126582279,0.026226794411231262,0.08145562798337012,0.026226794411231262,0.043353687177078444,0.18255537974683544,0.029167306839681658,-0.09035033804548248,0.15079714612877654,-0.10066194932663776,0.04203851573508689,0.07883378842596671,0.014279004227336778,0.18203592814371258,-0.20577736026303428,0.043729450446218884,0.001972757162987318,1.0,0.6690340909090909,0.2871951219512195,-0.023571611580835206,-0.01769413130345891,-0.004256925796711797,0.12448595256944239,0.023085802231627595,0.0251172524054315,0.038149584239149006,0.14901116646520263,-0.046859996159016704,-0.037824073834690365,-0.02283932020628863,0.11933155927530396,-0.023984410133413347,-0.02069297536939015,-0.019221683364759358,-0.008872775253683452,-0.04685835995740151,-0.036928315124149104,-0.021270769936666302,0.17768942667024437,-0.03833634719710666,0.08946387381500993,0.06312965001676671,0.1638985554425557,-2.1660377358490566,-0.6215188745840402,-0.27511475438873045,1.7105892919957324,-0.18241370622323005,0.0012097104123432272,0.00216337985020032,0.1498385821210589,-0.10109622411693053,-0.00012146488621345153,0.005575808554147343,0.14210982664741903,,,,,-0.28498727735368956,-0.1499090640312014,,,-0.12132352941176472,-0.05920949514897885,-0.011039190480754968,0.21700693777913288,10.232876712328768,2.049874483579906,0.42521684504794155,0.07742297250958463,10.508021390374331,2.107334543859744,0.44736383127204926,0.004927114933959131,-2.3780487804878048,-1.0167493621021964,20.49089985713678,10.367202606942573,-2.4119047619047618,-1.019572257807552,20.98915826292353,10.514040097053144,-0.35626535626535627,-0.19536710849324504,-0.1382509203245545,0.5716026484551756,-1.6039510818438383,-0.7157474083622913,-0.08337207589414564,0.6267541121309697,-1.6182085168869311,-0.7107942698995456,-0.05537465558130068,0.4972036785711479,99.5,13.63097762073027,7.412692106543697,3.776214134878044,-1.4140845070422534,-0.6238740009498105,0.07597868621069556,-1.426139331751833,-1.4244868035190617,-0.6133241998648303,0.11228281141330858,-1.3501065681191151,-1.4142857142857141,-0.6307067754638087,0.08142711556933686,-1.1948209520606399,-1.4142857142857141,-0.6307067754638087,0.08142711556933686,-1.185670756202731,-0.005600210831466557,0.002412716961675295,0.03662206927352032,0.07434259349548865,0.0007906179997365648,0.004542993238743002,0.03790023503976094,0.073154807531386,0.2535211267605635,-0.32448095625687223,-0.19455479647842322,0.4874578634616794,,,,,0.2535211267605635,-0.3357875753401272,-0.24689633377321063,0.5074931452120097,-0.05606060606060603,-0.038439602876122136,-0.025424284773594395,0.1543431167654156,0.04138702460850108,0.030557487398171546,0.047236292540187394,0.12845883947884476,-0.44360269360269355,-0.16714763259478704,0.47937487767555054,0.34911573787705,-0.1410788381742739,-0.16867991146560954,-0.075425707139164,0.17985035314450537,-0.015910430170889778,-0.01128341499523485,-0.006534091727245994,0.12942012751175241,-0.041723934812487706,-0.07396862357213685,-0.07340290245564843,,0.020495033895632897,-0.03598864402805102,-0.06285394865685745,0.23569287040823994,-0.01784741968661141,-0.060329694527048616,-0.07050918974692684,0.5872839276250591,,,,,,,,,-0.020905923344947785,0.17042382789410904,0.06531699662090198,0.15806108893964707,-0.017717279749365322,-0.05577262331574406,-0.06887866098428208,0.42671275440009016,,,,,-0.03787057122198123,-0.07708921627067122,-0.07161925051360563,0.3432784378863895,0.1032608695652173,-0.04726177114332234,0.04075305462556276,1.0358655502994059,-0.9920634920634921,55.5026455026455,40.217435515873014,20.503320486157033,,,,,0.06759906759906764,-0.18483982781458083,-0.00963500413411389,,-0.23458445040214482,-0.16434001530671052,-0.06795168843724578,-3.2555858702265668,-0.3073974702951322,-0.16977546372362373,-0.05576314310694406,0.15718028480105423,-0.13721118767734086,-0.14195157711971929,-0.13680233611511364,0.46456830472455685,,,,,0.1344282238442822,-0.05328643643740549,-0.06981784692595358,inf,0.22066869300911862,0.0709336303856974,0.12740151501768013,0.6016426021580745,-0.01130974097044879,-0.0862125625399774,-0.08952240871271895,0.5585899385781785,,,,,,,,,-0.08262555391432791,-0.10645039057110624,-0.08656870470490004,0.3764671552078839,,,,,0.0,0.0,0.0,0.1875,-0.09145582745748648,0.18906601435101378,1.2984473212045278,0.6782240624039729,0.06976744186046502,0.6270293988591488,3.391602254700105,1.5495629137049713,-0.02310251355347459,-0.0017067088701128903,0.005221792968365646,1.5318881482008897,0.005046033994334342,-0.04764051002500658,-0.05668736048337046,0.31851777162614836,-0.03787057122198123,-0.07708921627067122,-0.07161925051360563,0.3432784378863895,,,,,-0.03787057122198123,-0.07708921627067122,-0.07161925051360563,0.3432784378863895,-1.4140845070422534,-0.6238740009498105,0.07597868621069556,-1.426139331751833,-0.12132352941176472,-0.05920949514897885,-0.011039190480754968,0.21700693777913288,-1.4181818181818182,-0.5026050172382508,-0.34469649171477384,-9.202620091987933,-0.1466666666666666,-0.02050724637681156,,,-9.848484848484848,-3.069966425921128,-2.3964874516205947,0.8647105016850458,-0.1923076923076923,16.606036324786324,,,9.8,2.873671497584542,2.237410445720536,1.4329206069465559,,,,,0.2902584493041749,-0.09109130923180335,-0.05327301506405635,0.31284480133716835,-2.0864197530864197,-1.039819408005337,0.27588878487247337,0.03281316805006185,2.1015384615384614,0.39247921666787877,0.19711958143901467,0.3055983128031106,0.09352517985611519,-0.046173006346304134,-0.015351542188658706,0.18215111714526672,-6.037914691943128,-2.874193971424575,-2.5287310687885958,-inf,-2.833333333333333,inf,inf,,0.25,inf,inf,inf,-17.0,-6.425263674270297,-5.598137447541421,-7.062677494390718,-2.6020833333333333,-2.148105951509868,-1.8153920192942805,1.3947899410826112,0.0676470588235294,0.2172910368929438,,,-0.32258064516129037,-0.3061326577909949,-0.4590164584580627,1.5850051765382125,-inf,,,,,,,,-0.5183290707587382,163.69216617181607,97.79241980135578,45.67520417845141,2.469758064516129,0.5606811735680081,0.31735187415676713,-1.83991037229853,-inf,-inf,-inf,-inf,-1.0829493087557605,-2.1187408606763447,-1.8903711762628035,-2.4108270026576397,0.2535211267605635,-0.32448095625687223,-0.19455479647842322,0.5205812172218257,-0.7534722222222222,-0.3655995687583273,0.03892094914188791,0.48599831603023347,13.97872340425532,4.210651107800709,2.5014458590016986,1.5312517129212746,0.10264385692068423,-0.14707768993831205,-0.16959025219289137,0.04501144517062713,0.08430913348946145,-0.1570803769688309,-0.157249909806899,0.04996842288185823,0.08430913348946145,-0.1570803769688309,-0.157249909806899,0.04996842288185823,-0.10791510343721111,0.19463779930008915,0.11153489637230155,0.24435717535367715,,,,,,,,,0.08430913348946145,-0.1570803769688309,-0.157249909806899,0.04996842288185823,-167.40420560747663,-85.7662271313754,-54.052743047070905,-26.56004699198604,0.06759906759906764,-0.18483982781458083,-0.00963500413411389,,-0.28498727735368956,-0.1499090640312014,,,-2.473661807217356,-2.108015002239282,-1.4540803015238963,-0.4465113673415228,-0.09698160385783172,-0.12063307822485496,-0.0705551418245911,0.1467523037161927,-0.023985239852398532,-8.42964010159582,-5.07928498068482,-2.3887509217455998,-2.3776119402985074,-1.0191794013572268,-0.42993039295648483,0.45347495359979995,12.696,3.8123227298422324,1.473962412642303,0.7016054784838072,0.005046033994334342,-0.04764051002500658,-0.05668736048337046,0.31851777162614836,-0.06726543091916681,-0.08289762036259322,-0.09567980723385146,-1.7431196275018237,-0.06726543091916681,-0.08289762036259322,-0.09567980723385146,-1.7431196275018237,14.340319455998035,4.32969240641166,2.5794081959231288,1.3863766377980133,0.00894270403882036,0.11681331008825446,0.07996685917947977,0.053023978364041914,-0.023848905513969676,-0.020239204924247467,-0.018108029250175916,0.05741264523190333,-2.1941866394696583,-0.6328039836685105,-0.31042355356400037,1.2737350688039817,-0.26772640868838904,-0.1332900314063514,,,-0.10011171222621829,-0.04160162253566657,-0.008878997140656675,0.07782350134834073,-2.4108683817856402,-1.0213733186641334,-0.4123597952980814,0.32133438325356406,-0.00042361352503572647,-8.800491932035229,-5.307901600155516,-2.6422382314014485,13.026630280766202,3.915505632520299,1.546334791445633,0.6360647133869405,-1.593292708758364,-0.03724876274690595,54.258898284872124,27.651001083915844,-0.16267664533961335,0.009086534573598315,-0.004350066482822501,0.020914846664193132,-0.018072611182264442,-0.020047463310339204,-0.037909977382572714,0.06154903957433129,-2.385809606456231,-1.0221660306315563,20.321080138794066,10.399961990086476,14.063079827058054,4.237402975131801,2.5042559383718777,1.4375328357676218,0.09968364008852548,-0.04786782043204729,-0.04854648467156055,0.12550939536460756,0.010706201813158733,-0.04969059944255346,-0.08766780828967927,0.17568057240133145,,,,,-0.21643986759838174,-0.1400525634819639,-0.13531723159844475,0.402106232068593,-0.22037388746510356,-0.09335669129843512,-0.08080420902098553,0.02182942700275372,0.5997765518244413,-0.17728369035143932,-0.0426876565844521,0.2010802032612477,0.2535211267605635,-0.3457255303029667,-0.28255831598934156,0.47969380084506436,0.5997765518244413,-0.20149704823263356,-0.14499851318339524,0.1982349184270931,-0.23559808612440192,-0.06304692625354029,-0.08891353315533182,0.5755488889284153,-0.23559808612440192,-0.055227712951542864,-0.07126162021146551,1.2893926365082922,0.2902584493041749,-0.09109130923180335,-0.05327301506405635,0.31284480133716835,0.24013575606160464,0.022698443936623902,-0.005724795058318443,0.04767677799290108,1.0177742182746874,-0.05618627470761065,-0.07889517549993592,0.3172731895437345,0.4594134857453902,-0.20077682969343283,-0.17575178622364768,0.21857245036095913,0.3028612255968879,-0.29522239900583025,-0.19341143310456121,0.18300480123289412,-0.310874819382878,-0.12321837902514347,0.004502776490522953,-0.043386009210797126,-0.2801358019112582,-0.09675468841299806,0.01699805636866649,-0.053055892655867375,-2.926695702979763,-1.164578079468176,,,18.77468954067515,5.851945519270839,2.7458357500109036,1.2884919469438705,0.8098708465513613,-0.1258649792263112,-0.1497119440711822,0.28961616283548575,0.34104457333033267,-0.0175288913021151,0.01494746845136885,0.08834996161588428,0.027606296468102753,-0.011061991096592783,-0.020087763492543886,0.09932612218188332,-0.18559799860107995,-0.06477631194666204,-0.06611514032393254,0.0017849522134106843,-0.2055103076449396,0.020770067389751734,-0.016000759915861917,0.047999181742785446,-0.22037388746510356,-0.09335669129843512,-0.08080420902098553,0.02182942700275372,-0.08723141522207767,-0.06122512940531625,-0.03139735856730415,0.022014556647890392,-0.23943591833535127,-0.009711048025418964,-0.03164094415985948,0.06486236653603328,0.04460585440237819,0.03197808261722601,0.016540879978645284,-0.003694297614222275,-0.042701133843345396,-0.030687998551385227,-0.015710662973900936,0.007786543625245723,-0.016467839302126253,-0.01403122562612169,0.017821663743978932,-1.1351254917833582,-0.9319495857159529,2.3860486898509237,-0.4904317750970669,-0.39628419732043146,0.5997765518244413,-0.1901703320744124,-0.1034658459166107,0.1870406065092398,13.929563449733319,4.239866464364855,1.7113014990568818,0.7684759802190417,16.360822475122326,5.03711345271597,3.0593203243820044,1.5674810899196676,-0.9183312993118853,2.1049632125692432,-0.7459550738975329,-0.44443272286858726,-0.08748200287476271,-0.015153879457811104,,,-0.02244003095176683,-0.015345106572189274,-0.005144986128465745,0.12404192240356542,-0.24344978165938858,22.368824577442208,,,-34.075374149659865,-11.48994001592465,-9.185388456532817,-5.11699653106963,-1.4120055132167089,-0.5804575192160782,0.22247526911938528,-0.9016304951437795,-1.9448259422044005,-0.8474447455421701,23.867333158855903,10.936028086506928,-0.00184435678057282,-0.06468982714285991,-0.07137937700410288,0.3928579643509434,-1.9465717582450184,-0.7935622464455313,28.08756827106354,13.33918316455273,-0.00184435678057282,-0.06468982714285991,-0.07137937700410288,0.3928579643509434,-2.3801574430368304,-0.9713666656676215,-0.30777850459000505,0.5964287794993635,12.721306985577172,3.837840194220425,1.4579765473326969,0.640580140369641,0.014861783886297664,0.06532534667178573,0.07366959855222252,-0.029099744252643424,-0.01757389130496767,-0.003982557888496774,-0.003923805006063663,0.042500896126118994,0.2089113380427754,31.95765306920445,,,-0.22105151036223936,1.1926362217424924,0.7315438249730813,0.23378596941321614,-0.009343259511823465,0.043417020346751954,0.05295913479727625,-0.03160631458452666,0.05550452561425345,0.10020924349904965,0.058608809281163785,0.005702587641062085,-2.4763847875109364,-2.1996937704759367,-1.4848916284899747,-0.7757219099189642,-0.02218179421439037,-9.47565355484562,-5.673131424014679,-2.862915577392605,-2.4763847875109364,-2.1996937704759367,-1.4848916284899747,-0.7757219099189642,-2.431836402767749,-0.9881259695092223,-0.3292549507949937,0.5652423428643638,-2.5255635391082563,-1.0033431449099197,-0.374861610741556,0.42277607838108267,-1.9820154273883972,-0.8046907188738447,27.597499823063806,13.069470365917002,-1.4439467783962534,-0.5362898839238742,0.3172457272105272,0.24977629245744765,12.62723650136528,3.8061466752476765,1.4439295712814324,0.6278272707773388,-1.4557670607070867,-0.7600454442850761,-0.6404104645070093,10.007087579735384,-0.009341558907345338,0.04397178033485819,0.05414384838105089,0.006535594728491545,-0.05164379759348259,0.012720868674822286,0.03832014523834624,0.010668816655903435,0.1365676458363605,0.02942258349558602,0.059139458064419094,0.032675444274991784,0.11120492827295059,-0.035603538089061214,-0.009306305100986645,0.0677903039736357,-0.05569443635412219,0.29565784020969005,1.4777186614065454,0.6687569834428887,0.0823772701050689,0.11686904539502178,0.13358161180601058,-0.04514613030371247,-0.16051595187339673,19.00525074540082,,,0.0,0.0,0.0,0.0,-2.0143420087976542,2.092911094266731,1.0121627113837088,0.9332939011792458,-2.3525963808025177,0.02179213878637709,-0.5606938020349898,-0.26006538406839147
2012,7249000000,2349000000,4900000000,0.676,886000000.0,2535000000,548000000,3969000000,6318000000,5000000.0,261000000.0,683000000,-3163000000.0,-0.4363,-3868000000,-0.5336,-239000000,-4107000000,-0.5666,-39000000,-4068000000,-0.5612,-2.89,-2.89,1406700000,1406700000,207000000,0.0,207000000,1217000000,884000000,714000000,3022000000,1564000000,5973000000.0,6289000000,12262000000,0.0,0.0,306000000,14132000000,0.0,17154000000,232000000,4000000,0.0,433000000.0,1103000000,1772000000,4252000000,0.0,1713000000.0,2547000000.0,8512000000,0.0,0.0,10284000000,0.0,15000000.0,-8449000000,-33000000,15337000000,6870000000,17154000000,0.0,17154000000,-4068000000,683000000,-166000000.0,108000000.0,-48000000,37000000.0,66000000,0.0,1250000000.0,4751000000,1260000000,-226000000,-356000000.0,-22000000.0,9000000.0,16000000.0,-579000000,-390000000.0,21000000.0,-600000000.0,0.0,225000000,-744000000,3000000.0,-60000000.0,207000000.0,267000000,1034000000,5.7,5.735,5.735,295852450.0,0,0,5.735,0.009495982468955442,433000000.0,-256000000.0,775478451.4243973,4892000000,1682000000,-3846000000.0,-3194000000,6870000000.0,-5392000000,-5392000000.0,0.1426403641881639,0.5173469387755102,0.12222375500068976,0.0755966340184853,-0.03531521589184715,0.09421989239895158,-0.5305559387501725,0.232032004414402,-0.4406124982756242,-1.0261116856256463,0.5475237963857084,5.153195421909434,-2.749697874457951,0.7350536717139404,-0.16065970000710883,4.883770526764769,0.0,4256000000,0.619505094614265,0.048637218045112784,207000000.0,0.048637218045112784,4049000000,4049000000.0,1250000000,1.7054176072234764,0.09593679458239278,0.0684976836532098,0.012067156348373556,0.25793304221251817,0.10329952197738138,-14.735632183908047,-1.8024830699774266,0.11681715575620767,0.07286930162061327,0.4962107963157281,0.24810539815786406,0.23603824180949048,0.619505094614265,1.496943231441048,0.5893740902474527,0.40048968170689053,2.496943231441048,-1.9072700296735905,-1.2801138159974708,0.048637218045112784,-0.3105795410346169,0.2431796801505174,-3.251343661081252,0.06132518796992481,7212000000.0,0.08545034642032333,0.7851524090462143,-0.5921397379912664,-3831269539.8100805,15382000000,-0.24907486281433366,15382000000,-0.2500325055259394,-0.20764529970094917,0.4225836539582605,2.6572398190045248,195.9189189189189,35.01932367149758,0.28564766235280403,1.0016353229762878,0.05041466983645802,0.10934858926017423,0.05041466983645802,-0.2242042672263029,-0.786181520850368,-0.22334554854903116,0.7544510385756676,-0.46491994177583695,0.4814770978814061,0.05164976098869069,0.12896652110625909,0.013174769733006879,0.1445012787723785,-0.4925381835140492,0.0515331701060977,0.0021569313279701527,1.0,0.5599613152804642,-0.1830540625987986,-0.048937286801364444,-0.03972084595153277,-0.027751070281393342,0.11925438605146813,-0.1165851823993983,-0.028190269579733102,0.0025987462187165413,0.11349820078590969,-0.012693935119887145,-0.04390690557954432,-0.03966382151598034,0.12680306066445987,0.03824297342958083,-0.004147058027821597,-0.012130346968060235,0.004002111139863684,-0.010055865921787754,-0.04988928302253167,-0.03975019708927781,0.13849288530419626,-0.0466340729597593,-0.17154404544282773,0.03630750832201113,0.14839316429421529,-2.773462783171521,-1.8122180730701103,-1.0944590850046378,1.4581048921316189,0.22311248073959944,-0.11337081931097619,-0.012800082597739371,0.16212577245644627,0.07012195121951215,-0.10001983886995332,-0.024272902991154855,0.1339385124682139,inf,,,,-0.07117437722419928,-0.1301865629919744,inf,,-0.04741980474198049,-0.06344202265556494,-0.060984098932352106,0.18408816172482437,-2.928658536585366,1.3750378993771537,0.06635514499303233,-0.15442593199640972,-3.0274163568773234,1.40003907620632,0.06704386577559625,-0.23667832812773848,-5.278761061946903,-2.641009693936103,19.6341981703493,9.92451168593307,-5.499156829679595,-2.7139436074511956,20.08842527937955,10.049365140209888,-0.08778625954198471,-0.15365327612257582,-0.14522796745479444,0.6249861846631393,-7.397196261682243,-3.062818737342537,-1.3950036903239464,-0.02131466014731185,-7.729216152019003,-3.1648585256194486,-1.4313506293479332,-0.18405969598363434,-1.1940298507462686,32.43296767048152,7.726267088775397,3.6931747861670545,-10.224489795918368,-3.8665166375722393,-1.796596097127297,-2.3341110995474237,-10.692573402417963,-4.009201112309147,-1.8521173085105989,-2.3049353369323393,-10.965517241379311,-4.116797063653048,-1.935163877190511,-2.176155284894223,-10.965517241379311,-4.116797063653048,-1.935163877190511,-2.1670050890363144,-0.06797853309481217,-0.022337773938686373,-0.010587783214436897,0.06509062587971946,-0.0739302172481896,-0.022191392379411146,-0.01049995427887176,0.0644213032318594,-0.2247191011235955,-0.24155673219508475,-0.2135993361276028,0.23165262001598652,,,,,-0.2247191011235955,-0.24155673219508475,-0.24811223880358346,0.2766879017663168,-0.0232744783306581,-0.03977836146375472,-0.0410342366195013,0.149522594140106,-0.050483351235230955,-0.012452398730649072,0.04354816701944295,0.13781728401633858,0.08018154311649006,-0.015449326584832038,-0.1343301930114963,0.3428481779029847,-0.026731078904991934,-0.09254502776482791,-0.12239608125519605,0.1656853097701352,-0.06347305389221558,-0.03244109962597338,-0.020271576202096984,0.1186636510466931,-0.388074992316361,-0.20287073772187036,-0.15751229523119842,,-0.02842576857716672,-0.02185815753683969,-0.04535970627992845,0.2641489171292187,-0.24467167672785517,-0.13290310791552684,-0.114628835635737,0.5392979089648409,,,,,,,,,0.08896797153024916,0.06748313332131912,0.15062113945015856,0.15934367289470247,-0.22287599670057745,-0.12128824312554447,-0.10643725410183602,0.38664281386760946,,,,,-0.19426961014560828,-0.11774759166821307,-0.11112277377761279,0.30788999452575333,0.1428571428571428,0.03801418024141564,0.1440992579717661,1.0695542496597472,0.0,55.335978835978835,33.1031498015873,20.51447433231088,,,,,-0.05458515283842791,-0.07899536174645343,-0.05348513933301731,,-0.03415061295971977,-0.20039118070302273,-0.11416574942302911,-3.2699765412786364,-0.019369120088544522,-0.1544770170019271,-0.10678525609803699,0.15377817132699828,-0.0011745360582570141,-0.10141175293863407,-0.11540711404064925,0.39493865599677996,,,,,-0.08150134048257374,-0.023424372212763833,-0.05019857479258327,1.175775981837226,0.2684262948207172,0.09536370395361453,0.027426599367988767,0.615353918508833,0.04698646986469868,-0.04327993753724583,-0.07529522409579378,0.495680858967323,,,,,,,,,0.03491999597464024,-0.06881683659602926,-0.08340797427817048,0.3486588867088332,,,,,0.0,0.0,0.0,0.1875,0.9285551244008217,0.3735233837828152,0.887606621946761,0.7786960622992523,-0.7608695652173914,0.43629929221435787,0.8394283416566264,1.4526759571832322,-0.032793088226020006,-0.015606462145653569,-0.005606458523390301,1.5081886713110608,-0.3948736016911829,-0.15717608081291315,-0.1330342863386681,0.2748960445319654,-0.19426961014560828,-0.11774759166821307,-0.11112277377761279,0.30788999452575333,,,,,-0.19426961014560828,-0.11774759166821307,-0.11112277377761279,0.30788999452575333,-10.224489795918368,-3.8665166375722393,-1.796596097127297,-2.3341110995474237,-0.04741980474198049,-0.06344202265556494,-0.060984098932352106,0.18408816172482437,-4.608695652173913,-1.7693758234519104,-1.2502451459590802,-9.963489657205324,-0.15625,-0.08708333333333329,inf,,-1.1643835616438356,-3.9949674361445897,-2.5008565678814443,0.7893126079484076,-0.11904761904761907,16.896214896214897,inf,,-2.2222222222222223,2.210708534621578,1.8797584541062804,0.9573650513910001,,,,,-0.036979969183358996,0.07383905705663385,-0.09589578124771188,0.2501872668465781,-8.712662337662337,-3.8441280220965592,-1.2907938602348292,-2.758453065716172,0.25,0.5802533394748963,0.34587296897289,0.364292494129227,-0.256578947368421,-0.1316993221357778,-0.07957055746879452,0.09728269609263515,-1.3349012229539041,-2.6574788027518887,-2.601458313269281,8.651257217170869,1.0,-0.9044444444444443,inf,,0.8,0.03131868131868132,inf,inf,0.0,-5.992592592592593,-4.38702633643031,-6.951807929173327,-1.752925877763329,-1.5832376226984672,-1.9761576072180802,0.5718338019044092,-0.7851239669421488,-0.3719023322047315,-inf,,0.0,-0.12772890192245032,-0.2761038370988394,1.5401775903313157,0.2195121951219512,,,,,,,,-0.6017699115044248,-0.5084237986854222,97.89388189100151,45.803791232244784,-0.5676932016269611,0.5023143038898853,0.4199288873448245,-1.7281843946555835,-2.5,-inf,-inf,-inf,-2.111111111111111,-1.1187408606763445,-2.068466738628029,-1.261938113768751,-0.2247191011235955,-0.24155673219508475,-0.2135993361276028,0.2647759737761327,0.2535211267605635,-0.32448095625687223,-0.19455479647842322,0.5269754287062899,0.46875,4.51561305159462,2.7192650079378686,1.6224706043239894,-0.19605077574047947,-0.11495403308739005,-0.16531987428637526,0.035869144256538935,-0.17422606191504675,-0.12435768533790725,-0.15668206615293548,0.03281448944693608,-0.17422606191504675,-0.12435768533790725,-0.15668206615293548,0.03281448944693608,-0.24258922511771963,0.00041433058618160307,0.0704057115462946,0.23316273832647835,,,,,,,,,-0.17422606191504675,-0.12435768533790725,-0.15668206615293548,0.03281448944693608,-0.969669548531993,-56.460857042048154,-51.85745610147561,-27.31920402948387,-0.05458515283842791,-0.07899536174645343,-0.05348513933301731,,-0.08896797153024916,-0.136117761093991,-inf,,0.5176397461780267,-1.7355721193602835,-1.226483203352121,-0.3504035013210052,-0.032436708860759444,-0.0675794684677109,-0.09500495008467864,0.13473870116724657,0.05986137366099564,-8.064231764920944,-5.068146811606004,-2.3469524274000957,-5.1668472372697725,-2.6002803251901665,-1.2954922025037916,0.02844108376276555,-2.865654205607477,2.8999097614885563,1.3572935330240157,0.4766400579230595,-0.3948736016911829,-0.15717608081291315,-0.1330342863386681,0.2748960445319654,0.1046916615447655,-0.06561453223610665,-0.06591441807673333,-1.6140898552867413,0.1046916615447655,-0.06561453223610665,-0.06591441807673333,-1.6140898552867413,0.5443250793212857,4.662957639765579,2.817212402146341,1.4853404314378982,-0.03437651104067052,-0.13691155394749052,0.07009591834206216,0.02812777938982406,0.040882078899728835,-0.010440930703622472,-0.012516059358194043,0.02377518775801988,-2.8647169724559705,-1.8438165552927304,-1.1182169569471554,1.0123782403196624,-0.042090478549256294,-0.09898717770211647,-inf,,0.0015955646650056554,-0.02407278470933716,-0.03359818388726967,0.050237833937020734,-5.381253916743028,-2.670704621417583,-1.3187381918969092,-0.12511204292773143,0.11439693613520596,-8.417109364627544,-5.2729752511377725,-2.5947700607983526,-2.961652138935051,2.975989896312788,1.3940174067263011,0.4016287924227284,-1.2858566914655114,-1.011771975790922,-0.47820104622025106,26.87975302503393,0.28604818984649283,-0.07571287449287518,0.009922897778420814,0.039866059283126996,0.02043005120544583,-0.016838164996100764,-0.01678094205365368,0.06565762935468122,-5.5908396038931265,-2.7492182023366514,19.402099361076004,9.926418078610645,0.5758757197696738,4.579224391487045,2.7544257284921363,1.5407974467057575,-0.2023562986160219,-0.113241974925736,-0.0712868659965387,0.04987685695150743,-0.35073770315810215,-0.14257395796210579,-0.12678816928102454,0.13896679706458717,,,,,-0.0011734334663224821,-0.09957392788672521,-0.1195330461281505,0.35762438032867533,0.6506081528175898,0.14362638152191898,0.06288678673814227,0.04825732727656871,-0.2238082917969081,-0.11858117034947808,-0.07670863895366971,0.04780236411477952,-0.2247191011235955,-0.24155673219508475,-0.2733762620881866,0.24888855739937138,-0.2238082917969081,-0.11858117034947808,-0.1483352684448978,0.062274355028133166,0.013770655983975866,-0.06266428122475358,-0.0795911585117153,0.545272207756787,0.013770655983975866,-0.06266428122475358,-0.07052668795541843,1.259115955336664,-0.036979969183358996,0.07383905705663385,-0.09589578124771188,0.2501872668465781,-0.007507369966885169,0.08790543081879827,-0.0027559725658919732,0.03704409736048413,-0.22952094306496118,0.0014478897147538472,-0.06568702321641458,0.06580123964157049,-0.2034258136958187,-0.1556897427372285,-0.14578832333074065,0.0216777291480982,-0.03779116607912725,-0.1514777636460575,-0.15673582169162775,0.013332797525501405,0.6205389198886104,0.08327007050284012,0.07817176304393367,0.021231076408255067,0.21707073763057538,-0.02692372962589895,0.014064055229321748,-0.018847874107013517,-5.48614587614102,-2.8809110537585845,-1.9959760229091095,,-2.9025040347250055,4.90696421260061,2.5728718534515758,1.060396056106749,-0.20940599081847466,-0.037994154458726746,-0.11805332163145228,0.0647946973276455,0.19521373767554429,0.21263662072910453,0.019524988147204513,0.07079173416046045,0.2994253202413102,0.09216596844193851,0.045259052630128215,0.08473124125960416,0.23965358525719926,0.03318681843848555,-0.001569913903065423,0.0012568104211162722,0.25820084329595705,0.07632546330959807,0.04283388571939628,0.06028695852812384,0.6506081528175898,0.14362638152191898,0.06288678673814227,0.04825732727656871,0.7102542524454281,0.17970798856786463,0.10411653983753291,0.06695262766575526,0.6753039675962269,0.18722747676378512,0.10741276108022266,0.10596596428821181,-0.2489716089544879,-0.05317822524562658,-0.02998665663286102,-0.0183922827301533,0.33150758602866204,0.08196632080842743,0.047269823583935965,0.02957974970222822,-0.0631594027536686,0.006334648155300308,-0.008044647796621706,-0.33402774272240093,-1.525635117234815,-1.3106718811051261,0.844200816449089,-0.7865681898887619,-0.2238082917969081,-0.11858117034947808,-0.11810588978581396,0.051080043110279826,-2.802703796297306,3.3238652629308443,1.6024120483581459,0.5589596587822667,0.4704771284101599,5.316807232685151,3.2682770988333845,1.6816957027248751,-1.536600946379516,-1.2803292148335659,0.663830904901209,-0.8349065487106418,-0.07008318170872019,-0.03557723681087088,inf,,-0.048548812664907626,-0.04129252321524831,-0.028561435785855925,0.11884920329923683,-0.06818431760695043,22.673899744688995,inf,,-0.7977498759407824,-11.9996115837057,-7.291676944252335,-4.831527074219265,-16.243905771915756,-5.841481788611488,-2.854351195981974,-2.4121186381786623,-7.169794725779282,-3.058827689435647,22.632557919577884,10.344737134523687,-0.21049119745419087,-0.11043848949178048,-0.1098311610744394,0.35129504092454267,-8.814725695121423,-3.56548877967487,26.523791678628108,12.579026427592591,-0.21049119745419087,-0.11043848949178048,-0.1098311610744394,0.35129504092454267,-6.277771728236054,-2.9379622970578176,-1.3961230523823254,0.06172364833817312,-3.3630568773794347,2.736664704210977,1.2465898541536689,0.3724108827939626,0.18037339186189505,0.09331413123583136,0.09672946323031648,0.002410727729149942,-0.06961629503828037,-0.016306391080006682,-0.03710653622595981,-0.009161968999923576,0.07958470146872121,-0.23105679221073447,18.990508781816413,,0.22673306485041378,0.9575922169042705,0.7313926733952896,0.3263579245469061,0.2253553760812408,0.09056358396493835,0.08443824375303235,0.012231449200301659,0.02040463287691119,0.025717905616737962,0.06606348387974056,0.023842009801219165,0.9222581702500645,-1.702924152420204,-1.1777809471856227,-0.6296784445394301,0.3424313576282132,-9.015097234689714,-5.6092089214634955,-2.781934093872135,0.9222581702500645,-1.702924152420204,-1.1777809471856227,-0.6296784445394301,-6.17151554631418,-2.9190903901179026,-1.3956461996755776,0.04089085775504788,-5.30653712829844,-2.676548815880187,-1.265708399404492,-0.015553603333190402,-8.657393594021272,-3.5240020558973826,26.06520745288209,12.325883638643209,-9.350284624235451,-3.4791082391900683,-1.3817659479249838,-0.6632518416846507,-4.083081833516984,2.4673057554120668,1.087189675868761,0.2826436531824643,-5.783109219542948,-2.4764445450863626,-1.603981467727073,9.544447432140558,0.22862950999913378,0.08384770141516935,0.08410231038995467,0.010228842152649941,0.6359295129825244,0.1907497970430252,0.14615575643878906,0.041557302699844624,-0.0773327381061959,-0.02233108516098803,0.03145895686823941,-0.012353872234221287,-0.20619363305963123,-0.1043347491089383,-0.06234386038261634,-0.0053161681516730955,1.39354894476469,0.5993912729493028,1.1624555550877234,0.8284444653649945,0.17845455591710002,0.1221553798080121,0.17630781826811376,-0.0011124427295401862,0.09335876124963227,19.365960859331725,inf,,0.0,0.0,0.0,0.0,-0.1630302208971406,2.0921761598416873,1.1550069928125644,1.0560910939258767,-1.6373856956730992,-1.8070246052621781,-0.6187970235626823,-0.2679805699907364
2013,7143000000,2174000000,4969000000,0.6956,861000000.0,2674000000,550000000,4085000000,6259000000,6000000.0,324000000.0,689000000,790000000.0,0.1106,120000000,0.0168,-343000000,-223000000,-0.0312,-102000000,-121000000,-0.0169,-0.09,-0.09,1341200000,1341200000,217000000,0.0,217000000,1307000000,897000000,590000000,3011000000,1546000000,5693000000.0,5950000000,11643000000,0.0,0.0,371000000,13560000000,0.0,16571000000,246000000,3000000,0.0,288000000.0,1287000000,1824000000,4237000000,0.0,1402000000.0,2569000000.0,8208000000,0.0,0.0,10032000000,0.0,16000000.0,-8570000000,106000000,14987000000,6539000000,16571000000,0.0,16571000000,-121000000,689000000,-223000000.0,105000000.0,-63000000,-101000000.0,-7000000,0.0,1187000000.0,695000000,1082000000,-245000000,-244000000.0,-44000000.0,5000000.0,53000000.0,-475000000,-1790000000.0,74000000.0,-500000000.0,0.0,1620000000,-596000000,-1000000.0,10000000.0,217000000.0,207000000,837000000,9.285,9.925,9.925,337273150.0,0,0,9.925,0.45739910313901344,288000000.0,-318000000.0,661197309.4170403,4928000000,1606000000,101000000.0,848000000,6539000000.0,-5104000000,-5104000000.0,0.11717765644687106,0.5381364459649829,0.12053758924821503,0.07699846003079938,-0.044519109617807646,0.09645807083858322,0.014139717205655888,0.2248355032899342,0.11871762564748704,34.041666666666664,0.5718885622287554,5.32582761705935,0.08947211452430659,0.6240679988070384,-0.1826722338204593,4.87548464062034,0.0,4240000000,0.6484171891726563,0.05117924528301887,217000000.0,0.05117924528301887,4023000000,4023000000.0,1187000000,1.6507675438596492,0.17434210526315788,0.07206908003985386,0.01309516625429968,0.27894173421012386,0.11007181220203971,0.3117283950617284,0.4649122807017544,0.11896929824561403,0.07163116287490194,0.49532315490917866,0.2558686862591274,0.24277352000482771,0.6484171891726563,1.5341795381556813,0.6152316868022634,0.3946050328887816,2.5341795381556813,-1.9655172413793103,5.092405063291139,0.05117924528301887,0.08452950558213716,0.19754543308945008,12.69873417721519,0.07641509433962264,7244000000.0,-0.3506944444444444,-7.008264462809917,-0.018504358464597033,65112107.62331839,14747000000,0.004415278200536949,14747000000,0.006848850613684139,0.0575032209941005,0.43105425140305353,2.423634336677815,-70.72277227722772,32.91705069124424,0.29986120330698207,1.0083198051948052,0.0448360554293782,0.10890350579778939,0.0448360554293782,0.006094985215134874,0.020495129870129872,0.003929280527627687,0.023706896551724137,0.12968343783453126,0.01411901983663944,0.05195824029931809,0.13167150940510783,0.01478486512582222,0.15847347994825356,-0.5171685474624343,0.05413071027698992,-0.006094985215134874,1.0,0.5089605734767025,0.5392405063291139,-0.014622706580217915,-0.029043868320805855,-0.023328477458391818,0.10858897285697044,-0.07449978714346528,-0.05599972243707866,-0.023146642465313817,0.11138010455252072,0.014081632653061282,-0.015157432875280855,-0.022416904794179394,0.11139252381574094,0.028994082840236635,0.014417548712134706,0.0010316260323294025,-7.805997263810038e-05,-0.028216704288939076,-0.028376976722709446,-0.02981150311663483,0.1109439421480296,0.05483234714003937,-0.010046024338942194,0.05531797912506198,0.14961000983027956,0.0036496350364962904,-1.6452836279946936,-0.9268739543774289,1.5518522085764448,0.029226505416981574,0.02330842664445032,0.05119362347872214,0.1663603763509141,-0.009338398227287104,-0.013437557041568496,0.012083831666716938,0.13592915976901201,0.19999999999999996,,,,0.24137931034482762,-0.038260781411020406,-0.055904451794595175,,0.008784773060029227,-0.05331952036457199,-0.04325270342577756,0.2155700873066893,-1.2497628833386025,2.018151764134933,0.3942404061631497,-0.43664859714186405,-1.2534953013981205,2.0757032440329626,0.4082183946607577,-0.4974586423914615,-1.031023784901758,-2.895944542445489,-1.8720065866310502,9.311409307442892,-1.0314842578710646,-2.9808486164851407,-1.917871572194663,9.487393185011017,0.4351464435146444,-0.002968390764232202,-0.0477482283014151,0.6595722575860323,-0.9457024592159727,-3.315616600914018,-2.098028189197018,-1.2636121787961818,-0.9449346981997883,-3.430786455701907,-2.1613067319834856,-1.318553165803613,1.6153846153846154,33.30711825487945,8.262857525365833,3.775121410970822,-0.9702556538839725,-4.202943318948198,-2.6132734905303545,-1.64039592419508,-0.9698859586600143,-4.362315388199013,-2.700486392134494,-1.6692506654716088,-0.9688581314878892,-4.449553695717639,-2.7652991398517255,-1.5158982409001553,-0.9688581314878892,-4.449553695717639,-2.7652991398517255,-1.5210337593279604,-0.04656287765692757,-0.0400472071944021,-0.02146065197334277,0.062829668280028,-0.04656287765692757,-0.03990082563512687,-0.021372823037777634,0.059991352929066745,0.048309178743961345,0.025703734793643112,-0.22997055823005014,0.18259464900149378,,,,,0.048309178743961345,0.025703734793643112,-0.23675452968000316,0.2317890899109832,0.07395234182415766,-0.001794247522368823,-0.01292818902697337,0.1393502607549542,0.014705882352941124,0.001869851908737082,0.01117899866244496,0.15908985244965249,-0.1736694677871149,-0.17903020609110612,-0.11898616449099719,0.3234651020920153,-0.0036399735274652567,-0.05714996353557703,-0.10728215736585715,0.1560988892709149,-0.011508951406649648,-0.030297478489918334,-0.021766450056913956,0.11008032347359568,-0.04687761593838946,-0.15889218102241273,-0.1313716957942322,,-0.05390364127842262,-0.020611458653318815,-0.03805906838794848,0.2543160442905751,-0.05048116131136848,-0.10433341924194502,-0.0952283843240739,0.5195695602755646,,,,,,,,,0.21241830065359468,0.09349344961296535,0.1625315511732342,0.16784965390345816,-0.040475516558165836,-0.09368959766936953,-0.0861338766411951,0.36955481590774825,,,,,-0.033986242275854006,-0.08870880788114784,-0.0919047002466952,0.2925135142337492,0.06034482758620685,0.10215428000285565,0.012283331402676522,1.0533665101961456,-0.25,-0.414021164021164,33.2515873015873,20.55137909421564,,,,,-0.33487297921478065,-0.10728635481804698,-0.1887955230993902,,0.16681776971894835,-0.03397243121430541,-0.0720705778321806,-3.2941372551492316,0.02934537246049662,-0.09914040597439337,-0.09987002775978382,0.14564170977641738,-0.0035277516462840497,-0.047304491793960644,-0.08611140381273978,0.4075355211199213,,,,,-0.18155283129013422,-0.042875315976141914,-0.08458269621698489,1.0250625591733287,0.00863761287789555,0.16591086690257714,0.097972959771141,0.6153248226537655,-0.0357142857142857,-1.251894001193706e-05,-0.04947310069390385,0.49813779919022066,,,,,,,,,-0.02450408401400228,-0.024069880651229985,-0.06178705195053615,0.34498336345291536,,,,,0.06666666666666665,0.022222222222222216,0.01333333333333333,0.19416666666666665,0.014321221446325083,0.2838068394632201,0.3020148777800376,0.7449196490413629,-4.212121212121212,-1.6344077784927127,-0.6183805161522314,1.1034285158828105,-0.022820629849383822,-0.026238743876292808,-0.0121467689371485,1.522445338263317,-0.048180494905385784,-0.1460026875340781,-0.11719512533431768,0.24764623325482638,-0.033986242275854006,-0.08870880788114784,-0.0919047002466952,0.2925135142337492,,,,,-0.033986242275854006,-0.08870880788114784,-0.0919047002466952,0.2925135142337492,-0.9702556538839725,-4.202943318948198,-2.6132734905303545,-1.64039592419508,0.008784773060029227,-0.05331952036457199,-0.04325270342577756,0.2155700873066893,0.34337349397590367,-1.8945013254599425,-1.1546274419825524,-11.604152307807734,-0.02777777777777779,-0.11023148148148147,-0.04910990338164249,,0.3125,-3.566789470042895,-2.012356567881444,0.9107586863797803,-3.72972972972973,-1.347028347028347,9.193866325116325,,-1.106060606060606,2.157239057239057,1.0585463328941591,0.8278910662566379,,,,,-0.0504,0.06762616004027196,-0.07213077937575381,0.24151090321021446,-0.8537150073668701,-3.8842656993718756,-2.5371671138090437,-2.7685770417003837,-0.14126984126984132,0.7367562067562067,0.25723356174675904,0.29996142836958983,0.08407079646017701,-0.02632765701737627,-0.06220543398943128,0.11312779226757848,-0.3146067415730337,-2.5624742188233554,-2.054417975760132,8.693234043013565,1.0,-0.2777777777777777,inf,,-0.4444444444444444,0.20185185185185187,inf,inf,2.3125,-4.895833333333333,-3.392658204562178,-2.6205579291733274,-0.17962003454231434,-1.511543081879659,-1.6753727533670493,0.5953717984501778,3.5897435897435894,0.9574222272083232,0.6912985466960543,,2.5238095238095237,0.733742959549411,0.3210823100873078,1.6377966379503637,-0.16666666666666663,-inf,,,,,,,6.2,1.6933003392456125,99.33494572078874,46.59518363730807,-0.19892473118279574,0.5677133772354573,0.18308511757885343,-1.608031101183474,-1.3333333333333333,-inf,-inf,-inf,-1.1666666666666667,-1.4535756955111794,-1.9268000719613625,-1.3555889074195453,0.048309178743961345,0.025703734793643112,-0.22997055823005014,0.21571800276164002,-0.2247191011235955,-0.24155673219508475,-0.2135993361276028,0.27117018526059694,-0.19052224371373305,4.752317053513862,2.582036215937679,1.5343126888957057,0.6289473684210527,0.17851348320041915,-0.0016672954268725838,0.043426802446958804,0.7306015693112469,0.2135615469618872,0.01702687529794149,0.048385422240129705,0.7306015693112469,0.2135615469618872,0.01702687529794149,0.048385422240129705,0.14000458674585925,-0.07016658060302383,0.0962657519056814,0.22520592171107348,,,,,,,,,0.7306015693112469,0.2135615469618872,0.01702687529794149,0.048385422240129705,47.16764401517764,-40.40207704694366,-42.22014138549612,-22.51683314493574,-0.33487297921478065,-0.10728635481804698,-0.1887955230993902,,0.2421875,-0.043922582961312906,-0.05930153272477068,,-0.14736855911011537,-0.7011302067164816,-1.1907547639299871,-0.43424604828892743,0.007358953393295176,-0.040686453108432,-0.07739539802840582,0.12641700488353944,-0.045184304399524367,-0.003102723530309085,-5.054848647105198,-2.409403121654665,-1.0262610504420178,-2.8569067426700996,-1.8501292983566944,-1.221912294008709,-1.2654978083907327,2.8549493286672636,1.4611632351056976,0.27003075327446247,-0.048180494905385784,-0.1460026875340781,-0.11719512533431768,0.24764623325482638,-0.053412462908011826,-0.005328744094137712,-0.039482732490205195,-1.3153494689244813,-0.053412462908011826,-0.005328744094137712,-0.039482732490205195,-1.3153494689244813,-0.17850983405863807,4.902044900420227,2.670978492899526,1.4126352129531983,0.04018484624395113,0.004917013080700324,0.0712496530936088,0.04289138523525082,-0.01379572860010081,0.0010791482618861166,-0.006726252894622875,0.008179787559880303,0.018543497743183757,-1.6801200380608148,-0.9489170851436635,1.1081726481315843,0.2606211938261236,-0.01639856447050725,-0.036267875788437376,,0.023754839690907525,-0.024920435956768367,-0.019890892650217307,0.0890651908904826,-1.0266507566364533,-2.9395910183883736,-1.894404925874376,-1.2703516304104927,-0.031015122860444166,0.02765273324990869,-5.263618796566185,-2.6424940263822627,-1.2694377170690776,2.9318468082540243,1.5030854083113536,0.20980009192416,-34.175401024607375,-12.351516808277083,-7.11460080086272,23.54603455427036,0.044499921289052224,0.05595715526531057,0.071561542971268,0.053944983002286874,0.03350002882016656,0.011952489614449316,-0.0012424619810810444,0.05712451975631831,-1.0325388892195817,-3.0030626998563132,-1.9379753170014755,9.29819409242033,-0.15098988982411898,4.82932188566787,2.6274189510681922,1.4524427197094603,0.13701341289929259,0.01144691812393206,-0.041789269402574235,0.06874463789181477,-0.0016966165996168403,-0.11390937264818675,-0.10030122361707587,0.11336075823657965,,,,,-0.003759398496240629,-0.07379089985364828,-0.08501810448169096,0.3795906331700811,0.04666966391356886,0.15896797642201835,0.08344154856717065,0.0894948320839877,0.052265062437334864,0.14274444082162271,-0.14067886008277825,-0.04513393415723268,0.048309178743961345,0.025703734793643112,-0.24271730265770688,0.20398974554403776,0.052265062437334864,0.14274444082162271,-0.15520687481149478,-0.0253061917704805,-0.006421338602124016,-0.07608292291418335,-0.0363582922757538,0.5800569630035423,-0.006421338602124016,-0.07608292291418335,-0.03166676429455535,1.293900710583419,-0.0504,0.06762616004027196,-0.07213077937575381,0.24151090321021446,-0.032044974282164684,0.06686113727085159,0.005708597512164371,0.035503918854564845,0.8172600619195045,0.5351711123764102,0.08383605894634227,0.1089772277764606,0.052138936620475196,0.10270886955668224,-0.1507234732311284,-0.01019536483975585,0.08519073394326915,0.11675359782034327,-0.16765352583066978,-0.011861824798361776,0.08145017721419356,0.130371425906642,0.06646679200547471,0.038655355347667696,0.06555974408227372,0.0008315599338636348,-0.0015267167052290143,-0.011482045590428813,-1.0211547350782921,-3.144665438066358,-2.0002069699247675,,-1.257928791923453,4.871418904675564,2.6790807462328123,0.8724910812635758,0.01842317145520811,0.20629600906269827,-0.11371555140844003,0.03183159149872924,-0.016991225635145657,0.17308902845691043,0.025127167626810665,0.07654184550910113,-0.0017888393665353997,0.10841425911429252,0.052890101516999286,0.10063252307320955,0.03129028291566516,0.028448623190594824,0.01532298646657566,0.03503479910687444,0.028534690581085487,0.027075075410700977,0.06980914720925954,0.10547446293703899,0.04666966391356886,0.15896797642201835,0.08344154856717065,0.0894948320839877,0.0248748956757614,0.2159659109663706,0.11029075198104814,0.0867613144640355,0.04387297810114821,0.15991367578734128,0.13800876032422366,0.15761113868954663,-0.014693634035784608,-0.07301979619596477,-0.033546199027718895,-0.029197336322484668,0.014912756624083645,0.1012397362698001,0.050871269399718,0.03960958232863994,0.030539572687401817,-0.016362556456131012,-0.014942701388926371,-0.18137347917494714,-4.978087729115799,-2.478557477355522,0.13088464464043134,-1.2094786228094638,0.052265062437334864,0.14274444082162271,-0.14841084511656208,-0.03650050368833382,-1.2721670117115524,3.2848975472414867,1.7289457170171414,0.3538626716086621,-0.187656497585743,5.547881035315581,3.0788321977944655,1.5686681434050567,-4.905688078814824,-2.453540108168742,-0.025479877497322077,-1.2648248378595142,0.24606376057254398,0.029499525329687026,0.026103788098078097,,0.00443704936217415,-0.02218393141816677,-0.01802941660386026,0.11008976569897837,-5.104072822822823,-1.8052356406963872,12.386843318379368,,-9.92599243416116,-14.933038819920602,-9.038712471575177,-5.6980587190141625,-0.9687500140973988,-6.2082204330766215,-3.790805668732278,-1.8448093701953767,-1.016994916945088,-3.377205194976257,-2.145824775870176,10.680733116080209,-0.04128201794305031,-0.084539190725938,-0.08916853936516418,0.3349492126587137,-1.0177267113615884,-3.926341388242676,-2.4426278291639205,12.878182838517102,-0.04128201794305031,-0.084539190725938,-0.08916853936516418,0.3349492126587137,-1.0273918409099556,-3.22844033739428,-2.0438527132297746,-1.052897253411404,-1.276930039239591,2.6937733563193818,1.37470673320845,0.18426222723027216,0.020044782531104977,0.07175998609309923,0.07927884288167145,0.006893118692382905,-0.08791283370660352,-0.05836767334995052,-0.033895360482074845,-0.03599621372148868,-1.360979800559722,-0.3574945870160751,18.91831282170447,,-0.060031798442880535,-0.018116747984902037,0.7489219863270021,0.34939241381248937,0.04975899623019786,0.08859037093320506,0.0810730866703389,0.012884311912504432,0.006673568778160721,0.027527575756441786,0.06554118643044418,0.017392843770831713,-0.11065458576197151,-0.5549270676742811,-1.1574955453879434,-0.6914383139440564,-0.0040703173712268725,0.10539308201419866,-5.617719924855974,-2.8230786093544635,-0.11065458576197151,-0.5549270676742811,-1.1574955453879434,-0.6914383139440564,-1.0271849652575205,-3.2101789714464832,-2.0326156840198735,-1.0760901515388346,-1.0260692083527496,-2.952723291919815,-1.8685271542761897,-1.162259943711956,-1.0175928311674638,-3.885667284192378,-2.417811716362054,12.62569779613311,-0.9685772895263283,-3.920936230719344,-2.3855463131066803,-0.9985725336002467,-1.278937137734261,2.421739176704678,1.2112842108983568,0.10768064857961353,-0.9706756148968125,-2.736517298382282,-1.8067842334589976,10.05825053327907,0.0059725215513570795,0.07508682421438184,0.07330347451101309,-0.0005595645277608252,0.02097434493576844,0.20175335344160342,0.13901329278855196,0.041779806287278565,0.12221051490422297,0.06048180754479585,0.026629105456957024,0.017206207949673015,0.09669257804897602,0.0005679577540984582,-0.04326233385556777,0.018194765415998036,0.05000701422305576,0.46262050754454115,0.46610589592336316,0.8126993870817671,0.050405208248286426,0.10374567809015178,0.11589338007009035,0.032308543108081865,-3.825766929200639,-1.2976413732748011,10.656668813650292,,0.0,0.0,0.0,0.0,-0.09107904494834129,-0.7561504248810453,1.204924803390942,0.9963307169035701,-3.9457991736079228,-2.645260416694513,-1.1035616905843781,-0.6615946925829169
2014,7380000000,2210000000,5170000000,0.7005,817000000.0,2902000000,549000000,4268000000,6478000000,5000000.0,216000000.0,725000000,432000000.0,0.0585,-301000000,-0.0408,-208000000,-509000000,-0.069,-390000000,-119000000,-0.0161,0.2,0.2,1324300000,1348000000,587000000,0.0,587000000,1183000000,946000000,890000000,3606000000,1507000000,5898000000.0,5606000000,11504000000,0.0,0.0,425000000,13436000000,0.0,17042000000,262000000,403000000,0.0,447000000.0,1734000000,2846000000,3859000000,0.0,1214000000.0,2666000000.0,7739000000,0.0,0.0,10585000000,0.0,16000000.0,-8689000000,144000000,14986000000,6457000000,17042000000,0.0,17042000000,-119000000,725000000,-397000000.0,103000000.0,-427000000,53000000.0,-81000000,0.0,760000000.0,1384000000,1269000000,-259000000,-474000000.0,-26000000.0,14000000.0,0.0,-745000000,-810000000.0,60000000.0,-125000000.0,0.0,725000000,-150000000,-4000000.0,370000000.0,587000000.0,217000000,1010000000,12.785,12.85,12.85,249412350.0,0,0,12.85,0.7662082514734774,447000000.0,-211000000.0,959500982.3182712,5538000000,1543000000,-293000000.0,387000000,6457000000.0,-5047000000,-5047000000.0,0.13685636856368563,0.5613152804642166,0.11070460704607046,0.07439024390243902,-0.02859078590785908,0.09823848238482384,-0.039701897018970186,0.20907859078590785,0.0524390243902439,-14.179401993355482,0.578319783197832,5.572755417956657,-0.22728988899796118,0.7626670693951522,-0.19557502076568753,4.875783432756928,0.0,4262000000,0.6600588508595323,0.1377287658376349,587000000.0,0.1377287658376349,3675000000,3675000000.0,760000000,1.2670414617006325,0.1876317638791286,0.16278424847476428,0.03444431404764699,0.44076196376026017,0.16699917850017604,-1.3564814814814814,0.1359803232607168,0.2062543921293043,0.04459570472949184,0.4541133669757071,0.2500880178382819,0.2156437037906349,0.6600588508595323,1.6393061793402508,0.5691497599504414,0.3788874545241169,2.639306179340251,-2.0972855161482067,8.506944444444445,0.1377287658376349,0.03656117146905999,0.2617258357087328,24.502314814814813,0.050680431722196155,7327000000.0,0.1185682326621924,-3.2521008403361344,-0.01842961127458572,-70371316.30648331,14196000000,-0.00495712287309688,14196000000,-0.020639616793462948,0.027261200338123414,0.4330477643469076,2.33615221987315,139.24528301886792,12.572402044293016,0.30336814927825373,0.9335500180570603,0.06758953101706616,0.10869258946182023,0.06758953101706616,-0.017192817744396197,-0.05290718671000361,-0.004129287425565269,0.023578363384188627,0.05993495431314852,0.01369547703993555,0.04794038258420373,0.12652934799442467,0.015197746743339983,0.17186463171864633,-0.5098579978875719,0.055509916676446426,0.00310996361929351,1.0,0.06435643564356436,0.15046296296296297,0.033179336413271754,-0.010126885656103535,-0.02012118160430889,0.09282502914303896,0.016559337626494974,-0.05817521063878953,-0.028502251651233924,0.1025762682002277,0.04045079492855708,0.013946164153910404,-0.015437657831402917,0.09269480194207638,0.0070442783208741755,0.02476044486356388,0.004719437415529204,-0.0024363102032287642,-0.05110336817653893,-0.02979197946242192,-0.045797584306614604,0.07405517967439904,0.08526551982049368,0.03115459800025792,-0.07490685387359002,0.1412702943472591,-0.0018181818181818299,-0.9238771099844021,-1.0869645531984031,-0.10388516516092898,0.04479804161566703,0.09904567592408269,-0.05321758218005599,0.13930399144305688,0.03498961495446551,0.03192438931556352,-0.05488165997653631,0.11613675435798373,-0.16666666666666663,inf,,,-0.33333333333333337,-0.05437613340423501,-0.09650274239288578,,0.052249637155297624,0.004538201824448788,-0.025858331550273596,0.19905592058743646,-0.4531645569620253,-1.5438619922953312,0.4844372515661667,-0.5001340669225737,-0.47106690777576854,-1.5839928553504041,0.4951110038890141,-0.5438252015900911,-3.5083333333333333,-3.272706060060665,-2.49247724000868,8.946313679027593,-3.428571428571429,-3.31973750537403,-2.520377301759216,9.148603027799806,-0.39358600583090375,-0.015408607286081363,-0.08387987813679736,0.6316890668390076,1.282511210762332,-2.353462503378628,-1.7703294920962502,-1.1524830977928082,1.2115384615384617,-2.4875374628934432,-1.8455943627039346,-1.1957512601069706,2.823529411764706,1.0816280588010176,20.347563407718773,4.060315261238201,-0.016528925619834656,-3.737091458474058,-2.517266898444105,-1.6685903717168489,-0.047337278106508784,-3.9032655463948287,-2.6089653147387923,-1.6802441741899279,-3.2222222222222223,-5.052199198363141,-3.3082943089338515,-1.8620335066006384,-3.2222222222222223,-5.052199198363141,-3.3082943089338515,-1.8677004259946268,-0.012600656128839871,-0.0423806889601932,-0.025235371120365314,0.05944834781402839,0.005070086489710635,-0.038474336138468845,-0.021613393661090073,0.05881318348174895,1.705069124423963,0.5095530673481097,0.20574162131653403,0.21086329429587564,,,,,1.705069124423963,0.5095530673481097,0.20574162131653403,0.26005773520536507,-0.09487375669472076,-0.014731964400407064,-0.02805129985236545,0.10526518393605686,0.05462653288740249,0.006283021335037553,0.00639504380967928,0.14891464565608822,0.5084745762711864,0.13832888386685385,0.057691425745915084,0.32174338975865957,0.19760876785121217,0.055745905139584995,-0.01673325779414736,0.12023062698318843,-0.025226390685640365,-0.033402798661501865,-0.02681172819404203,0.09057655232955997,0.03600913402424033,-0.13298115807683672,-0.12389613901595205,,-0.05781512605042016,-0.04671484530200317,-0.03545864798787237,0.14328015303665897,-0.011938503822038982,-0.10236378062042088,-0.0922257977759976,0.5144044382414805,,,,,,,,,0.14555256064690036,0.1489796109435814,0.11208405225289049,0.025501144277771615,-0.009144542772861364,-0.09083201867720155,-0.08269695774153211,0.35084270586241767,,,,,0.028423148874539894,-0.06661090118230746,-0.07176117368119066,0.2672884133908661,0.06504065040650397,0.08941420694995121,0.04788560374339155,1.0416887570549778,133.33333333333334,44.361111111111114,59.81825396825398,33.35630333663988,,,,,0.5520833333333333,0.054208400426708235,-0.003955146224161532,,0.3473193473193472,0.15999550135952526,-0.017407285014154516,-3.258495047335373,0.5603070175438596,0.19009442330527057,0.025244267799714983,0.1507515014549637,-0.08921406655652586,-0.031305451420355644,-0.07939541540374243,0.3602433942753668,,,,,-0.13409415121255353,-0.1323827743284205,-0.07718401982819585,0.9606531440520737,0.037757882444531043,0.10494059671438127,0.06649732143665403,0.6120209648805195,-0.057139376218323545,-0.015289064022636856,-0.044538694908869345,0.4561974464740487,,,,,,,,,0.05512360446570974,0.021846505475449234,-0.03516619786727606,0.3074296623765413,,,,,0.0,0.022222222222222216,0.01333333333333333,0.09416666666666666,0.013885647607934759,0.31892066448502715,0.22975540408054113,0.7179724892684405,0.35849056603773577,-1.5381667371002894,-0.5089465538880805,1.2006948953212297,-6.672449456190943e-05,-0.018560147523321913,-0.013941348156181288,1.529294853104831,-0.012540143752867383,-0.15186474678314535,-0.10644977621939852,0.2303808690619474,0.028423148874539894,-0.06661090118230746,-0.07176117368119066,0.2672884133908661,,,,,0.028423148874539894,-0.06661090118230746,-0.07176117368119066,0.2672884133908661,-0.016528925619834656,-3.737091458474058,-2.517266898444105,-1.6685903717168489,0.052249637155297624,0.004538201824448788,-0.025858331550273596,0.19905592058743646,0.7802690582959642,-1.161684366634015,-0.8368969836167727,-11.404294416062644,-0.01904761904761909,-0.06769179894179896,-0.06161507936507935,,5.777777777777778,1.641964738711314,-1.1789249061311982,-0.4314635358424416,-1.5247524752475248,-1.791176608008291,9.086832496733487,,10.571428571428571,2.4143819143819143,3.21949871384654,2.018367256732829,,,,,-0.35973041280539175,-0.14903679399625025,-0.03772264832709804,0.13466066894721915,0.9913669064748201,-2.858336812851462,-2.2789464334363454,-2.4654403510529015,0.17282809611829952,0.09385275161615274,0.3544636546546295,0.3103148901553328,0.05714285714285716,-0.03845509792179561,-0.05077686256085985,0.05098493512472133,0.9426229508196722,-0.23562833790242188,-1.4688840398018055,8.880544466437778,-0.40909090909090906,0.5303030303030303,-0.4244848484848484,inf,1.7999999999999998,0.7185185185185184,0.28990231990231985,inf,-1.0,0.4375,-3.3330555555555557,-2.871557929173327,0.5684210526315789,-0.4547082865580214,-0.8721823700012272,0.5661027926022246,-0.547486033519553,0.7523778630939626,0.38531011192196835,,-0.18918918918918914,0.7782067782067782,0.39028672577059675,1.475887064825837,-0.75,-0.23238482384823847,,,,,,,-0.5524691358024691,1.6819203175643687,0.824451893628253,46.922560837203,-0.7483221476510067,-0.5049800268202546,0.11193920656717064,-1.3045776016628605,3.0,-0.27777777777777773,-inf,-inf,36.0,10.907407407407407,6.29542215026086,1.9206997523742693,1.705069124423963,0.5095530673481097,0.20574162131653403,0.24398664805602185,0.048309178743961345,0.025703734793643112,-0.22997055823005014,0.2315566586905487,0.20669056152927112,0.161639439271846,2.7126014945198795,1.558988155305043,0.3769520732364029,0.26994955530565873,0.1322074684790571,-0.022639292218551023,0.2947103274559193,0.2836952782840398,0.13044776815068887,-0.029464790310207222,0.2947103274559193,0.2836952782840398,0.13044776815068887,-0.029464790310207222,-0.2605033931696016,-0.12102934384715398,-0.023851162933039505,0.1538587393815069,,,,,,,,,0.2947103274559193,0.2836952782840398,0.13044776815068887,-0.029464790310207222,0.6751415693978966,15.624372012014513,-24.30795710831379,-22.432274417092515,0.5520833333333333,0.054208400426708235,-0.003955146224161532,,-0.3364779874213837,-0.061086152983877616,-0.10052875414067135,,0.4511568160557655,0.27380933437455895,-0.9805856202270402,-0.38512395642694053,0.12378246753246747,0.0329015706883344,-0.014319396895474013,0.08334637981729506,-0.039227895392279,-0.008183608710269241,-4.855421498910927,-2.4428970172887015,-3.900990099009901,-3.3646994622405635,-2.5456184250044833,-1.6291333439825586,-0.5436320754716981,-1.558261363156636,1.3781198801206476,0.1629402730000199,-0.012540143752867383,-0.15186474678314535,-0.10644977621939852,0.2303808690619474,-0.011167711598746077,0.013370495679335867,-0.052284754243015576,-1.6174662400843558,-0.011167711598746077,0.013370495679335867,-0.052284754243015576,-1.6174662400843558,0.16793911666715222,0.17791812064326662,2.7956604403810497,1.4488177067656158,0.04307241160310116,0.016293582268793922,-0.06549548079908385,0.05198630749459547,-0.0815760648895687,-0.01816323819664689,-0.025338917120107385,-0.010639851290928093,-0.03387361419068735,-0.960015696301158,-1.1093559564651387,-0.26945713752990874,-0.35778621465459937,-0.04641849979257736,-0.07882531078696504,,0.018457880514944458,0.014602761623619212,-0.006001126784431899,0.08867952849918927,-3.8078282218465747,-3.4052442984086855,-2.5693185685471556,-1.6494886628864844,-0.0700819589142343,0.004433284786842499,-5.070485035131463,-2.6583106396185494,-0.5582877933732168,-1.596459216459115,1.4200488356992143,0.12571731112225007,-1.416530780710565,-12.292596165594484,-7.725449546538141,23.389263721059635,0.0112455841816681,0.11393123177240438,-0.03427862360158105,0.044610929253120976,0.0463642120346448,0.033431430686752396,0.005869949173301814,0.04515262320405404,-3.5403433260338795,-3.3879072730488624,-2.564107364452683,8.93227091234213,0.22208969351586405,0.21565850782047294,2.7617545956305767,1.480652070782109,0.07063354224873519,0.0017635521773352962,-0.02641579392583604,0.01143756492346848,6.128460217036391e-05,-0.11745767838518288,-0.08587144117675276,0.09976531571683253,,,,,0.005188679245283101,8.528242757332993e-05,-0.05945850058222664,0.29561752248498385,0.01795396834209484,0.23841059502441783,0.09910055536428412,0.03226097971136751,1.691105839408166,0.5065208700161975,0.2775254781594133,0.09267648759031234,1.705069124423963,0.5095530673481097,0.20574162131653403,0.23225839083841965,1.691105839408166,0.5065208700161975,0.2775254781594133,0.11250422997706452,-0.08650260999254289,-0.026384430870230346,-0.056183358453785526,0.5112243311836193,-0.08650260999254289,-0.026384430870230346,-0.056183358453785526,1.225068078763496,-0.35973041280539175,-0.14903679399625025,-0.03772264832709804,0.13466066894721915,-0.2324531298100453,-0.09066849135303172,-0.00015636232716302877,0.009138939423999348,0.07622747583500189,0.22132219822984842,0.17956624137975358,0.056093212561958414,1.2587252173157384,0.369146113413465,0.16875898514490562,0.0600261852350087,1.6303075026892082,0.5592356901844501,0.252212989138861,0.062019901289358116,0.5801219742479942,0.4273703571169327,0.18227647259414162,0.06657604852470454,0.5171838744114128,0.26660478537475396,0.10039448592319793,0.022391448038203886,-5.351485148514851,-3.952928586578054,-3.0030746089737788,,-0.707514021665628,-1.6226489494380287,2.5510899648425496,0.8005427855383103,0.7336774711698206,0.18089821726885136,0.1276236358497697,0.04469257581770893,-0.3774259283298995,-0.06640113876316696,0.04869854164445368,0.00537171999109104,-0.08319778214492657,0.07147956624328274,0.03830225676287071,0.08594188204597585,-0.022592324623073368,0.08278384784993036,0.021651682721609687,-0.011282918144489618,-0.11174948657354933,0.058328682434497736,0.029152318787266075,0.06922291309491906,0.01795396834209484,0.23841059502441783,0.09910055536428412,0.03226097971136751,0.06852303695234241,0.2678840616911773,0.12650437966633954,0.07029287260472557,-0.07490174488791057,0.21475840026982151,0.10613073270091859,0.11204622317539233,-0.03983116548109189,-0.1011654694904548,-0.042811895050751246,-0.023766609510054347,0.041483501702124226,0.1293012814516233,0.060459044150298034,0.033365789030389205,0.06703999944382444,0.011473389792519217,0.023316703319425435,-0.1103468013061121,0.6705160604303038,-1.944402261973437,-1.6479174624001747,-1.177980632121231,1.691105839408166,0.5065208700161975,0.2775254781594133,0.10130991805921119,-0.5674744431867809,-1.547448417065213,1.62639086677884,0.29036225520038866,0.32488932604289245,0.20256998562243644,3.217530905302521,1.631782869087144,0.929508443351645,-1.837593527280898,-1.5634334559927752,-1.1929430086391186,-0.3367745972157046,-0.053598006117293595,-0.03948850941515465,,0.011457758144671537,-0.010884668386020646,-0.021596552427779848,0.09215366415818685,-1.338095554521895,-2.1701175649838893,12.315906171344455,,-0.5359620263199619,-3.7532347788073017,-9.292157842319645,-5.772348296068347,-0.004039436987470779,-5.738898407666876,-3.699446963383867,-1.8542901888367485,-2.0807715934122437,-3.4225204120455377,-2.4548499157328547,10.449204141146023,-0.037363531565742236,-0.09637891565432781,-0.0819922035968268,0.3091261002166277,-2.1227203922267086,-3.9850575995699065,-2.7673826885225816,12.66479269581176,-0.037363531565742236,-0.09637891565432781,-0.0819922035968268,0.3091261002166277,-4.01358840448711,-3.7729173245443732,-2.770973427314104,-1.4501895437758088,-0.5259187247802996,-1.7219685471331083,1.281429069722608,0.10657302755551892,0.004624737924206368,0.0683476374390688,0.06092238283256109,0.014371848980521906,-0.03609542721885195,-0.06454151865457862,-0.034585486833095105,-0.035127906400423826,-2.9688889241083105,-1.4167613410664373,-1.004607820260047,,-0.6180580647330836,-0.15045226610851678,0.43893735750736945,0.3384276207111531,0.011695230768754783,0.09560320102673114,0.06662899577875354,0.01821150017958606,-0.07415284987216886,-0.015691549405698984,0.001934887151241149,0.03101731936222455,0.507481654436065,0.43969507964138604,-0.9423890777173035,-0.6193175035923313,-0.0019367267786657427,0.11214143782610686,-5.410259749643807,-2.829402632983651,0.507481654436065,0.43969507964138604,-0.9423890777173035,-0.6193175035923313,-3.8208136915088056,-3.6731714010268353,-2.7210539654240065,-1.4496249473126712,-3.5814516446227502,-3.30468599375798,-2.5274334601232122,-1.4957495212291314,-2.0509016591030567,-3.9086293614305974,-2.7281001315925337,12.424211669635215,-0.005421762703316069,-3.4414278921550316,-2.2822647539599696,-0.9306712073667839,-0.537836478474436,-1.9666184832418938,1.1170287300055004,0.022248439649646658,-0.02999803113844901,-2.2612609551927365,-1.6860014562588699,10.056648758329597,-0.07732859488636468,0.05242447888804206,0.03603740618210009,-0.011190124344366458,-0.03905295408183185,0.20595030127882033,0.11083415639660243,0.024283533907294375,0.02792596442402795,0.024267913740685005,0.016628644769057364,-0.011070556147367194,0.08450090055929471,-0.008333384817120168,-0.026362153743708826,-0.01684592793821075,-0.014135719603855956,0.4764734131279633,0.36680902269342164,0.8110763092124438,0.025479185334887022,0.0847796498334245,0.08847010660144194,0.044561940257774255,-1.5102495755971561,-1.747552581182721,10.552373214639477,,0.0,0.0,0.0,0.0,-0.8735532003904616,-0.3758874887453145,1.0623792468372517,1.3107868271299195,-0.720972439575726,-2.101385769618916,-2.0175690857940363,-0.38851799782840446
2015,7477000000,2173000000,5304000000,0.7094,876000000.0,2873000000,565000000,4314000000,6487000000,5000000.0,284000000.0,769000000,403000000.0,0.0539,-327000000,-0.0437,-323000000,-650000000,-0.0869,-411000000,-239000000,-0.032,-0.18,-0.18,1341200000,1341200000,319000000,0.0,319000000,1275000000,1016000000,861000000,3471000000,1490000000,6473000000.0,6194000000,12667000000,0.0,0.0,505000000,14662000000,0.0,18133000000,209000000,3000000,0.0,496000000.0,1722000000,2430000000,5674000000,0.0,735000000.0,2974000000.0,9383000000,0.0,0.0,11813000000,0.0,16000000.0,-8927000000,88000000,15143000000,6320000000,18133000000,0.0,18133000000,-239000000,769000000,-532000000.0,107000000.0,281000000,-17000000.0,3000000,0.0,1041000000.0,214000000,600000000,-247000000,-1734000000.0,-266000000.0,61000000.0,0.0,-2186000000,-1715000000.0,114000000.0,0.0,0.0,2923000000,1322000000,-4000000.0,-268000000.0,319000000.0,587000000,353000000,17.564999999999998,17.725,17.725,209369700.0,0,0,17.725,0.6323076923076923,496000000.0,-279000000.0,248575384.61538464,5466000000,1662000000,-366000000.0,1134000000,6320000000.0,-6347000000,-6347000000.0,0.04721144844188846,0.5416666666666666,0.11715928848468637,0.0755650662030226,-0.03731443092149258,0.10284873612411395,-0.04895011368195801,0.22228166376889127,0.1516651063260666,-13.192660550458715,0.5769693727430788,5.57485833581867,-0.24381151207873547,0.2631971368923352,-0.18416343572919774,4.712198031613481,0.0,5677000000,0.8982594936708861,0.05619165051964065,319000000.0,0.05619165051964065,5358000000,5358000000.0,1041000000,1.4283950617283951,0.1382716049382716,0.09190435033131662,0.01759223515138146,0.38449367088607594,0.13400981635691833,-1.2887323943661972,0.4666666666666667,0.13127572016460906,0.05740914355043291,0.5174543649699443,0.3130756080075001,0.2954833728561187,0.8982594936708861,1.8691455696202532,0.8477848101265822,0.3485358186731374,2.8691455696202532,-1.86119426500709,13.295285359801488,0.05619165051964065,0.0959959366799289,0.06221360592174833,29.312655086848636,0.050026422406200456,7494000000.0,-0.034274193548387094,-4.7447698744769875,-0.03781645569620253,-120235384.61538461,15703000000,-0.007656841661808865,15703000000,-0.023307648220085336,0.07221550022288735,0.41234213864225444,2.138779527559055,-439.8235294117647,23.438871473354233,0.29250537693707607,0.9703622392974753,0.01582980224258961,0.10583964847481372,0.01582980224258961,-0.020184194562400046,-0.06695938529088913,-0.006630749716835858,0.03765558531589727,0.17943037974683546,0.026772711997311526,0.048309711575580436,0.13860759493670885,0.013621573925991287,0.1657718120805369,-0.49230684387580653,0.05603044173606132,-0.0009375172337726796,1.0,-0.32294617563739375,-0.28287841191067,0.013143631436314474,0.010566753756456104,-0.008161727422566267,0.0323442254282124,-0.016742081447963852,-0.024894176988311385,-0.03363638222654097,0.06645877181401613,0.025918762088974923,0.026817063223531095,0.0041794516783378866,0.023040157276222384,0.012705210563882963,0.016247857241664592,0.01260042700423225,-0.007634344779183233,0.07221542227662181,-0.002368216729618733,-0.012803775213609092,0.05539176614984882,-0.009993108201240553,0.04336825291976417,0.00902686772048531,0.09150924142636646,0.02914389799635697,0.010325117071557144,-0.9817050335611812,-0.2427429272600275,0.010777881911902432,0.028267476314850343,0.025100240692184084,0.0891745926606368,0.0013893176906452087,0.009013511472607871,-0.0007867476959189546,0.0709438115829199,0.0,0.011111111111111108,,,0.3148148148148149,0.07428693060876972,-0.02666017255031594,,0.06068965517241387,0.04057468846258024,-0.009403853753200898,0.16481876365569825,-0.06712962962962965,-0.5900190233100858,1.106832221162629,-0.6176932754159299,-0.07863247863247858,-0.6010648959354559,1.1354820691381282,-0.581970139594184,0.08637873754152814,-1.4843261268978545,-2.4219576446256545,8.829126588649752,0.07107843137254899,-1.462992418356648,-2.4600077693308604,9.116109873430826,0.5528846153846154,0.19814835102278536,0.03007868745220301,0.638829380229321,0.2770137524557956,0.20460750133405162,-1.6774649679047855,-1.2571300895767776,0.2594202898550724,0.17534135106458193,-1.7642801231424374,-1.2133767986890307,0.05384615384615388,1.4975867269984917,20.559746066049843,3.913068297675449,1.0084033613445378,0.007206260613576876,-2.3233911042239783,-1.6927500355823952,0.9875776397515528,-0.009881865671656756,-2.4293411605903987,-1.6205143925417236,-1.9,-2.03036011790337,-3.6941766618750274,-2.1748405241444977,-1.9,-2.03036011790337,-3.6941766618750274,-2.1791289974231987,0.012761458883938648,-0.015467358300609598,-0.023996163765621505,0.0597402417336806,-0.005044510385756706,-0.015512433850991214,-0.023935380160285336,0.05669582922310766,-0.4565587734241908,0.4322731765812446,0.2651243110761404,0.07206285659578152,,,,,-0.4565587734241908,0.4322731765812446,0.2651243110761404,0.06999053148440652,0.0777683854606932,0.018948990196710036,-0.004497622760226805,0.04699036196552101,0.07399577167019022,0.04777606230351128,0.02684637205676079,0.1282003438195485,-0.032584269662921383,0.10074027960705005,-0.01224006233301067,0.31770776071982854,-0.03743760399334439,0.05217706344346751,-0.0022557453497726644,0.04154005807321568,-0.011280690112806857,-0.016005344068365623,-0.025479903253640447,0.07251299944731153,0.0974906748050186,0.028874064296956492,-0.06863534684759584,inf,0.10488762040670707,-0.002277048974045237,-0.002952376320733907,0.11805172694242516,0.10109527121001394,0.012891868692202157,-0.04476869806757202,0.48879677722757736,,,,,,,,,0.18823529411764706,0.18206871847271403,0.12285364072068869,0.03504128606738649,0.09124739505805302,0.013875778575675271,-0.039793188144583394,0.3321591185811059,,,,,0.06401830771036265,0.019485071436349515,-0.034736993411708196,0.23033176021735075,-0.2022900763358778,-0.025634866114388994,0.03384268281583862,0.9829982109598514,-0.9925558312655087,44.03025916735594,26.219742802000866,33.13498627069235,,,,,0.10961968680089496,0.10894334697314918,0.06796879113601746,inf,-0.00692041522491349,0.16907223393779403,0.0476963276903035,-3.32572252192873,-0.14617006324666193,0.14782744225256475,0.02334314727480351,0.049128034254489895,0.470329100803317,0.12586242753350238,0.04784031177298185,0.41009200401440155,,,,,-0.39456342668863265,-0.23673680306377345,-0.1314567051659224,0.8496736225752632,0.11552888222055513,0.05397479251432724,0.13020387307456352,0.6062184812017486,0.2124305465822458,0.039858961549878856,0.03105072270877729,0.4707923016862899,,,,,,,,,0.11601322626358046,0.04887758223842931,0.01978543775512005,0.27292594446712204,,,,,0.0,0.022222222222222216,0.01333333333333333,0.09416666666666666,0.027390954079871133,0.01853260771137699,0.17853942401549322,0.6647585382817938,-0.38888888888888884,-1.4141731783241216,-0.9867243316658583,1.0862958023507083,0.010476444681702946,-0.004136969887414262,-0.013661302288347476,1.5124789428153709,-0.021217283568220502,-0.02731264074215789,-0.09435309798466444,0.18762322176731963,0.06401830771036265,0.019485071436349515,-0.034736993411708196,0.23033176021735075,,,,,0.06401830771036265,0.019485071436349515,-0.034736993411708196,0.23033176021735075,1.0084033613445378,0.007206260613576876,-2.3233911042239783,-1.6927500355823952,0.06068965517241387,0.04057468846258024,-0.009403853753200898,0.16481876365569825,0.34005037783375314,0.4878976433685403,-0.9126369080500221,-11.173515184730881,0.03883495145631066,-0.0026634817896954064,-0.06218142240715056,,-1.6580796252927401,1.4773993841616793,-1.3161340515287292,-0.5947962508469633,-1.320754716981132,-2.1917456406527953,-1.3773184466627397,,-1.037037037037037,2.8094436427769764,3.2012217412217416,1.7432349816005535,,,,,0.36973684210526314,-0.013464523566709538,0.04257698188413746,0.13118260777786866,-0.8453757225433526,-0.23590794114513422,-2.301361182836832,-1.9884394617687757,-0.5271867612293144,-0.16520950212695207,0.371181991031521,0.12837130933100366,-0.04633204633204635,0.031627202423662605,-0.0136344320482636,0.0006070496404528725,2.6582278481012658,1.0954146857826348,-0.8173143715098256,3.0617518666325205,9.23076923076923,3.273892773892774,1.5976689976689977,inf,3.3571428571428568,1.5708994708994706,1.1525396825396823,inf,,,,,1.9342281879194632,0.7743430686695759,-0.4063960010175869,0.6733028789027818,1.117283950617284,1.3865138356137734,0.68841291974454,,0.8999999999999999,1.0782067782067781,0.5824079378918088,1.5793486032873756,-1.0,-0.6388888888888888,-inf,,,,,,3.0317241379310342,2.893085000709522,1.5118312039730806,47.2537131757138,-9.813333333333333,-3.5868600707223783,-1.7717030698555931,-2.2760546721625174,0.0,0.5555555555555556,-inf,-inf,-1.7243243243243245,11.036336336336339,5.982989717828429,1.6961991934211564,-0.4565587734241908,0.4322731765812446,0.2651243110761404,0.1051862103559277,1.705069124423963,0.5095530673481097,0.20574162131653403,0.24398664805602185,-0.6504950495049505,-0.21144224389647082,2.762629334513181,1.3385129408386882,0.3738756355103636,0.4599250257226064,0.2572736316696048,-0.0288797016884589,0.379377431906615,0.4682297762245937,0.26295448004963917,-0.024398334248258567,0.379377431906615,0.4682297762245937,0.26295448004963917,-0.024398334248258567,-0.16054798409140525,-0.0936822635050492,-0.12631022381401566,0.15982080181189567,,,,,,,,,0.379377431906615,0.4682297762245937,0.26295448004963917,-0.024398334248258567,-0.174757396449704,15.88934272937528,-24.141169393576558,-22.458479812201446,0.10961968680089496,0.10894334697314918,0.06796879113601746,inf,0.3222748815165877,0.07599479803173466,-0.029194170957746946,,-0.740932641866821,-0.1457147949737236,-0.4786332891921,-0.6146429301294823,-0.013001083423618609,0.03938011250071468,-0.0022555950432894267,0.032880119529287745,0.07712248865845761,-0.002429903711115252,0.005717284535050271,-2.5368398206876632,0.24914675767918082,-1.5593681305909126,-2.4445127138682037,-1.7365670352441895,1.9302325581395348,0.04036755809236799,1.9902896937339254,0.28128820413864875,-0.021217283568220502,-0.02731264074215789,-0.09435309798466444,0.18762322176731963,0.2575787596592034,0.06433286171748183,0.04608496315560884,-1.6625313067618273,0.2575787596592034,0.06433286171748183,0.04608496315560884,-1.6625313067618273,-0.655029218315706,-0.22186664523573063,2.843808919922426,1.325444982964428,-0.03500459453250637,0.01608422110484864,0.004563771262539151,0.062120247537320615,0.0583054455532257,-0.012355449312147937,-0.0040066349101369305,0.01738555347159749,0.015792693220959553,0.00015419225781865276,-1.0116882070304345,-0.3173088781651386,0.3051208540313517,0.06931861106762531,-0.020372210806953884,,0.0469292035806359,0.029713974595495962,-0.0018748447549449486,0.1066540844133245,0.23294142994146805,-1.5338458495138534,-2.4787319694140457,-1.669801014165935,0.06314885198601283,-0.012649409929555211,0.015205018564300921,-2.676631771787031,1.892218306683131,0.02149759874694553,2.0258941876143974,0.30697836146136176,-0.06958977842360048,-11.88717386124718,-7.7081341967930825,23.415347049875088,-0.002335058377712751,0.01780348236433586,0.03535639831997741,0.050921487796525125,0.0003773569274612143,0.026747199260757526,0.016519807561090793,-0.015027857017241141,0.07268965264408433,-1.5000641875364586,-2.4953683545917467,8.815915936517294,-0.6548990412014659,-0.1945997458365736,2.8110312618636017,1.2622259864792116,-0.05834888827731055,0.049766022290239076,0.009325081668644163,-0.03872149129639929,-0.033550588002829174,-0.011728640000091883,-0.07504348426904381,0.05714505843655522,,,,,0.33200375410605343,0.11114434495169863,0.023163946758078334,0.29160050659124137,0.3608778861175297,0.14183383945773112,0.17114715674513592,0.07077953256832706,-0.592012241031161,0.3837862202714466,0.3054653841683746,-0.0072828128190942755,-0.4565587734241908,0.4322731765812446,0.2651243110761404,0.042191187117461094,-0.592012241031161,0.3837862202714466,0.3054653841683746,-0.024816782044505603,0.45795918367346933,0.12167841169293414,0.028641560987675275,0.588044917482655,0.45795918367346933,0.12167841169293414,0.028641560987675275,1.3018886650625319,0.36973684210526314,-0.013464523566709538,0.04257698188413746,0.13118260777786866,0.1273467403435975,-0.045717121249537494,0.0190954044692214,0.028322402611787444,-0.26306931150876234,0.21013940874858136,0.28373430029109403,0.026503988674713118,-0.4354223385098335,0.29181393847546006,0.22628589749519032,-0.023222127543203065,-0.48925575562207346,0.4087474936701347,0.29826250810563293,-0.057395288597365327,-0.1276614079721038,0.177970247830028,0.16871496879916326,0.020837860267478903,-0.1975420624193246,0.12840051869145397,0.06442729835873581,-0.027809492662875156,-0.04994471951160884,-2.1408615343682507,-2.967085236445107,,2.431869078380706,0.15547542159720837,3.267722354148354,1.0503236560356028,-0.36352521364824975,0.12952514299225967,0.19780805694193312,-0.022356674009805323,0.2873245057716811,-0.03569754939778802,0.08583313256250258,0.03613177192445035,0.13948278689983096,0.018165388462789662,0.07630555641955639,0.12549749382743272,0.2518616873917918,0.08685321522812788,0.06292304646810058,0.018186982168315234,0.3702388136636665,0.09567467255706756,0.06794291066444402,0.15813291227556903,0.3608778861175297,0.14183383945773112,0.17114715674513592,0.07077953256832706,0.14020528512404118,0.077867739250715,0.17132521099509906,0.08042454993367767,0.48956367863601136,0.15284497061641633,0.17888059222202493,0.21195727417451976,-0.08010726005457525,-0.044877353190483915,-0.06779956282471229,-0.029878204796607945,0.08708326153256518,0.047826506619591015,0.08645719440881794,0.04013821927077443,-0.1125699144552873,-0.004996780774687015,-0.01892351687597118,-0.10713389677331478,0.562874360662379,-1.2482324360077055,-1.2404564021947768,-1.0544067650800426,-0.592012241031161,0.3837862202714466,0.3054653841683746,-0.03601109396235892,1.6256252965298383,-0.07133871945616499,2.182568699013504,0.43337016576919984,-0.762294747275221,-0.20835397293935717,3.2412475369428826,1.3927272911527842,0.19632187033713855,-1.2599525883753466,-1.2469580021634883,-1.1426054112094277,-0.012904572707285511,-0.03453846978348204,-0.0522361187867858,,0.02279241162822432,0.012895739711690002,-0.006460324896320891,0.03263773846255128,-1.2890672550213025,-2.5770785441220068,-1.6085739463264719,,0.4589860854334922,-3.3343227916825433,-8.975218480129655,-5.704083165158475,1.0519399531964684,0.026383500703866265,-3.515352156604173,-1.8090837711568528,0.7085851299374843,-0.7963937934732824,-2.3007604096807057,10.401379744596289,0.10615666384897149,0.009170371446726314,-0.03696488797891695,0.2905034944231691,0.5446140549317029,-0.8652776828855314,-2.671426100404607,12.650045007235887,0.10615666384897149,0.009170371446726314,-0.03696488797891695,0.2905034944231691,0.12926748850625058,-1.6372375856302714,-2.71392838563274,-1.5170457362422076,1.6490212949976972,-0.051275823007397824,1.8408845278351087,0.23631757429662764,-0.04781372266378037,-0.007714734069489674,0.03441819470794474,-0.0032700686868784357,-0.08448622937969863,-0.06949816343505137,-0.05913693532968043,-0.048516984882387204,-4.158624262713215,-2.829497662460416,-1.6399993895739502,,0.8643113217966036,0.06207381954021318,0.038380602621762794,0.4410898046176458,-0.03580722751225329,0.008548999828899784,0.04833182321122333,-0.005520131074112788,0.03943251087609645,-0.009348923405970563,0.00957247765465059,0.019487644033178854,-0.7657950572464747,-0.12298932952412707,-0.38461892116665064,-0.7935363813161327,-0.02624779666334698,-0.010751613604413198,0.05759894452011664,-2.8880609535398802,-0.7657950572464747,-0.12298932952412707,-0.38461892116665064,-0.7935363813161327,0.17398991034956168,-1.5580029154722548,-2.6554721390997384,-1.4943010289461849,0.2656009410953719,-1.4473066372933758,-2.434804115857365,-1.5249542330081407,0.6057854621074619,-0.8209030093876862,-2.6204236099145453,12.432247510645434,0.5970398242801138,-0.12565307598317685,-2.2342381261162467,-0.902682553405926,1.993751839858699,0.05899274121666731,1.7442265782996593,0.1974197033322172,0.9548579373499146,-0.015271902895115633,-1.4569383977870765,10.107860358516202,0.007703922485975179,-0.02121738361634414,0.031127160048551206,0.0017689627840525636,0.09545806671521295,0.02579315252304985,0.13233303459163828,0.044318099991776695,-0.10371095425967758,0.015475175022857779,0.021132086559747586,-0.02310614804459723,-0.03545127102174095,0.048580735862176594,0.010150700559969828,-0.04502788556129459,-0.03442361223023427,0.00048256079632184407,0.2678604381599067,0.7988485855165907,0.00937715440376019,0.028420515995644546,0.0692186748018205,0.05613356066249775,-1.3014560131689437,-2.212490839322246,-1.3409259417181005,,0.0,0.0,0.0,0.0,-6.018086729134887,-2.32757299149123,-1.832018240833697,0.7919288183530533,-2.880053445313991,-2.5156083528325466,-2.307361426994651,-0.5971774388969394
2016,8386000000,2424000000,5962000000,0.7109,920000000.0,3099000000,624000000,4643000000,7067000000,5000000.0,233000000.0,815000000,1225000000.0,0.1461,447000000,0.0533,-270000000,177000000,0.0211,-170000000,347000000,0.0414,0.26,0.25,1357600000,1377200000,196000000,0.0,196000000,1472000000,955000000,616000000,3239000000,1630000000,6678000000.0,5883000000,12561000000,0.0,0.0,666000000,14857000000,0.0,18096000000,447000000,64000000,0.0,75000000.0,3001000000,3587000000,5420000000,0.0,18000000.0,2338000000.0,7776000000,0.0,0.0,11363000000,0.0,16000000.0,-8581000000,1000000,15297000000,6733000000,18096000000,0.0,18096000000,347000000,815000000,-305000000.0,116000000.0,-1389000000,-216000000.0,40000000,0.0,-348000000.0,1388000000,972000000,-376000000,-408000000.0,-132000000.0,0.0,29000000.0,-887000000,-820000000.0,111000000.0,0.0,0.0,503000000,-206000000,-2000000.0,-123000000.0,196000000.0,319000000,596000000,21.96,21.96,21.96,189578400.0,0,0,21.96,-0.96045197740113,75000000.0,-228000000.0,139214689.26553673,5535000000,2048000000,410000000.0,43000000,6733000000.0,-5828000000,-5828000000.0,0.07107083233961364,0.5197920161019792,0.10970665394705462,0.07440973050321965,-0.027188170760791795,0.09718578583353207,0.048891008824230864,0.24421655139518245,0.0051275936083949435,10.387024608501118,0.553660863343668,6.177077195050089,0.3292575132586918,0.43901001767825576,-0.2769593400117855,4.959487330583382,0.0,5484000000,0.814495767117184,0.03574033552151714,196000000.0,0.03574033552151714,5288000000,5288000000.0,-348000000,0.9029829941455255,0.11485921382771118,0.060512503859215805,0.010831122900088417,0.5327491459973266,0.19822060123784263,1.759656652360515,0.0119877334820184,0.05464176191803736,-0.019230769230769232,0.4297082228116711,0.3030503978779841,0.2922192749778957,0.814495767117184,1.6876578048418238,0.7853854151195604,0.3720711759504863,2.687657804841824,-1.9497254632807137,4.316734693877551,0.03574033552151714,0.0037842119158672887,0.1099630996309963,9.27591836734694,0.0424872355944566,8602000000.0,-2.88,0.1239193083573487,0.05153720481211941,876322033.898305,14509000000,0.06039851360523158,14509000000,0.028258322420566546,0.0029636777172789303,0.46341732979664013,2.538219895287958,-38.824074074074076,42.785714285714285,0.32946507515473034,1.077145438121048,0.009595057499864685,0.14115376662761045,0.009595057499864685,0.022656940760389037,0.07407407407407407,0.048426283924530564,-0.059540150995195606,0.006386454774988861,-0.040438177368605055,0.05083996463306808,0.13664042774394772,0.020778072502210435,0.23067484662576687,-0.47419319186560566,0.05277409372236958,-0.011936339522546418,1.0,-0.18624161073825504,-0.09061224489795919,0.12157282332486297,0.055965263724816396,0.020867159558573368,0.032783869069375804,0.11550851357570169,0.03844192325141094,-0.015151839957726154,0.07073408137592066,0.12405731523378583,0.06347562408377261,0.03836291395689839,0.022403414192029413,0.0021144629264167047,0.007287983937057947,0.01782020161619826,-0.008604256399043187,0.05022831050228316,0.023780121534122012,0.006613558878327841,0.04090668858847783,0.07866341802993393,0.051311943216395685,0.03242682076589343,0.09524240297677661,0.10442477876106193,0.04391683164641236,-0.5276125306391575,-0.43570359074517784,0.07626332869726471,0.04394641740827806,0.07683564767628304,0.061152949295680756,0.0894095884075845,0.04192950701756507,0.03731441480898405,0.05343558598202215,0.0,-0.055555555555555546,inf,,-0.17957746478873238,-0.0660319944357503,-0.005578210037324505,,0.05981794538361518,0.057585745903775555,0.026824441205875082,0.15661874001224158,2.0397022332506203,0.5064693488863218,-0.5318026746530007,-0.38184063264485313,1.7105751391465676,0.3869585842461068,-0.6240071811074246,-0.3718983172534541,-2.36697247706422,-1.9296423576186752,-2.4197423839409375,8.630929976267344,-2.219679633867277,-1.859057543688719,-2.4215627437233636,8.93908653312377,-0.16408668730650156,-0.0015960259175966292,0.06851442124397396,0.6261707114986708,-1.2723076923076924,0.09573909030347842,-1.611136289997556,-1.3439994130244144,-1.2428078250863062,0.07605030876907597,-1.6891999847823125,-1.2910461354145286,-0.586374695863747,0.7636669565823709,0.542471126877092,3.893551198459444,-2.4518828451882846,-0.4866694698211938,-2.5309507718531843,-1.897072030082391,-2.29375,-0.4511698794516521,-2.603193799886587,-1.802855494236639,-2.4444444444444446,-2.5222222222222226,-3.9002084079067734,-2.3791274882739812,-2.388888888888889,-2.5037037037037035,-3.8890972967956627,-2.37850175727983,0.012227855651655295,0.004129552802251357,-0.02043055046899713,0.06214748562432946,0.02684163435729192,0.008955736820415283,-0.018725176888774266,0.06161225887327389,-0.38557993730407525,0.287643471231899,0.13730409826321258,0.06807276409994185,,,,,-0.38557993730407525,0.287643471231899,0.13730409826321258,0.07003009872960873,0.15450980392156866,0.0458014775625137,0.037616459236208134,0.05888578680212232,-0.06003937007874016,0.022860978159617518,0.006561093119312545,0.10608529570056338,-0.2845528455284553,0.06377915369326992,0.019569907281836985,0.3188154581721244,-0.06683952751368483,0.031110545448060984,0.012592116782345153,0.05486218619749329,0.09395973154362425,0.019150883581725675,-0.0035058709107376406,0.06570207604994982,0.031670013903908556,0.055056607577722495,-0.05395655710431659,0.5911190318299246,-0.05020988052954467,-0.0010457953910859203,-0.01709335920576942,0.10120439158408145,-0.008368200836820106,0.026929522183718285,-0.04287285429761376,0.4761336098385061,,,,,,,,,0.3188118811881189,0.21753324531755544,0.19079720162730202,0.13339043245743532,0.013299686263811283,0.031800846183000976,-0.03358979494194807,0.3194755653881877,,,,,-0.0020404786852699086,0.030133659299877547,-0.02757097490436593,0.2298094748947234,1.138755980861244,0.3338355183106234,0.24094170507504398,0.05891084608301289,20.333333333333332,50.89137027846706,30.48482216708023,35.2556160209638,,,,,-0.8487903225806451,-0.062362434148805636,-0.1153090868999251,0.2210805860619279,0.7427409988385598,0.36104664364433114,0.2431614175384444,-3.1468778940700903,0.4761316872427983,0.29675621384666534,0.18004897878238962,0.1399657711169655,-0.04476559746210784,0.11211647892822778,0.06632942981602845,0.34196311766590803,,,,,-0.9755102040816327,-0.5013892606609397,-0.3534443907511054,0.7509643010087987,-0.21385339609952925,-0.02018887714481436,0.04329945525283394,0.4672275077889788,-0.1712671853351806,-0.005325338323752778,-0.0009407661641690712,0.3955487000358887,,,,,,,,,-0.03809362566663843,0.044347735020883926,0.028691823404657944,0.2746895613938237,,,,,0.0,0.0,0.01333333333333333,0.09416666666666666,-0.03875882155259325,0.0008392600450708813,0.18907882519647187,0.638660433904312,-0.9886363636363636,-0.33967822882917226,-1.1984050927652241,0.9978972822661415,0.01016971538004352,0.006859811855728186,-0.007006856501643855,1.5418279783290036,0.0653481012658228,0.010530224648244971,-0.08229268453036676,0.18777293872620007,-0.0020404786852699086,0.030133659299877547,-0.02757097490436593,0.2298094748947234,,,,,-0.0020404786852699086,0.030133659299877547,-0.02757097490436593,0.2298094748947234,-2.4518828451882846,-0.4866694698211938,-2.5309507718531843,-1.897072030082391,0.05981794538361518,0.057585745903775555,0.026824441205875082,0.15661874001224158,-0.42669172932330823,0.23120923560213635,-0.7143388902783201,-11.129517690996547,0.08411214953271018,0.03463316064713392,-0.01602565916727521,,-5.943060498220641,-0.6077874485785344,-0.5350491814758878,-1.326665752445677,11.705882352941176,2.9534583869041735,1.0023195623870342,,12.333333333333334,7.289241622574956,3.707888407888408,2.941480595635641,,,,,-1.3342939481268012,-0.44142917294230993,-0.2823334976020578,-0.07066783966639038,5.485981308411215,1.877324164114227,-0.7868809705373051,-1.1269246642609874,0.6200000000000001,0.08854711162966174,0.07487429872382878,0.2403158769584981,0.5222672064777327,0.1776926724295145,0.07211397327605991,0.0283812155437006,-0.7647058823529411,0.9453816388559989,0.23732739040821177,3.059037497302699,-0.5037593984962406,2.7726396410606937,2.0635837846364162,inf,-1.0,1.3857142857142855,0.9025396825396823,inf,inf,,,,-0.5942360475754803,0.6361377309918539,-0.004826543866016308,0.6799088672401783,-0.5218658892128281,0.015977342628300972,0.5705103301372686,,-0.02631578947368418,0.22816500711237553,0.6416609090293302,1.6349392465622294,,,,,,,,,-0.8279165241190558,0.5504461593365031,1.449913713301017,47.32562535605451,-1.1558245083207261,-3.9058266631016885,-2.4968195844229646,-2.0743250501016517,-0.5,0.8333333333333334,-0.26666666666666666,-inf,-0.541044776119403,11.244876966518758,6.091370624355699,1.8392147158092158,-0.38557993730407525,0.287643471231899,0.13730409826321258,0.1134646363786066,-0.4565587734241908,0.4322731765812446,0.2651243110761404,0.1051862103559277,0.6883852691218131,0.08152692704871123,0.10456170748648012,1.4706194416070786,0.25021349274124693,0.3336804004960045,0.2867875588337173,0.026974568989521452,0.2389280677009873,0.3043386090211739,0.2938782668919443,0.032318615591884835,0.2389280677009873,0.3043386090211739,0.2938782668919443,0.032318615591884835,-0.09452800476859835,-0.1718597940098684,-0.12363280408029312,0.15522960355120213,,,,,,,,,0.2389280677009873,0.3043386090211739,0.2938782668919443,0.032318615591884835,-2.518962981291325,-0.672859602781044,8.835879131660503,-22.71245710546713,-0.8487903225806451,-0.062362434148805636,-0.1153090868999251,0.2210805860619279,-0.18279569892473113,-0.06566626827650905,-0.00875585527195526,,-0.43994981851907566,-0.243241881443377,-0.07189089145244394,-0.5953699381251809,0.012623490669593895,0.041134958259480915,0.019665423862195698,0.04178222014904216,0.23225030084235865,0.09004829803617909,0.056964392674001704,-2.5332260217049396,-2.1202185792349724,-1.924020640188564,-2.393034041655496,-1.908227447384554,-0.9620811287477954,0.1415064513066804,-0.7413265320156337,0.19294874058233255,0.0653481012658228,0.010530224648244971,-0.08229268453036676,0.18777293872620007,-0.08177091539309911,0.05488004422245274,0.04318386626082238,-1.6505624128996774,-0.08177091539309911,0.05488004422245274,0.04318386626082238,-1.6505624128996774,0.5053728425022412,0.006094246951229139,0.076819597223267,1.4431029237429538,-0.04038397027326901,-0.010772051067558075,-0.005301563599878723,0.06596321933699176,-0.06361112835373595,-0.02896058256335965,-0.011959079478090185,0.004051262531555033,-0.015289283234383388,-0.011123401401370395,-0.5759087357833795,-0.49041814502362485,-0.2713765133389239,-0.10801395798739051,-0.02110223173706085,,-0.05506096140790728,0.0034420408958910262,0.007135305408717252,0.09894226720703234,-1.9987925491223337,-1.8578931136758134,-2.396316802881384,-1.8230635619184778,0.09868059854499345,0.03058249720559066,0.035025860978306754,-2.673829375423683,-0.966191342671985,0.12257972354597642,-0.7726701370732398,0.22789118386566382,-1.787333576026858,-1.0911513783870077,-7.746942370246782,23.116045598684188,-0.04039817449684613,-0.01049588289763026,0.05981209248853085,0.025461294993688443,0.10802406499948902,0.05158854465386501,0.04173914279744149,-0.017282199281878064,-2.350459256215772,-1.939370976535189,-2.488298284543655,8.618633480453417,0.6679893362891691,0.07839332953452242,0.1320131637098244,1.3918526033638852,0.5038780033352499,0.17205421910222485,0.09016395431798904,-0.014278003603949808,0.05247854553456199,0.006329747377967728,-0.06668901552476317,0.054732628620860105,,,,,-0.033996829311255916,0.10106520134669354,0.0596525544155035,0.30286073071546005,-0.09325114529142109,0.09519356972273448,0.1965717051798724,0.08123632506808755,-0.3639564741202106,0.2450457080855981,0.11271877897944423,-0.020350627447837,-0.38557993730407525,0.287643471231899,0.13730409826321258,0.006011242167541353,-0.3639564741202106,0.2450457080855981,0.11271877897944423,-0.0756040920984006,-0.013064576334453126,0.1194639991154911,0.07314826294566504,0.547398707442057,-0.013064576334453126,0.1194639991154911,0.07314826294566504,1.3429480946367893,-1.3342939481268012,-0.44142917294230993,-0.2823334976020578,-0.07066783966639038,-0.36783385889552667,-0.15764674945399149,-0.10249851852220486,-0.0493562904575772,-0.16932175713887443,-0.11872119760421163,0.04631510520838169,-0.005675392775449229,-0.34157084358828194,0.16057734507254098,0.06608903162845589,-0.034138095197819754,-0.3843236628611183,0.25224269473533883,0.16082553041403166,-0.0570353082301424,0.3855862562564214,0.27934894084410394,0.30800718392702314,0.1060286406703835,0.47914986100650214,0.26626389099953013,0.21628443094228791,0.06351016909529819,-2.365416637350782,-2.5889488351257475,-2.8548294233193108,,-0.9743119996813892,0.250014352344563,-0.6820779539229539,0.8906191845830806,-0.5837633810005305,-0.07120370782631986,-0.08091878856844523,-0.08888267651725294,-1.3349774624990762,-0.4750262950190982,-0.2493712746033792,-0.16525274836157244,-0.16957271616284442,-0.03776257046931334,0.036869753893366955,0.050924929987510525,-0.03202169020231005,0.0657492241888028,0.09363830814785457,0.029915442801837656,-0.011046638078726745,0.08248089633713014,0.1068356445776866,0.11813052065334333,-0.09325114529142109,0.09519356972273448,0.1965717051798724,0.08123632506808755,-0.0970966455091572,0.03721055885574213,0.16935216493768318,0.08195525027318608,-0.07360286981044761,0.11368635464588439,0.21204720192700566,0.17362022319562595,0.06752636606173534,-0.0174706864913106,-0.06321546049284085,-0.029173178144085467,-0.06325498667620766,0.021770592186160582,0.08234642384224548,0.03951545162773238,0.04756687678343252,0.0006789872573232195,-0.0061165736588594255,-0.12062676859596722,-0.6753183871532935,0.18602401131312973,-1.189130162482245,-1.2264962984080303,-0.3639564741202106,0.2450457080855981,0.11271877897944423,-0.044357025122266955,-0.96057945735261,0.032523798663482505,-0.7954598824036822,0.339743377781775,0.7675088592245694,0.11003447933074695,0.12258481376333155,1.5470330173232147,-0.6835524335866574,0.14742596003404204,-1.2000022290184427,-1.2495842224321903,-0.15070409693756992,-0.16679442228685334,-0.06488053759934724,,0.14785161462503327,0.060700594799309705,0.02759800421903913,0.03570526123373171,83.02823529411765,26.800357494858147,15.045763068828933,,-1.0261170323610285,-0.36769765774916613,-2.3653670566698883,-5.862496611107622,-2.36282483017822,-0.4383081046564075,-3.7055160199964754,-2.0009508367702376,-8.288387164074294,-3.220191209183018,-3.5694726540546844,9.611562259629995,-0.07603642616060624,-0.002414431292458996,-0.051803301854923635,0.2621990431817715,-8.888175865839042,-3.488760734378016,-4.059746921923411,11.810706824101427,-0.07603642616060624,-0.002414431292458996,-0.051803301854923635,0.2621990431817715,-2.2124055654922308,-2.03224216049103,-2.68037801012382,-1.6876965286432788,-0.9589606426856869,0.054713975843903584,-0.8951689978174631,0.16409115919543266,0.12386604804098922,0.026892354433805072,0.05621904753888305,-0.002246703037014253,0.1867608898355111,0.02205974441232017,-0.018269979101584677,-0.022231314670222768,-0.9117280648309136,-2.679747083884146,-1.8641272701486877,,0.825416993064445,0.35722341670932173,0.24767430330709966,0.452893225924144,0.1263556198681608,0.03408120770822076,0.07547159908722019,-0.005568441408411851,0.11004467661569528,0.02510811253987429,0.020480507854938955,0.008099116322730738,-0.3938611896205835,-0.21739153081033105,0.03188579841141996,-0.7633547952744983,0.33365679744486587,0.10182409133428438,0.1287666628519679,-2.853792564413216,-0.3938611896205835,-0.21739153081033105,0.03188579841141996,-0.7633547952744983,-2.122509034994903,-1.9231109387180492,-2.5936066655451695,-1.666001296519834,-2.106253794778385,-1.8073681661019212,-2.3509421669913904,-1.7001512818129172,-8.303289370366887,-3.2494685224541606,-3.8846783985102435,11.641133246726614,-2.581177147977015,-0.6631863621334056,-2.461684200032399,-1.1348525375584715,-0.9644070598078223,0.16383610052548025,-0.9741021339349609,0.1143772489877769,-2.5104251438055956,-0.52852174586471,-1.6678700144067782,9.908435717787414,0.05237566060664767,-0.005749670597913943,0.04347060395134981,-0.012122267318870561,-0.014192347783390846,0.01407092161666342,0.13982332455365662,0.0305636638678778,0.5253797112655134,0.14986490714328793,0.09889449964557817,0.005374066583323822,0.39152032984774365,0.14685665312843246,0.06621378087492844,-0.012971522831453208,-0.03679341905466249,-0.028450916962917572,0.2716406416197986,0.7733347443974158,-0.058117478870346795,-0.007753713043899861,0.04111972500673737,0.03457903852243992,11.731861444843188,2.9733852853590297,1.0375495376252166,,0.0,0.0,0.0,0.0,-0.42330448604733306,-2.438314805190894,-1.5138107362836328,-0.44103033725049395,-0.6796777658431794,-1.4269012169109656,-1.9727777040027838,-1.261109561570085
2017,9048000000,2593000000,6455000000,0.7134,997000000.0,3294000000,633000000,4924000000,7517000000,5000000.0,229000000.0,844000000,2006000000.0,0.2216,1285000000,0.142,-352000000,933000000,0.1031,828000000,104000000,0.0115,0.08,0.08,1370100000,1392700000,188000000,0.0,188000000,1548000000,1078000000,1008000000,3822000000,1696000000,6998000000.0,5837000000,12835000000,0.0,0.0,688000000,15219000000,0.0,19041000000,530000000,1801000000,0.0,191000000.0,3132000000,5654000000,3776000000,0.0,191000000.0,2409000000.0,6376000000,0.0,1000000.0,12030000000,0.0,16000000.0,-8390000000,-59000000,15444000000,7011000000,19041000000,0.0,19041000000,104000000,844000000,245000000.0,127000000.0,-1484000000,-30000000.0,-107000000,0.0,-1832000000.0,1590000000,1426000000,-319000000,-560000000.0,-131000000.0,0.0,0.0,-1010000000,-3216000000.0,85000000.0,0.0,0.0,3241000000,110000000,4000000.0,530000000.0,1017000000.0,487000000,1107000000,26.585,26.5,26.5,145427950.0,0,0,26.5,0.887459807073955,191000000.0,-224000000.0,1081228295.8199358,6206000000,2317000000,1162000000.0,-183000000,7011000000.0,-5824000000,-5824000000.0,0.12234748010610079,0.510302091402014,0.11019009725906277,0.06996021220159152,-0.02475685234305924,0.09328028293545534,0.1284261715296198,0.256078691423519,-0.020225464190981434,3.8319066147859924,0.5442086648983201,6.6038975257280494,0.9378877454200424,0.8079702211517408,-0.2328297204583607,5.117144733961025,0.0,5577000000,0.795464270432178,0.03370987986372602,188000000.0,0.03370987986372602,5389000000,5389000000.0,-1832000000,0.6759816059426954,0.03855677396533427,0.049188906331763475,0.009873431017278504,0.8064470118385394,0.29693818601964184,5.074235807860262,-0.032366466218606296,0.033250795896710296,-0.09621343416837351,0.33485636258599866,0.292894280762565,0.28302084974528646,0.795464270432178,1.715875053487377,0.7686492654400228,0.36820545139435956,2.715875053487377,-2.065590659340659,2.6864406779661016,0.03370987986372602,-0.015211970074812968,0.2930897537728356,5.997008973080757,0.04106150259996414,9078000000.0,-0.15706806282722513,-1.7596153846153846,0.014833832548851804,144614147.90996784,13387000000,0.010802580705906315,13387000000,0.08680062747441548,-0.013669978337192799,0.475185126831574,2.4053803339517623,-301.6,48.12765957446808,0.33900530434325926,1.0401224621334193,0.08076703487113886,0.17307835960259954,0.08076703487113886,0.06102620660679586,0.18723815662262328,0.007594881986763712,-0.017857142857142856,-0.02610183996576808,-0.012395709177592373,0.052360695341631215,0.14220510626158894,0.016753321779318313,0.18808962264150944,-0.4406281182710992,0.05661467359907568,-0.001575547502757208,1.0,-0.07678410117434507,-0.0423728813559322,0.07894109229668489,0.07121918235262077,0.046442835378183236,0.016199226110599273,0.06971947194719474,0.05616196802497753,0.022109090911592456,0.018470819335430898,0.08269037235826904,0.07755548322700993,0.05743977545252963,0.016030834111131785,0.003516669011112805,0.006112114167137491,0.010874940732504657,-0.00034907397316926716,0.08369565217391295,0.06871312831760597,0.02536386249746798,0.001040959688222065,0.06292352371732823,0.043864611182007206,0.05433834010131093,0.054070587763062894,0.014423076923076872,0.04933058456016526,0.02996464137976205,-0.39992133482163633,0.060521214731854345,0.04918747511367383,0.04431739447473402,0.045551635236427114,0.06367624168671293,0.05149171592831422,0.03602527290242421,0.02781273585023699,0.0,0.0,0.006666666666666665,,-0.01716738197424894,0.039356656017277857,0.0052231890126655635,,0.03558282208588959,0.05203014088063954,0.0434249665714491,0.011450907571149017,0.6375510204081634,0.870041208009718,0.18143923674570517,0.010462187238286758,0.516769336071184,0.7162373321950911,0.08482995748227688,-0.036644741310569294,1.8747203579418343,-0.13529112719361924,-0.9890460999631898,9.223050772392106,1.664165103189493,-0.16147869976841167,-0.9888983571495457,9.450214269919034,0.3037037037037038,0.2308338772606059,0.14681241389311167,-0.004497879169919883,4.271186440677966,1.091964166942023,0.7225402504744857,-0.42013553887805444,3.886255924170616,0.9676227963131274,0.6338944304556111,-0.4836617277647449,-5.870588235294117,-2.1343722591039036,-0.39284055003247786,3.3905227931809825,-0.7002881844380404,-0.7145892227605958,-0.6261104495571189,-1.2975148612650484,-0.7222222222222222,-0.6761315274902232,-0.6091235638474385,-1.3176777164588613,-0.6923076923076923,-1.6789173789173788,-1.84556649809245,-1.9786214153994877,-0.6799999999999999,-1.6562962962962964,-1.8319938485198004,-1.9718350906131632,0.009207424867412994,0.011398913134335645,-0.004993358876552101,0.009016501889002892,0.011254719721173423,0.011017281230902879,-0.0016881894949016597,0.010713001047610683,-0.04081632653061229,-0.29431834575295945,0.1740846531818092,-0.032706981760666554,,,,,-0.04081632653061229,-0.29431834575295945,0.1740846531818092,-0.05887775040806026,0.05163043478260865,0.09463620805495683,0.052597441858861484,0.011259130709567734,0.12879581151832453,0.047584071036591534,0.04241692567002364,0.03977827398158242,0.6363636363636365,0.10640884039075327,0.13080632593126626,0.3131087561150574,0.1799938252547082,0.025238897915892993,0.05393709761428518,-0.013417412652938599,0.04049079754601226,0.04105661299227655,0.017286899376907926,-0.0009709015643905916,0.04791853848457617,0.05902640906450111,0.03324214905587084,-0.05888787593152489,-0.007819139894611582,0.01561953332751694,-0.012972033469258393,-0.040755567920774595,0.021813549876602112,0.03818020674993198,0.010424191023277695,-0.05450966703461009,,,,,,,,,0.033033033033033066,0.180026736112933,0.1796102139278588,0.13136040242740532,0.02436561890018174,0.04297090007401535,0.015858528178203768,-0.0487976660730969,,,,,0.05222148541114069,0.03806643814541114,0.021727244206983864,-0.04437296416787171,0.18568232662192385,0.37404941038242995,0.24950674182800014,0.15941561251249575,27.140625,15.493800834022608,35.91294716708023,38.06519134147662,,,,,1.5466666666666669,0.2691653436289722,0.20494127700109388,0.09219462114964719,0.04365211596134633,0.2598242331916642,0.2587219633226577,0.09197007614673397,0.5762475606356288,0.30206972821058836,0.29917231492722424,0.11976767390128566,-0.3033210332103321,0.04074749004362569,0.0059001303856134335,-0.0655685564705758,,,,,9.61111111111111,2.7470124934469484,1.5850780995676315,0.7494799922725817,0.03036783575705737,-0.022652226040638917,-0.00431223655989803,0.08838726871096278,-0.18004115226337447,-0.04629259700543642,-0.0463462905897837,-0.06323570266478146,,,,,inf,,,,0.05869928716008088,0.04553962925234097,0.03344768164174607,-0.023068511934112957,,,,,0.0,0.0,0.01333333333333333,0.006666666666666665,-0.022258478032863294,-0.011208781835195136,-0.0010838952902651132,0.7415372253972136,-60.0,-20.459175084175083,-13.046231179721747,-4.903401419032559,0.009609727397528856,0.010085295819758441,0.0014737066230659178,6.844097311378138e-05,0.041289172731323376,0.028473330142975223,0.004939870354134501,-0.06536110523373627,0.05222148541114069,0.03806643814541114,0.021727244206983864,-0.04437296416787171,,,,,0.05222148541114069,0.03806643814541114,0.021727244206983864,-0.04437296416787171,-0.7002881844380404,-0.7145892227605958,-0.6261104495571189,-1.2975148612650484,0.03558282208588959,0.05203014088063954,0.0434249665714491,0.011450907571149017,-1.8032786885245902,-0.6299733466713817,-0.15325549754845547,-0.7098455598490059,0.09482758620689657,0.07259156239863913,0.03418985807410411,,0.06839452843772498,-2.510915198358552,-0.2884935634595756,-1.4589288637044686,-0.8611111111111112,3.1746721749496447,0.8539068639743359,,-3.675,2.5404320987654327,3.4173328523328528,2.6051494268044726,,,,,4.264367816091954,1.0999369033568052,0.5779360594530049,0.25863352527613837,0.14553314121037464,1.5953795756927454,0.9847581252372372,-0.24094277871137834,0.46707818930041145,0.18663047602369906,0.11828993658391107,0.1827047590114629,-0.15159574468085102,0.10811313848827846,0.09311061381357391,0.013221641075615497,0.37254901960784315,0.7553569951187226,0.5788174389205614,-1.1084469372294075,-0.007575757575757569,2.906478024899077,1.8620686331212646,inf,,,,,-1.0,,,,0.13866967305524236,0.492887271133075,0.37349256629769795,-0.8962423142746241,2.921951219512195,1.172456426972217,1.3119253674281375,,-0.23423423423423428,0.2131499920973605,0.5948140621824832,0.06789880186221028,,,,,,,,,5.443339960238569,2.5490491913501825,2.6589356876496155,50.16550075335225,-1.5339805825242718,-4.167712808059444,-2.6900770606024267,-1.2431319133855259,-3.0,-1.1666666666666667,-0.36666666666666664,-inf,-5.308943089430894,-2.5247707299582074,5.451804228691742,1.5696054151033583,4.188775510204081,1.115545599825272,1.020003020528748,0.3902522019128029,0.5266457680250785,0.5917187063416169,0.31974923932904337,0.20468720691152198,0.8573825503355705,0.298424256650811,0.18228821755359426,1.3887420382776463,0.21061020036429867,0.2782331095386364,0.36811975405467295,0.07965967335684285,0.2067395264116576,0.27501500867308665,0.3700713845572852,0.0889881311836884,0.2067395264116576,0.27501500867308665,0.3700713845572852,0.0889881311836884,-0.23288755470032452,-0.16265451452010937,-0.12169246999681409,-0.02933770932402824,,,,,,,,,0.2067395264116576,0.27501500867308665,0.3700713845572852,0.0889881311836884,-1.9240022697181767,-1.5392408824864017,8.645012587423267,-22.800832184677024,1.5466666666666669,0.2691653436289722,0.20494127700109388,0.09219462114964719,-0.01754385964912286,0.040645107647577894,0.00552896710427,,6.766625070416324,1.8619142033434757,1.1779061733952152,-0.08632308944653792,0.1212285456187896,0.040283650954921625,0.05039847475810551,-0.013322004419318745,0.13134765625,0.14690681525027208,0.07126164919180258,-2.498025528380409,1.8341463414634145,-0.012308493364125686,-0.9928353259088591,-1.2280675831596493,-5.255813953488372,-1.429220841365544,-1.2193584815918126,-0.15926345503550254,0.041289172731323376,0.028473330142975223,0.004939870354134501,-0.06536110523373627,-0.0006863417982154729,0.05837383415596294,0.022108265592226183,-0.026316604666336084,-0.0006863417982154729,0.05837383415596294,0.022108265592226183,-0.026316604666336084,0.7214865237747672,0.19061004932043413,0.1122518861139633,1.4002625489506746,-0.018257157489897646,-0.031215240765224344,-0.0020776928897241476,0.035506932040810756,0.004406690885326414,-0.0002996639717279444,-0.01925415708097067,-0.014592885275600409,-0.059797532816431964,-0.019764707609951932,-0.014924847855471879,-0.44914589795533305,-0.08942559759256674,-0.018560418966712972,-0.03056925554572294,,-0.04018594761137606,-0.01610590181288248,-0.0012209970465590914,-0.004890440627107318,1.6267850596277844,-0.046355353184360425,-0.9947090076072218,-1.2416597931269544,0.048572219862124344,0.07013389013104354,0.02186091772369043,-2.6315806476023917,-4.944435876873728,-1.3394696376208606,-1.1692268846609752,-0.10761126050117631,-0.6310871727742109,-0.8293368424082231,-7.615988466508521,23.192869240035254,-0.017072180952549587,-0.01993513794236949,-0.0008119816712776285,0.026023794907599217,0.0690974577782495,0.05916629323506658,0.05147262411200222,0.008824328485259336,1.8484930719960841,-0.14309217719186784,-1.0004317493658128,9.101240234324816,0.8404368661671195,0.28450905375160757,0.18492539298931357,1.4021782376575629,-0.15933609443013175,0.09539767354260253,0.09876799515516707,0.004875125380201073,0.03178905255094122,0.016905670027558013,0.009816335617045513,-0.0739995066521271,,,,,0.01695842450765861,0.10498844976748538,0.06327892601029972,-0.036136496140704764,-0.023365985992003124,0.0814202516113685,0.06177687741795383,0.05554714948024313,-0.0568113205475842,-0.3375933452329853,0.146118173229309,0.02933442914273763,-0.04081632653061229,-0.29431834575295945,0.1740846531818092,-0.07670874151612575,-0.0568113205475842,-0.3375933452329853,0.146118173229309,-0.021820999156733932,0.019099848714069667,0.15466481868436197,0.0742141014916838,-0.005972650233426424,0.019099848714069667,0.15466481868436197,0.0742141014916838,0.0028533062385067256,4.264367816091954,1.0999369033568052,0.5779360594530049,0.25863352527613837,-0.2513905463055115,-0.1639592216191469,-0.15127515378993012,-0.0792507114208128,-0.6643127470542378,-0.3655679385672916,-0.04064325558947366,-0.08272130985120091,-0.18712822648682703,-0.32137380286164746,0.06934854907025423,-0.0735441999462786,-0.08842036893534799,-0.3206665958061799,0.15069968984278753,-0.02513498823879957,0.513746231031192,0.25722369310516985,0.2866486461555394,0.20762960331189223,0.4980187940372005,0.2598755308747927,0.2724740422236129,0.16644312305919723,1.883651081052295,-0.1772367586033653,-1.380870031880648,,-3.6999654494451346,-0.7474694569152724,-0.8415702368669796,0.6618823530994614,-0.3914765057066335,-0.44625503345180456,-0.117332891546077,-0.1544630168904771,4.003098576755423,0.9851485400093424,0.5122056932125963,0.283097954599537,-0.22073550188320068,-0.08360847704873804,-0.06716241053153522,-0.013682554987908536,-0.03351296413578109,0.06210901101790023,0.039004998269258497,0.010410287498382909,-0.03147781826953411,0.10923811910513521,0.04889991226458836,0.04226966050395893,-0.023365985992003124,0.0814202516113685,0.06177687741795383,0.05554714948024313,0.016719768998548767,0.01994280287114425,0.030645268248307312,0.07064938008504439,-0.02130947348568968,0.13155044511329136,0.07272451371062234,0.08807218153500412,-0.010389744774642606,-0.0076568795891608366,-0.015499087656871802,-0.024376264734562048,0.010498824885638136,0.01144236658066522,0.018144671613640705,0.03436776292273609,0.0594264157913722,-0.00185887396016086,0.018400590050148734,0.011795186621696974,-0.37766833764968333,-0.163370788046866,-0.9595368065652187,-0.8775478025546244,-0.0568113205475842,-0.3375933452329853,0.146118173229309,-0.001054665523341669,-5.0198515339558085,-1.4516018982595267,-1.2388894299353825,-0.04406434506898123,1.6653464185382028,0.5568535101625169,0.3615586717889401,1.7574872109264885,-0.35348622793065854,-0.2802389303933925,-0.9633792853286712,-1.0083272742510538,-0.033556737089255995,-0.06572180224470381,-0.0575752486754544,,0.05533596837944654,0.07532666487756805,0.048374960427909966,0.016760105883231347,-0.9454624781849913,26.93123518697045,14.870307436713324,,-15.19968694096601,-5.255605962631182,-5.245754469674933,-7.295346450697953,-0.7121723499959101,-0.674352408992554,-0.5991693356125063,-1.8127376104381363,-0.8349760221517494,-2.804926018762853,-2.302508913329178,10.065432650185434,-0.07733131159969675,-0.015737024637110502,-0.02517132468402481,-0.06932447058948293,-0.8211449245835312,-3.0549022451636234,-2.4610307678158336,11.931796182111711,-0.07733131159969675,-0.015737024637110502,-0.02517132468402481,-0.06932447058948293,2.0716836683568154,-0.003818136209721601,-1.010486930805246,-1.286909890521231,-5.6125050161472165,-1.6408147879450687,-1.3450586255710193,-0.27984672685710466,0.02539351957359437,0.03381528165026774,0.025223073081222912,0.06748367500291222,-0.05233571826570427,0.0166463140633694,-0.014813863747069455,-0.016330463880394597,6.768375864536131,0.566007845664001,-0.5263690375352059,,0.12485347920292678,0.6048605980213252,0.22729838617760229,0.5020944120603831,0.028956723816776053,0.039835038724227854,0.03619186863432724,0.06711103932392583,-0.03437138076006785,0.03836860224390796,0.00952530512754315,0.03610752049204459,7.41756653071416,2.0859700946157003,1.3309474705042388,0.015253738032138576,0.22616890599322104,0.17785930225824664,0.10551417252496946,-2.7495654899820337,7.41756653071416,2.0859700946157003,1.3309474705042388,0.015253738032138576,1.693488377455068,-0.08501024906342443,-1.0206058807913199,-1.2920819704245745,1.5277151144054142,-0.10431257975919965,-0.9840917184506198,-1.210130377425932,-0.8431661203118563,-2.84689000952376,-2.3218329037683603,11.772094100245594,-0.7000823384108688,-0.8947398873692567,-0.7316437428674829,-1.1422274702520228,-5.087062523012011,-1.3525725809870448,-1.1748982718339662,-0.27379253362796535,-0.6934651860146392,-0.7496774641567733,-0.6499412077011163,-1.2234867580583577,0.029912111850172396,0.029997231647598415,0.003727124321557529,0.051798437351217586,0.040724978760085184,0.04066356589730243,0.020782417709168777,0.09314423277200995,-0.19370183266344632,0.07598897478079651,0.07562068073412809,0.059646795588654,-0.18461147631473296,0.05715252750375658,0.0705302122239081,0.009992590255497601,-0.07078354175109991,-0.04733352434533222,-0.021225855683359374,0.867601297338062,0.07277396172656925,0.008011212419994215,0.019983606168631218,0.0946280645790309,-0.8680041314356739,3.1874671000795236,0.8452769590881554,,0.0,0.0,0.0,0.0,-0.587717799099913,-2.3430363380940444,-1.5987482519241873,-0.30959579235995355,-0.5323713544052527,-1.3640341885208078,-1.7517748357492144,-1.319972888459412
2018,9823000000,2813000000,7010000000,0.7136,1113000000.0,3569000000,669000000,5351000000,8164000000,3000000.0,241000000.0,894000000,2557000000.0,0.2603,1506000000,0.1533,-84000000,1422000000,0.1448,-249000000,1671000000,0.1701,1.21,1.19,1381000000,1401400000,146000000,0.0,146000000,1608000000,1166000000,1083000000,4003000000,1782000000,7911000000.0,6372000000,14283000000,0.0,0.0,931000000,16996000000,0.0,20999000000,349000000,2253000000,0.0,328000000.0,2330000000,5260000000,4771000000,0.0,328000000.0,1914000000.0,7013000000,0.0,6000000.0,12273000000,0.0,16000000.0,-6953000000,33000000,15629000000,8725000000,20998000000,1000000.0,20999000000,1671000000,894000000,-87000000.0,140000000.0,575000000,-110000000.0,-83000000,0.0,-1257000000.0,-2883000000,310000000,-316000000,-1448000000.0,-172000000.0,0.0,15000000.0,-1921000000,-1171000000.0,101000000.0,0.0,0.0,2502000000,1432000000,-8000000.0,-188000000.0,829000000.0,1017000000,-6000000,31.575,33.155,33.155,149371350.0,0,0,33.155,-0.1751054852320675,328000000.0,-238000000.0,-289200421.9409283,6716000000,2547000000,1663000000.0,3224000000,8725000000.0,-5558000000,-5558000000.0,-0.0006108113610913163,0.509129814550642,0.11330550748243917,0.06810546676168176,-0.024228850656622215,0.09101089280260613,0.16929654891580984,0.2592894227832638,0.3282093046930673,3.553120849933599,0.5447419321999389,7.112961622013034,1.0905141202027517,-0.004344677769732078,-0.22881969587255613,6.317885590152064,0.0,7024000000,0.8050429799426934,0.020785876993166287,146000000.0,0.020785876993166287,6878000000,6878000000.0,-1257000000,0.7610266159695818,0.048669201520912544,0.0364726455158631,0.006952712033906377,0.602865329512894,0.25048811848183244,6.9004149377593365,0.6129277566539924,0.027756653992395436,-0.05985999333301586,0.3339682842040097,0.3344921186723177,0.32753940663841136,0.8050429799426934,1.4066475644699141,0.7883094555873925,0.41549597599885707,2.40676217765043,-2.2081684059014033,2.6898709425107548,0.020785876993166287,0.26269045873054675,-0.0012560184216035169,4.7997653500195545,0.03431093394077449,9933000000.0,-0.3353658536585366,1.929383602633154,0.1915186246418338,1769708860.7594936,15738000000,0.11244814212476131,15739000000,0.10566109663892242,0.20484147658682253,0.4677841801990571,2.4125214408233275,-89.3,67.28082191780823,0.3338254202581075,1.043776057176891,-0.018375932262099902,0.1618273079611157,-0.018374764720816335,0.07919424734511167,0.24761762954139369,0.08427586364872106,-0.3006477150053976,0.369512893982808,-0.2403279160074788,0.053002523929710936,0.1275644699140401,0.01504833563503024,0.17732884399551066,-0.331111005285966,0.05552645364064956,-0.005238344683080147,1.0,16.833333333333332,-0.039499413375048885,0.08565428824049515,0.09538940128734767,0.06649823434232585,0.01791131137244446,0.08484381025838794,0.09002393192709479,0.0539778103919631,0.020838299590993294,0.08597986057319917,0.09757584938841801,0.07181942103655721,0.017485963025594565,0.00028034763106243865,0.0019704931895306497,0.0051321936906698175,-0.0005996683546715453,0.11634904714142436,0.08342433660587349,0.05427701278354067,0.004441737418237524,0.08348512446873113,0.07502402207199776,0.06006889556704929,0.05367143665853415,0.056872037914691864,0.05857329786627689,0.04060912195540116,-0.5265600180209687,0.08671811535337115,0.07450088626083007,0.05581571646201193,0.024430467473834438,0.08607157110549424,0.07971913373326389,0.05510726676898048,0.014483342066184101,-0.4,-0.13333333333333333,-0.11333333333333333,,0.05240174672489073,-0.04811436667936353,-0.032572323711321814,inf,0.05924170616113744,0.05154749121021407,0.05351635319167074,-0.0028553955643377594,0.27467597208374883,0.9839764085808441,0.48632700783017546,0.1513647880777437,0.17463898916967513,0.8006611547958089,0.370456815595836,0.09340081054590392,0.17198443579766542,-0.1067558944415734,-0.7484444558233051,9.339774478772823,0.0795774647887324,-0.15864568862968387,-0.7666860126175863,9.557721207593875,-0.7613636363636364,-0.2072488733221447,-0.09248960208254449,-0.07534414041720502,0.5241157556270097,1.1743315013324278,1.0165038934430821,-0.2838201443620295,0.4044616876818625,1.0159699289220576,0.9037737076319413,-0.3582819306779746,-1.3007246376811594,-2.5858958562796746,-0.9760624006456329,3.536640805603343,15.067307692307693,3.971712220893789,2.5814022196812143,0.29537749588856127,13.791304347826088,3.591777375201289,2.343114497449782,0.14850999860359018,14.125,3.6627492877492878,1.1732051282051281,-0.4778651876414804,13.874999999999998,3.6020370370370363,1.1367777777777772,-0.49607886285515584,0.007955623677103896,0.009796968065390729,0.005910341390254192,-0.006995008677784109,0.006246858619946893,0.014781070899470746,0.008873757760473232,-0.00546938602489202,-0.22340425531914898,-0.21660017305127885,0.11974196636918713,-0.04209776700481168,,,,,-0.22340425531914898,-0.21660017305127885,0.11974196636918713,-0.05935421834280202,0.03875968992248069,0.08163330954221933,0.04555891147852609,0.009657571611928161,0.08163265306122458,0.05012969816693632,0.05580227981168033,0.05114581165085576,0.07440476190476186,0.14207185091331434,0.18042117186964163,0.005678542650361174,0.0473574045002616,0.05350390074709499,0.06413657321983054,-0.029493751370429276,0.050707547169811296,0.06171935875314927,0.029730199092200114,0.0035784163043866,0.13046584738496714,0.07001813325781729,0.06871084172054216,-0.049088488349167084,0.0916566729484325,0.011209217508092081,0.01614002937611263,-0.02000020257975017,0.11281651733541098,0.042087288791730994,0.04308372675263359,-0.04082067057268855,,,,,,,,,0.3531976744186047,0.23501419621325223,0.20776608868086083,0.20043544413086917,0.11676194230895587,0.05147574915764963,0.04730601995162811,-0.03361316873092054,,,,,0.10283073367995388,0.05100391346860822,0.04909063939814544,-0.03441469141731908,-0.3415094339622642,0.32764295784030123,0.16913588951830597,0.16265205650365672,0.2509716823986674,15.908310005244,36.013141503559964,34.53314565257364,,,,,0.7172774869109948,0.4717179436656722,0.415371370226249,0.14745581752513776,-0.256066411238825,0.17677556785369372,0.17414512713110297,0.04667146582593177,-0.069685178634595,0.327564689747944,0.27936620470820595,0.08922501155113416,0.2635063559322033,-0.02819342491341222,0.0593069519013109,-0.02840285623429758,,,,,0.7172774869109948,3.1176261313134908,1.7648441632078573,0.8391675110786236,-0.20547945205479456,-0.12965500413242215,-0.04713564954643605,-0.008990763801434088,0.09990589711417819,-0.08380081349479229,-0.019222254024090925,-0.05083016763137092,,,,,5.0,,,,0.020199501246882745,0.013601720913441731,0.04238839869392308,-0.022960196193523928,,,,,0.0,0.0,0.0,0.006666666666666665,-0.17127532777115617,-0.07743087578553758,-0.03820320513376137,0.4261338305511323,-1.559322033898305,-20.84931946584489,-12.515671344077164,-6.259333622422389,0.01197876197876191,0.010586068252111428,0.008433584988695064,-0.0008684997522860005,0.24447297104550003,0.11703674834754874,0.06347056354431166,-0.03959991088771679,0.10277821542986199,0.05098640738524426,0.049080135748127064,-0.03441994324232826,inf,,,,0.10283073367995388,0.05100391346860822,0.04909063939814544,-0.03441469141731908,15.067307692307693,3.971712220893789,2.5814022196812143,0.29537749588856127,0.05924170616113744,0.05154749121021407,0.05351635319167074,-0.0028553955643377594,-1.3551020408163266,-1.195024152888075,-0.49295060450690154,-0.8372605258354007,0.10236220472440949,0.09376731348800542,0.06021785457454156,inf,-1.387466307277628,-2.420710759020181,-0.6284868249151012,-1.5334216963982725,2.6666666666666665,4.503812636165577,2.133186143253615,inf,-0.22429906542056077,2.8113447559709246,3.5936851604608613,2.6261157466775105,,,,,-0.31386462882096067,0.8720697463813973,0.5252431336888128,0.20963367622055049,-2.813207547169811,0.9394356341505926,0.5928596172766492,-0.434338622215777,-0.782608695652174,0.1014898312160792,-0.009977834292555453,0.15382058321318318,-0.009404388714733591,0.12042235769404937,0.07441557677859179,0.005829589300916338,1.5857142857142859,0.39785247432306264,0.9588816443780251,-0.852749008602931,0.3129770992366412,-0.06611935227845234,1.724664052968593,inf,,,,,inf,inf,,,0.9019801980198019,0.14880460783318797,0.5898126128101212,-0.7111345006582109,-0.6358830845771144,0.5880674152407509,0.46680003256399666,-inf,0.18823529411764706,-0.024104909863423802,0.12769921624410788,0.17817864195358665,,,,,,,,,-0.2280160444307312,1.4624691305629272,1.3733324787634693,50.25360718488249,12.018181818181818,3.109458909112273,-0.2466557507295041,0.06674409518938057,-3.0,-2.1666666666666665,-0.7,-inf,-1.3547169811320754,-2.401568282227457,5.41419416579866,1.556197046918649,-0.18485742379547687,1.2061127163681764,0.9733697000208604,0.38471609982102506,1.0882956878850103,0.3861275608286327,0.5823521971307646,0.17142679021381108,-1.005420054200542,0.18011592175228053,0.019308655456232438,1.3502346073256772,0.18769983073161556,0.21617450794572038,0.27987024651678555,0.12016992295731041,0.25113207547169814,0.23226655652811434,0.27417748578937545,0.13180786674934464,0.25113207547169814,0.23226655652811434,0.27417748578937545,0.13180786674934464,0.027115832960582953,-0.1000999088361133,-0.14427022075386936,-0.02293179592920145,,,,,,,,,0.25113207547169814,0.23226655652811434,0.27417748578937545,0.13180786674934464,-1.1973108909680181,-1.8800920473258398,-1.0279783938058653,-21.725952846122976,0.7172774869109948,0.4717179436656722,0.415371370226249,0.14745581752513776,0.0625,-0.045946519524618,-0.03040853289573,-inf,-1.267473967393368,1.6864004281679599,0.9538850917385648,-0.1510359117177896,0.0821785368997745,0.07201019106271933,0.06536239145940137,-0.014085383973309117,0.09926629261976694,0.1542880832373752,0.10015176859566084,-2.488515951945124,0.4311531841652323,0.04836031546455821,-0.701352478987409,-1.1010484457898022,-18.617486338797814,-8.278460473677994,-4.689756187673228,-1.7927811081636797,0.24447297104550003,0.11703674834754874,0.06347056354431166,-0.03959991088771679,-0.04567307692307687,-0.04271011137146382,0.023656142789213176,-0.02647038393456126,-0.04567307692307687,-0.04271011137146382,0.023656142789213176,-0.02647038393456126,-1.0049924310706,0.07395564506880281,-0.05304463328842908,1.364232901023092,-0.0022972213344281123,-0.02031278303253159,-0.010574106405399996,0.0337793905927262,0.0282730508536706,-0.010310462204912977,-0.010840401190216387,-0.013057803134215295,-0.026511432449136563,-0.0338660828333173,-0.023935833893935943,-0.5692220456462274,-0.021327496691438408,-0.12737653587430967,-0.08695899364923534,-inf,-0.024328722656421387,-0.03985854389190158,-0.010837709516024873,-0.01984246273255652,0.3182402535200064,-0.017922411991514304,-0.72573080557593,-1.124899574400065,0.012538065318502545,0.05326362790854011,0.030571555359479773,-2.624303360175191,-17.227528900890015,-7.712718706811908,-4.360845121425163,-1.6103576290563382,-0.07275379931667869,-0.8303915160392492,-0.7954590214503826,-4.054370136296054,0.0009798949116668343,-0.018830153512576293,-0.009515986946754706,0.004653447544738276,0.0770854021131806,0.08473564163030638,0.060189698770605024,0.025054381240492328,0.16273416038115962,-0.11307734127950948,-0.7613771394456647,9.217107221893212,-1.0053772746271996,0.1676829759430297,0.014047916028697437,1.3691378332780049,-0.01722299274298067,0.10910630538737916,0.06792071402671243,0.012018265305016118,0.23465055585042682,0.10630605131197668,0.05708577010705425,-0.03502086124694683,,,,,0.25945849022772105,0.08080669514137458,0.11592250375509205,-0.0021812110361532854,0.012041659024246476,-0.034858490753059246,0.05485127644008936,0.0635359979804727,-0.3833891702612321,-0.26805232164300896,0.05898732668959559,-0.0036341498883035728,-0.22340425531914898,-0.21660017305127885,0.11974196636918713,-0.0719862299851036,-0.3833891702612321,-0.26805232164300896,0.05898732668959559,-0.03944746463391763,0.2763035813694563,0.09411295124969095,0.13075908548599985,0.024941829626929878,0.2763035813694563,0.09411295124969095,0.13075908548599985,0.029474064905078312,-0.31386462882096067,0.8720697463813973,0.5252431336888128,0.20963367622055049,0.12580965114914067,-0.16447158468396583,-0.11970422870366906,-0.06443459806299698,0.2622736944919246,-0.1904536032337292,-0.15164052907498962,-0.026937769953751644,-0.258518876799847,-0.26240598229165196,0.007216986386189816,-0.0640717748102279,-0.2958160115020674,-0.2561866810995112,0.07449834075372022,-0.032599667074626845,-0.2524427263503891,0.2156299203124081,0.21987006544262294,0.15716593196469766,-0.15643009126059937,0.2735795212610344,0.22807607515503828,0.1276260396004074,0.3598924447047229,-0.04062437053125464,-1.1046605959240448,-1.6524337829244065,-19.937123148205863,-8.203800199110796,-4.577409108123462,-1.1280615065282884,-0.16523339535636283,-0.3801577606878423,-0.1540642049083912,-0.13421644612440092,-0.37784163042906393,0.7634264946090942,0.44003561225381277,0.22808117763699406,-0.00265211738887261,-0.1309867784783059,-0.06733506613600267,-0.011216890689590763,0.14202338741968812,0.025496244360532327,0.061151619170063086,0.03291988092506535,0.15729779955501777,0.03825778106891897,0.07465253405937482,0.0615966789474941,0.012041659024246476,-0.034858490753059246,0.05485127644008936,0.0635359979804727,-0.1802156214049403,-0.08686416597184958,-0.010372835167833027,0.04935934190242608,0.025577582691261647,-0.023111586868291883,0.06906543462864503,0.09262639566454867,0.1284351560396857,0.061857259108926144,0.01312667035822226,-0.009899356540897842,-0.1138170459793516,-0.05552440258997371,-0.007601288907046344,0.021325543000853174,0.06902517007230036,0.05867282088236836,0.026097709527128442,0.01208048813399355,0.0012768808084198113,-0.3505699479981857,0.036336115419625115,-0.05754030697722288,-0.3833891702612321,-0.26805232164300896,0.05898732668959559,-0.0243327753043757,-18.26866786081135,-8.08303295070659,-4.638189599755343,-1.6451054768697535,-1.0042854395468803,0.4761899460719639,0.19823288339671266,1.7144893413564741,-0.19964012534171016,-0.412226262286342,-0.02216969463404852,-0.16973820274790202,-0.1644014035471646,-0.11622074585799684,-0.1396682814993961,inf,0.09418374091209514,0.09912377463885831,0.06632429873789417,0.019325136412236533,1.1351626016260163,27.739311805852893,16.118154521603095,inf,-2.096480298764197,-6.10742809069708,-3.6798520425955417,-6.478363736840055,11.910933436191316,2.9453120853390615,1.9767673544452364,-0.5356669221781082,11.237453156113453,0.7046966566291365,0.14838070128252995,11.2887698187357,0.17561813699858075,0.007416799746092588,0.0182087063043014,-0.04993942917937403,9.409377646517397,-0.09998104796839218,-0.37560989624003643,12.972318220057875,0.17569283633375665,0.007441699524484553,0.018223646171336583,-0.04993195924585644,0.21728494036596757,0.025521014410184062,-0.7615515745500614,-1.1815764975571887,-15.98476965610816,-7.518745104980354,-4.286626548944733,-1.6477113513194912,-0.015574870118230999,0.04456156583211753,0.018099142551355717,0.059418781143946595,0.0029688057105852206,0.04579799242679735,0.003362464136368293,-0.02566331941545611,-0.7039124668435013,1.7175784442872388,-0.3949555707919618,9.161678625456254,0.39796579581652813,0.4494120893613,0.31889790502948395,0.5191421093680988,-0.015279654975270951,0.04667756290322197,0.023184138393233477,0.0587870906961527,0.003512658534436275,0.026395318130021234,0.008893123078798259,0.038145660357085484,-1.227517727887598,1.932062537735326,1.1075748420791136,-0.0461685111294516,-0.06500553660964359,0.1649400556094811,0.09332712867728613,-2.7583479281302274,-1.2275032722215526,1.9320673562906745,1.1075777332123227,-0.04616706556284704,0.29770883278680826,-0.043770608251008904,-0.7556271211824541,-1.1783551569547677,0.32247419013243483,-0.08535483008017868,-0.7143830387535829,-1.0926526399143124,10.096401997502559,0.3166488356079385,-0.09903393803435585,12.881327474307119,15.836272040302266,4.185004184638127,2.6293261230982354,0.5269223586339931,-15.156584151439711,-7.069351244753181,-3.9504276745750557,-1.5595127131265738,18.387992454834105,5.061367375004624,3.2217924062450676,0.7118379077693162,0.0122578316405475,0.03151520136578919,0.004984186339395613,0.04514050051981085,-0.10295436452624362,-0.025473911183183096,-0.0040033241832336365,0.07317365062135456,-0.10177003502629844,0.07663594785858956,0.030824570748023805,0.0433628152985539,-0.057210910920419855,0.049899314204196944,0.03974951443002892,-0.0016279151713961104,-0.24854771732418612,-0.11870822604331617,-0.08093680199280776,0.5457600779697633,-0.019221517837098134,-0.0015216783269585605,0.006058260951554306,0.09622356043466267,2.3247773703509695,4.396211561252827,2.075385818998477,inf,0.0,0.0,0.0,0.0,-220.22941176470587,-73.74681134995105,-45.6264147958757,-22.244811806026398,-0.0678138443488463,-0.42662098819909283,-0.9761777698973992,-1.192067314090833
2019,10735000000,3116000000,7619000000,0.7097,1174000000.0,3941000000,764000000,5879000000,8995000000,30000000.0,473000000.0,1011000000,2171000000.0,0.2022,1518000000,0.1414,-831000000,687000000,0.064,-4013000000,4700000000,0.4378,3.38,3.33,1391500000,1410600000,217000000,0.0,217000000,1933000000,1579000000,970000000,4699000000,2415000000,10176000000.0,7886000000,18062000000,458000000.0,4196000000.0,735000000,25866000000,0.0,30565000000,542000000,1416000000,265000000.0,144000000.0,2764000000,4866000000,8579000000,0.0,595000000.0,2648000000.0,11822000000,0.0,282000000.0,16688000000,0.0,16000000.0,-2253000000,270000000,15844000000,13877000000,30565000000,0.0,30565000000,4700000000,1011000000,-4301000000.0,157000000.0,1090000000,-130000000.0,-290000000,0.0,-167000000.0,-821000000,1836000000,-461000000,-4292000000.0,-348000000.0,0.0,60000000.0,-5041000000,-4560000000.0,123000000.0,0.0,0.0,7410000000,2973000000,10000000.0,-222000000.0,607000000.0,829000000,1375000000,40.705,41.195,41.195,145822650.0,0,0,41.195,-5.841339155749636,144000000.0,-443000000.0,-1860953420.6695776,12503000000,2667000000,1160000000.0,7632000000,13877000000.0,-4185000000,-4185000000.0,0.12808570097810898,0.5172594828717679,0.10936190032603633,0.07116907312529111,-0.041266884024219845,0.09417792268281323,0.10805775500698649,0.24843968327899393,0.7109455053563112,3.872859025032938,0.5476478807638565,7.714696370822853,1.0909090909090908,0.9881422924901185,-0.331297161336687,9.972691340280273,0.0,9995000000,0.7202565395978958,0.02171085542771386,675000000.0,0.06753376688344172,9778000000,9320000000.0,-167000000,0.9656802301685162,0.07131113851212495,0.04618003830602256,0.007099623752658269,0.3506521582474598,0.15920170129232783,2.4524312896405918,1.5684340320591863,0.04459515002055076,-0.005463765745133322,0.38678226729919846,0.3270080157042369,0.3199083919515786,0.7202565395978958,1.202565395978958,0.7046191539958204,0.45401603140847374,2.202565395978958,-3.987574671445639,4.503915246430217,0.02171085542771386,0.4573346116970278,0.15517435955309786,7.686780285582681,0.04732366183091546,10865000000.0,-0.9027777777777778,1.6238297872340426,0.3386899185702962,10385152838.427948,25699000000,0.4041072741518327,25699000000,0.045137943110626876,0.2969765360519865,0.3512187142156061,1.973400886637112,-82.57692307692308,49.47004608294931,0.2492720431866514,0.609373750299928,-0.07241345658078437,0.10377835713451886,-0.07241345658078437,0.03795190577457876,0.09277773334399744,0.3397727086022558,-1.1230585424133812,0.5499747784103193,-2.0861074123391035,0.03840994601668575,0.08460041795777186,0.01508261082938001,0.19089026915113871,-0.0737117618190741,0.05166039587763782,-0.0042532308195648615,1.0,-0.08945454545454545,-0.05665591893136803,0.09284332688588015,0.0858129024743534,0.07843103243684753,0.03086921113055503,0.10771418414504086,0.08742582211687451,0.07220877969567227,0.026187002377828728,0.08687589158345221,0.08518204150497348,0.08110444036753624,0.03338884727953413,-0.0054652466367712815,-0.0005560766648653459,0.002630288699140726,0.0025353851978224817,0.05480682839173401,0.08495050923569043,0.07545905209719525,0.01771343767262632,0.10423087699635758,0.08354650839413898,0.06386196700222206,0.06811652504569139,0.14200298953662172,0.07109936812479682,0.06937335622636187,-0.42893211725735175,0.0986731452065035,0.081970825097243,0.06659073718017923,0.06337198449101739,0.10178833904948559,0.08384538394723091,0.06846701158798449,0.043774383122797265,9.0,2.8666666666666667,1.72,,0.962655601659751,0.3326299888034642,0.22662546328729505,0.05202717241301661,0.1308724832214765,0.07523233715616784,0.06924092240490651,0.01821907320509424,-0.15095815408682045,0.25375627946836393,0.5467682884052165,0.4251878915879807,-0.22320399538993463,0.15606810995030818,0.4200293980730027,0.36701720558930334,0.007968127490039834,0.68489097374318,-0.04518416365863045,-1.3094287084781735,-0.07762557077625565,0.5553723324006566,-0.09649684105855165,-1.35004134948375,8.892857142857142,2.81173240339907,1.7647990276550647,0.8191667990937347,-0.5168776371308017,1.426141519724725,0.6566261238644555,-0.592449911590048,-0.5580110497237569,1.2442355207095739,0.5498638053794976,-0.6845676171481478,15.116465863453815,2.6483843301595127,1.4825248896921888,5.15504414870548,1.8126870137642133,5.393235507211288,2.9472454075580234,0.1653330659518511,1.573780129335685,4.880954084979851,2.667337978938221,-0.021307934408787345,1.7933884297520661,5.0753602458147915,2.176327258599986,-0.6167081628480918,1.7983193277310927,4.997773109243697,2.1408860877684406,-0.6344287482638646,0.007603186097031145,0.008255411547182678,0.009951109835428396,-0.007014836681841175,0.006564863707720914,0.008022147349613743,0.009172713204075289,-0.005593046267880109,0.48630136986301364,0.07402692933775079,-0.12401158454300273,-0.006484158944130148,,,,,0.48630136986301364,0.07402692933775079,-0.12401158454300273,-0.009876144669106635,0.20211442786069655,0.09750151752192864,0.10495654838960955,0.03652680401184601,0.3542024013722127,0.18821028865058728,0.11571745350864238,0.06891087937428392,-0.10433979686057249,0.20214286713594196,0.057858297243289836,0.020283524003264962,0.17386959780164868,0.13374027585220616,0.05938873920991785,-0.004185832292848435,0.3552188552188553,0.14880573331155963,0.10581924827309926,0.039503760039528615,0.2863102009859688,0.15489819561850404,0.11877105511288785,-0.002699406938248139,0.2376020087884494,0.10714651394742343,0.07522345634388654,0.012800681372927013,0.2645802702513478,0.13307011248778697,0.09838748156731095,0.0003856982394146224,inf,,,,inf,,,,-0.21052631578947367,0.05856813055405471,0.136550313393586,0.16409618834810014,0.5218875029418686,0.22100502138366873,0.1535124290945741,0.032774821949403364,,,,,0.4555455021667698,0.20353257375262146,0.13451511005659142,0.024147519792402105,0.5530085959885387,0.13239382954939946,0.26672947863471286,0.14601047005934512,-0.3715046604527297,9.006697340648646,9.272173904802752,34.59521393652837,inf,,,,-0.5609756097560976,0.5676561812738546,0.19275958160836276,0.05719036258781961,0.18626609442060094,-0.008716066952292581,0.14193447655135372,0.06966388409152127,-0.07490494296577943,0.14388581301175143,0.15232381260627814,0.08225759417763315,0.7981555229511632,0.2527802818910115,0.2367808698028487,0.06641332633940186,,,,,0.8140243902439024,3.714137662755336,1.9544678714991484,0.9215331725198265,0.3834900731452455,0.0694594856158361,0.022010788593706844,0.06376766242687702,0.6857265079138741,0.20186375092155928,0.1293509228023486,0.034224973432390025,,,,,46.0,inf,,,0.35973274667970334,0.14621051169555566,0.1033102271367218,0.0262739480396638,,,,,0.0,0.0,0.0,0.006666666666666665,-0.6759672083992521,-0.2898336714010905,-0.17617377633519873,0.06430911548321291,7.181818181818182,-18.12583461736004,-11.151005820921075,-5.84884411193288,0.013756478341544476,0.01178165590594508,0.011198225555916342,-0.00048094414007227027,0.5904871060171919,0.29208308326467175,0.18407601349832353,0.03218642970671618,0.4556148204590913,0.203538173766698,0.13451847006503734,0.024149199796625064,-1.0,,,,0.4555455021667698,0.20353257375262146,0.13451511005659142,0.024147519792402105,1.8126870137642133,5.393235507211288,2.9472454075580234,0.1653330659518511,0.1308724832214765,0.07523233715616784,0.06924092240490651,0.01821907320509424,48.4367816091954,15.092800293284826,9.038351905672986,4.019889137674812,0.12142857142857144,0.10620612078662583,0.08831309266977967,0.017696832739306678,0.8956521739130434,-0.14113986830895323,-1.6049119456880483,-1.2308564790069683,0.18181818181818188,0.6624579124579125,2.4745002746667564,5.681708052366789,2.4939759036144578,-0.4684410539353676,1.9781946268980388,2.5755133370389562,,,,,-0.8671439936356404,1.027786397878451,0.4237604175227629,0.1398417777929654,-0.715227193895248,-1.1276338666182282,0.2515407972026355,-1.0436764676557222,4.922580645161291,1.5356833796031761,0.9399726755160428,0.6158859282432309,0.4588607594936709,0.09928687536602876,0.15475915724875453,0.051991147343947344,1.9640883977900554,1.3074505677040615,1.163174733772102,-0.3513593259120481,1.0232558139534884,0.44288571853812403,2.0111333975774723,inf,,,,,3.0,inf,,,1.6241540864133266,0.888267985829457,0.8009592195664708,-0.38036466163713145,2.8941076003415884,1.726725245092223,1.155118759336225,0.8684600496641846,0.2178217821782178,0.05727428068721019,0.20910141051758924,0.24617294138352958,,,,,,,,,1.9616306954436449,2.3923182037504938,1.876152445012692,50.550302169320474,1.0761173184357542,3.8534395180311,0.11823214248784808,0.07582641526825011,-2.25,-2.75,-1.75,-inf,0.18085106382978733,-2.1609363355777274,-1.749635621435382,1.7617821533016276,-0.2677925211097708,1.2453751884329447,0.5787973709141137,0.3449203187844282,-0.18485742379547687,0.47669467737153726,0.5357188766228769,0.16589068812203317,-230.16666666666666,-76.77156805684389,-46.055362790182954,-21.715994230969713,0.2891528107680126,0.22915428062130894,0.26231039402310746,0.16801675662175772,0.24249736088071172,0.23345632092135582,0.26373489247433396,0.16985191663172966,0.24249736088071172,0.23345632092135582,0.26373489247433396,0.16985191663172966,-0.02375756796735118,-0.07650976323569758,-0.09692105571341927,-0.026377991220829088,,,,,,,,,0.24249736088071172,0.23345632092135582,0.26373489247433396,0.16985191663172966,32.3589730099437,9.745886616419169,5.308787894303296,-18.38816258865662,-0.5609756097560976,0.5676561812738546,0.19275958160836276,0.05719036258781961,0.8613445378151261,0.30210022605533443,0.20915597215157194,0.04127942097126226,5.434822633314462,3.6446579121124727,1.9506182551903044,0.4250474272357354,0.8616736152471709,0.355026899255245,0.21294062100234204,0.08015085824021484,0.04711425206124842,0.09257606697700511,0.11742019808636632,-2.4726370140486438,-0.30246542393265186,0.654278033898665,0.018352456028040677,-1.305987431065317,1.3672456575682381,-7.50201821157265,-4.3075806410652415,-1.4775719105269423,0.5904871060171919,0.29208308326467175,0.18407601349832353,0.03218642970671618,-0.24703130622526093,-0.09779690831551775,-0.023516576136089797,-0.032616425473022105,-0.24703130622526093,-0.09779690831551775,-0.023516576136089797,-0.032616425473022105,-210.69764011799407,-70.32704867509663,-42.22616048022068,-19.76079708199386,0.015967771065030112,-0.0015288692530985488,-0.015995034513014206,0.03193455045060741,-0.03480507915305042,-0.0007084458046844692,-0.001486204042912731,-0.012263834957724673,0.044983266531740895,-0.013775232911275878,-0.008164457749450293,-0.4819281328656257,0.7032126124786198,0.19748650606487153,0.1252407717774085,0.00870782652902562,0.034798360753103275,-0.009905436504898057,-0.00756961346839311,-0.011884465007810763,-0.36172499853660356,0.5277667715370624,-0.036510160913935684,-1.3462403655788133,-0.041844126874928445,0.006422052768566148,0.03621912176734095,-2.6207080332908452,1.1661345220580164,-7.001943418568575,-4.015960658338916,-1.3122664043511028,0.08998798200329006,-0.20461766336253318,-0.4941552689076116,-3.9460311129562227,0.005334541719933084,-0.0035859147736498898,-0.01069819543910171,0.03155623218424995,0.08459693455221018,0.0769265981478801,0.06783624327411811,0.03793331184998301,0.00036218761318340675,0.6705298066634757,-0.0532360367162521,-1.3496400094622518,-228.43741765480894,-76.20078602108967,-45.71785355363626,-21.52300833193245,0.4478524677403948,0.09043112685576078,0.14336449912504434,0.057850969086108574,0.5784855863526712,0.28164173158467976,0.1727706304571544,0.036240831880256306,,,,,0.4229783599088839,0.23313175821475451,0.19948043988781222,0.05775003562758892,-0.1053191474954952,-0.038881158154417284,0.03019665327257135,0.05861449775408049,0.044500332357959804,-0.13190005281695216,-0.2703337747204456,-0.03639573346079532,3.6232876712328768,1.1196890297943718,0.5033856757309699,0.3008410989790279,2.249021771159552,0.6029404267835786,0.17057051303987286,0.17679240305500565,0.42163419598720564,0.23901254202357722,0.23238644668194955,0.08936381620384357,0.35504507124164,0.21681616710838866,0.21906862173283645,0.08505066771988624,-0.8671439936356404,1.027786397878451,0.4237604175227629,0.1398417777929654,0.2689178143108657,0.04777897305149829,-0.01943003987948686,-0.030106034164665774,0.46522104911631734,0.02106066551800138,-0.07384181441872653,0.012619869847308052,0.2661554338288241,-0.05983055648594996,-0.19129697031119305,-0.04513770003958689,0.021130131384047957,-0.12103541635112247,-0.24733713350731185,-0.04446457940006998,-0.41835739910473635,-0.052351298141311155,0.020174190772076828,0.10133268881357516,-0.36443412063924097,-0.007615139287546609,0.05175247614490754,0.07683126716098056,-0.6445965479234019,0.5329823259445386,-0.16328287580575498,-1.6168934377167463,1.558921528731799,-7.359389022973066,-4.124121998043977,-0.7932720280721453,0.6066471856718973,0.016645761536300336,-0.17947026200797583,-0.07322515959122587,-0.9087242506904896,0.9055108985452897,0.3337759477816947,0.14170896487126275,0.15814071453242096,-0.021748968246550777,-0.01906736680053316,0.008591589143740409,-0.02237452708239318,0.028711965400504618,0.061195178678199125,0.035999850110080056,-0.023298004857342347,0.03417399214271377,0.09234283040261622,0.06990104014858295,-0.1053191474954952,-0.038881158154417284,0.03019665327257135,0.05861449775408049,-0.1450840805087259,-0.10285997763837247,-0.05309425866004669,0.03545055035573497,-0.10616427469998058,-0.033965388498136205,0.06281292866623103,0.09292067000643628,0.09270861244086426,0.07025134123530245,0.03963462594261349,-0.0009389030906618911,-0.08484294109641377,-0.06272038739670908,-0.03286657746675394,0.01315069613669445,0.8058290575975606,0.3114268811537444,0.17385552115787567,0.0861604098288571,0.674398267682766,0.09933560361383416,0.03711255687011759,0.15105020679830491,0.044500332357959804,-0.13190005281695216,-0.2703337747204456,-0.04026172597768725,0.7409639234980216,-7.515851823756379,-4.376501926418382,-1.3805255490192985,-124.54465259752475,-41.294530539511136,-24.775675501316815,-10.815932719156887,0.6014908490373105,0.016121498588313948,-0.0877732134969154,0.0363242988380458,0.379258924067843,0.060433594477140806,0.0035384227573133976,-0.01885635429387471,0.0938286519681868,0.0811161204199095,0.08279847750259721,0.03353030626383563,1.6919191919191916,0.6272064384534056,16.72415747089131,14.421690839183148,-0.15836861834116467,-5.818178619357124,-3.6043333609997825,-6.375119118919477,0.7684437699137248,3.98906828536971,2.131263995825476,-0.830174780152148,4.868283235001165,5.090253456320956,1.5381916669652118,-0.5118937137937065,0.6329266742915236,0.24373783323013587,0.15226674747575458,0.027812750898720973,2.593721216874133,3.7273179796026663,0.5676784255801319,-1.1497467410145652,0.6328229239468834,0.24372814956031444,0.15226093727386172,0.027809845797774548,-0.5728045179686372,0.5720546969180486,-0.07339479724636688,-1.459982595686782,0.44978712807761023,-7.049162514725922,-4.091485378373151,-1.4109811950603806,-0.24918642168242777,-0.07978925740902147,-0.03266308936997111,0.023770350548270803,-0.1820172649061953,-0.07712805915377145,-0.025821903401100375,-0.03346817466347281,-0.07528641571194761,1.996392327326894,0.18376493088731055,9.25414998388506,-0.26472292292470745,0.08603211736491582,0.3895649333911592,0.5074376533857723,-0.25328621471091406,-0.07986971528980298,-0.02981215070270029,0.026799991060694785,-0.416183436945176,-0.14901405305693585,-0.05951299433580317,-0.004401188939896383,2.9406684541461923,3.043572418990918,1.5942122020211393,0.26910649376020446,-0.3587092410914047,-0.06584862390260908,0.021972625814738335,-2.7980673221984844,2.9409188460927,3.043660701528436,1.5942651715436498,0.2691329785214597,-0.5207744622006136,0.4901409160137542,-0.09561927532081574,-1.4461988488212252,-0.6253185465193705,0.4082902526728262,-0.12315641913290691,-1.3539869511668232,3.0316728170060356,4.094969564732246,0.9174809571874624,-0.9552555454976014,2.7354634223420544,5.957217708077817,3.1775031601073094,0.39543624722998305,0.4883777734584478,-6.585089633664425,-3.7451848241884798,-1.320733954492505,7.680254241767676,8.458260503529049,4.763842860826292,1.4755295105698027,-0.2753185477049559,-0.07771620140474533,-0.03461380422432263,0.011611975654708761,-0.3368026534756877,-0.13301067974728206,-0.06355326406200482,0.033824718955090385,0.0022776734371861007,-0.09773139808418622,0.025694912550655435,0.028954605446209026,0.07647613806116826,-0.055115416391328186,0.03814456193040363,0.005891204093347402,-0.7773805139596236,-0.36557059101163664,-0.23358576086396132,0.11484649556931532,-0.06962551197725853,-0.005357689362595804,-0.012962678510874803,0.05401326931309648,-0.18805823654506804,0.4229050007900759,2.3398240868088944,6.347221492669877,0.0,0.0,0.0,0.0,-1.0053141314131413,-73.94081456507298,-45.65276698208023,-22.31127640938369,0.43434836344067373,-0.0552789451044751,-0.7451136092941192,-0.996434893896821
2020,9913000000,3465000000,6448000000,0.6505,1143000000.0,3787000000,834000000,5764000000,9229000000,3000000.0,361000000.0,1123000000,1405000000.0,0.1416,-80000000,-0.0081,1000000,-79000000,-0.008,2000000,-82000000,-0.0083,-0.12,-0.12,1416700000,1416700000,1734000000,0.0,1734000000,1531000000,1351000000,2078000000,6694000000,2541000000,9951000000.0,5916000000,15867000000,918000000.0,4210000000.0,545000000,24081000000,0.0,30775000000,513000000,13000000,158000000.0,138000000.0,3017000000,3681000000,9118000000,257000000.0,330000000.0,2065000000.0,11770000000,0.0,408000000.0,15451000000,0.0,17000000.0,-2378000000,207000000,17481000000,15327000000,30778000000,-3000000.0,30775000000,-82000000,1123000000,-82000000.0,170000000.0,3180000000,335000000.0,-65000000,0.0,3013000000.0,-2801000000,1508000000,-376000000,12000000.0,-146000000.0,0.0,99000000.0,-411000000,-6843000000.0,975000000.0,-535000000.0,-28000000.0,6724000000,293000000,-2000000.0,1388000000.0,1995000000.0,607000000,1132000000,37.655,37.435,37.435,232223350.0,0,0,37.435,-0.02531645569620253,395000000.0,-358000000.0,761860759.493671,14908000000,1538000000,282000000.0,4221000000,15327000000.0,-540000000,-540000000.0,0.11419348330475133,0.5873138957816377,0.11530313729446182,0.08413194794714011,-0.03611419348330475,0.11328558458589731,0.02844749319075961,0.15514980328861092,0.4258044991425401,-72.05,0.5814586906082921,6.9972471235970914,-0.05646925954683419,0.7990400225877038,-0.2654055198701207,10.818804263429096,-0.01976424084139197,9131000000,0.5957460690285118,0.18990252984339065,2652000000.0,0.29043916328989156,7397000000,6479000000.0,3013000000,1.8185275740287965,0.38005976636783484,0.25903794442784583,0.05634443541835906,0.2401644157369348,0.11961007311129163,0.7811634349030471,1.154305895137191,0.4710676446617767,0.09790414297319253,0.3824532900081235,0.29670186839967505,0.240357432981316,0.5957460690285118,1.008090298166634,0.48261238337574214,0.498034118602762,2.0078945651464735,-28.612962962962964,5.2647686832740215,0.18990252984339065,0.2731862015403534,0.11883266848624817,10.997153024911032,0.03953564779323185,9578000000.0,0.8481012658227848,-51.47560975609756,-0.005350035884387029,-82025316.4556962,27097000000,-0.003027099548130649,27094000000,0.010408208459437514,0.15579095002583598,0.32211210398050366,2.564766839378238,29.591044776119404,5.71683967704729,0.20952071486596263,0.43251945264287633,0.02811605563323139,0.056765335498634384,0.028119168800977003,0.009163281884646629,0.018916018245237455,-0.0026653230367407374,0.15185185185185185,0.275396359365825,0.034482758620689655,0.03714053614947197,0.0745742806811509,0.012217709179528838,0.1479732388823298,-0.07727051177904143,0.04389926888708367,0.010885458976441918,0.6585365853658537,-0.4134275618374558,-0.3330960854092527,-0.07657196087564044,0.033975218083578285,0.06048791397445654,0.02149772932870527,0.11200256739409498,0.10152018726584126,0.09795770946408404,0.03305352076162867,-0.15369471059194117,0.0063870138549034046,0.045181745831353017,0.01746392020887254,-0.0834155276877554,-0.02953347556448808,-0.016593858951186945,-0.004666689711440575,-0.02640545144804085,0.048250141361705835,0.05573487735226272,0.012190188750486242,-0.039076376554174064,0.04954654163697155,0.05804531333163536,-0.009430081091101383,0.09162303664921456,0.09683268803350938,0.08186918395693339,-0.4996332948210992,-0.01956114985541757,0.05527670356815236,0.06052293082671523,0.004730462514519862,0.02601445247359635,0.07129145420952539,0.07339203854457473,0.009394121053083727,-0.9,2.5666666666666664,1.5399999999999998,,-0.2367864693446089,0.2594236263466776,0.11630520645541029,0.04138271351274374,0.11078140454995045,0.1002985313108548,0.07925927228041382,0.0327694358823115,-0.35283279594656836,-0.07637165931654666,0.4896276551418287,0.4803194903910347,-0.2997032640949554,-0.11608942343840496,0.37581524098050734,0.42759987457151283,-1.0527009222661396,-0.2909161196594781,-0.27300009562016403,-1.3741007940602692,-1.0572842998585572,-0.35177746861536013,-0.3221693873047729,-1.4141655013947396,-1.0012033694344165,2.3767633790196965,1.4539814306912582,0.7403392378156919,-1.1149927219796216,-0.3692515344944712,0.3782248289773721,-0.6683509563138595,-1.125,-0.42618312068063147,0.2729797474084831,-0.7603652786622184,-1.0004983802641416,4.271747615169504,1.2716559828701297,10.814994310679067,-1.0174468085106383,5.287515965853756,2.5420753735869885,0.11324457370589558,-1.0189584285061672,4.7820420162185355,2.266030765286677,-0.07270951075090266,-1.0355029585798816,4.960961823724062,2.3492266668840096,-0.6695338210249208,-1.0360360360360361,4.879094430565019,2.313678880561233,-0.6873077141863089,0.018109953287818836,0.011222921020651292,0.011020808716204433,-0.005831135313686575,0.004324400964128783,0.00571204109726553,0.011046495474052388,-0.0057879001320945145,6.990783410138249,2.417893508227371,1.3654568521694854,0.7399433594005906,,,,,6.990783410138249,2.417893508227371,1.3654568521694854,0.7399433594005906,-0.20796689084324882,0.010969075646642809,0.04780949312882114,0.017655935184297165,-0.14439518682710573,0.09714662253544386,0.07203926180918319,0.04661672997645026,1.1422680412371133,0.3707776687604342,0.2928287594232968,0.17200166561831381,0.424558416684401,0.21526180632877043,0.1517879433454669,0.06378358237632534,0.05217391304347818,0.15270010514404828,0.11851016890435626,0.04472115134387643,-0.022110849056603765,0.13155506643811074,0.09485075034056338,-0.00477362685719247,-0.24980978950038046,0.02648296407883381,0.004283974362469034,-0.0050985747720309615,-0.12152585538700034,0.08529031073325281,0.05386325624790809,-0.009071743643043362,1.0043668122270741,,,,0.003336510962821837,,,,-0.25850340136054417,-0.03861068091047104,0.04720257429794776,0.09846684268718384,-0.06900951055439575,0.1898799782321429,0.12146104797208435,0.028506784621081416,,,,,0.006870603631604855,0.18841561315944286,0.12308556924083987,0.032064028550860865,-0.053505535055350606,0.052664542323641296,0.29648638689081835,0.15195698768351715,-0.990819209039548,-0.3704507290312034,9.272521229247944,34.4461320156244,-0.4037735849056604,,,,-0.04166666666666663,0.03821173682941018,0.16250231091485048,0.09023555102543397,0.09153400868306805,0.007244563954947991,0.16162536133295002,0.0714169966369064,-0.2435265104808878,-0.12937221069375407,0.13285252315943297,0.06443138915490779,0.06282783541205261,0.3748299047651397,0.15528061672459584,0.0849755107407584,inf,,,,-0.4453781512605042,0.361974575298131,1.944304926584774,0.8941041107094259,-0.220166163141994,-0.014051847350514346,-0.04512822047880298,0.02223743870098104,-0.004398578920656426,0.26041127536913194,0.08598509770176817,0.04196625605467399,,,,,0.44680851063829796,17.148936170212767,,,-0.07412511984659631,0.10193570935999659,0.06528255791468644,0.026659502650063237,,,,,0.0625,0.020833333333333332,0.0125,0.012916666666666665,0.05548158011540161,-0.2639203186850022,-0.17055565112809262,0.03233897188421135,-0.23333333333333328,1.796387604862181,-11.119894709809966,-5.853309520737911,0.1033198687200203,0.043018369680108894,0.029766910363579813,0.008960425571869556,0.10448944296317642,0.3131498400086228,0.2092173588046029,0.049262062935780136,0.006968755112056302,0.18845393033366986,0.12310855954537607,0.03207552370312897,-inf,,,,0.006870603631604855,0.18841561315944286,0.12308556924083987,0.032064028550860865,-1.0174468085106383,5.287515965853756,2.5420753735869885,0.11324457370589558,0.11078140454995045,0.1002985313108548,0.07925927228041382,0.0327694358823115,-0.9809346663566613,15.366914967340804,8.774154896834903,4.00263399439244,0.08280254777070062,0.10219777464122719,0.09710661193265765,0.021629261429420222,1.9174311926605503,0.47520568643198846,-0.88980978209739,-1.200175306643568,-3.576923076923077,-0.24281274281274282,2.023266602678367,5.4229740780078135,-0.7758620689655172,0.4979382564094599,2.0304296205123427,2.521260463475738,,,,,-19.04191616766467,-6.740974930040424,-3.458570184431224,-1.711172732168635,2.4116930572472595,-0.3722472279392665,0.902954553160758,-0.7725335123921291,-0.17864923747276684,1.3204409040121166,1.0096801802673523,0.6293532413380594,-0.18438177874186557,0.08835819734569057,0.1271492107667907,0.03355296946976079,-1.0027958993476236,0.8490022613855727,0.43096998428232397,-0.2531342429496143,-0.5804597701149425,0.25192438102506237,0.04888759740063777,0.7352782975348175,,,,,0.6499999999999999,inf,inf,,-0.9184685578258283,0.5358885755357667,0.23041987041741246,-0.1274584309999611,0.5006578947368421,0.9196274701671053,1.0317935481601368,0.820280225102781,6.926829268292683,2.4442954481961827,1.414467264176126,0.9923769949733613,-inf,,,,-inf,,,,-0.0925775978407557,0.547012351057386,1.2512920978583342,1.341044409536397,-0.9014463504877228,4.064284262043283,1.9006095390569702,0.024941039478737125,-1.2,-2.15,-1.9899999999999998,-inf,-7.252252252252252,-2.80870605651818,-2.8552212070209673,1.547668039187514,2.28665568369028,0.6113352462616773,1.1274402623370077,0.6209350644843519,-0.2677925211097708,0.21188191432658754,0.14114654751613004,0.1260949070854362,-0.17672727272727273,-77.11627133119816,-45.96060923482742,-21.689053375104265,-0.07492936985628296,0.13397442388111505,0.17254939294977817,0.189765994265454,-0.09127321276853984,0.13411874119462333,0.16960476353930298,0.18796400903565744,-0.09127321276853984,0.13411874119462333,0.16960476353930298,0.18796400903565744,0.5925053481060727,0.19862120436643482,0.05368961072607632,-0.0011355745126221174,,,,,,,,,-0.09127321276853984,0.13411874119462333,0.16960476353930298,0.18796400903565744,-0.9956659842852501,10.055332044896812,5.144606176736187,-9.59915120543377,1.7430555555555554,0.6331191442368175,0.5194467553592949,0.2687077732476561,-0.19187358916478559,0.24399031621678016,0.1063262780152973,0.035126250088971744,-1.4093927075399613,0.9193186527937108,1.8169262420556762,0.3440770467276362,0.19235383507958081,0.3787353290755087,0.25401160470298195,0.11854599556139207,-0.4233220847394076,-0.09231384668613074,0.017331283406793286,-2.411332858886221,-0.756896551724138,-0.20940293049718584,-0.18285620585262308,-1.3393226396606353,-0.44693396226415094,-5.899058214497909,-4.783013945145979,-1.509423776698712,0.10448944296317642,0.3131498400086228,0.2092173588046029,0.049262062935780136,-0.8709677419354839,-0.38789070836127393,-0.24922587645502725,-0.12499743938310108,-0.8709677419354839,-0.38789070836127393,-0.24922587645502725,-0.12499743938310108,-0.10846033216254136,-70.60369762707573,-42.11684670299004,-19.726096053136068,0.1354337914134225,0.04970144704800816,0.018092642676171566,-0.02720187851470678,0.054326387441267165,0.01593145304729578,-0.0022820156653044375,-0.00797992183738334,0.18214196493789148,0.06687126634016527,0.02510539659393609,-0.5405460106135054,-0.12486260261111404,0.1856741710586891,0.03924408044891534,0.01072147023411032,0.2028889718393745,0.07111953664535213,0.023622340183354608,0.013503527057524944,-0.7367380694803409,-0.2600742714989794,-0.2304460607982975,-1.3765881716785797,-0.37550313524438006,-0.134936398933602,-0.05151127567873763,-2.5546832702064988,-0.4010729430954969,-5.487489107309165,-4.474618908294642,-1.3380632056294008,-19.60382718149345,-6.528864332935613,-4.401002749521582,-6.0701851258722215,0.06173822821568575,0.02268422161576189,0.002116461879577991,-0.016314586698772802,-0.09299772962409392,0.022894869013765622,0.04916122596380708,0.027553323261300566,-1.0517634879179314,-0.29622237997452944,-0.2781266648286552,-1.4138480493762606,-0.19137149714124368,-76.54472214219246,-45.625148044824215,-21.497186628716968,-0.19888984620548167,0.07724654293064415,0.11525630753941012,0.038585367979055984,0.08484298714142735,0.2993263764481751,0.19644934548600573,0.05193389335434356,-inf,,,,-0.08644322161080542,0.19866454284193316,0.11579104474444044,0.061366647491712244,-0.1728696148165425,-0.08871570109593041,-0.07655284691424309,0.047361642836773486,7.74689302204926,2.4693347280486626,1.3974472778956388,0.77828515392441,2.928888888888889,2.1095907682675388,1.1804752081935859,0.6474525374126409,3.30065101789995,1.7220945395994234,0.9491031648260952,0.5541130973896382,-0.24350582941296783,0.15147731598123138,0.09209344406466213,0.06375096117278524,-0.30482832618025746,0.10884010881027961,0.06651111976209108,0.050959799021499705,-19.04191616766467,-6.740974930040424,-3.458570184431224,-1.711172732168635,0.8831570919821503,0.42596151914738556,0.1317320304482237,0.07852250809489009,4.329598913965085,1.6856978858577756,0.8446918306760429,0.48582210487702193,4.609305533946762,1.5389806969919129,0.817648604180126,0.44966156081153247,6.93625653715274,2.220523552344907,1.237765325047651,0.6960635815310485,-0.3150921501887701,-0.3286307585479652,-0.01731195767125644,0.0697161166642322,-0.24868847417866247,-0.2565175620261676,0.04152319379303997,0.05120463361618649,-0.6814738752507403,-0.3220593261564731,-0.2895887069535813,-1.6513261299148412,-0.2640392445312407,-6.214080288001768,-4.663303662626366,-0.8129199410538375,9.563203497346569,3.334872429220701,1.8058754801909882,0.9303970366555537,-18.918803173506767,-6.735123018208774,-3.5074495880739947,-1.700643072637602,-0.011192284799670604,0.04809877078129258,-0.049202381140433474,0.008498216501201717,-0.09267707777528089,0.008990594187338016,-0.007712574355215418,0.03215572292237632,-0.24866793423257072,-0.03822271317829843,-0.03143851917663123,0.03588078117168407,-0.1728696148165425,-0.08871570109593041,-0.07655284691424309,0.047361642836773486,-0.16171685836179406,-0.16233885342515342,-0.11347868735721374,0.02053337466696702,-0.3150734256386609,-0.13188670588245996,-0.09811449218870343,0.05296448811970872,0.09695271565132368,0.10603216137729121,0.07504662108379327,0.008106637011063489,-0.08838367804555491,-0.09568122170710676,-0.06795996538237796,0.004957865537216555,6.175530321188878,2.350128182952913,1.4314755682867086,0.7161391443575384,0.1689315618109941,0.28153557010072666,-0.04167600290015938,-0.7885092965839291,7.74689302204926,2.4693347280486626,1.3974472778956388,0.77828515392441,-0.40265574799457327,-5.976786561769301,-4.782158135323264,-1.4153211046192282,-0.23419907239516735,-41.92771236982227,-24.670056366340805,-10.802492205246665,0.4306579108989603,0.2775028781981869,-0.040906005384551046,-0.7825375436549493,-0.16456913384069272,0.01676279555999523,-0.026794489469368042,-0.034431956712989896,-0.11845375057524166,0.02318621410168009,0.05454924506190402,0.018755587479884518,-1.9394352482960078,0.2958821817497334,16.59408387223637,14.326088296288281,-32.70012655315232,-11.651658490085895,-10.236155888716945,-9.718258256974945,-1.0157962655250294,3.8878603135266707,1.7177167520811765,-0.8856711103316981,-1.0078983254008722,5.032612688571248,1.1948949758975402,-0.5591189569239088,0.05439900385228991,0.2876479383807981,0.14191521547641825,0.04057717232469288,-1.0074908316225788,3.665202677256317,0.25725744826927543,-1.2006012146334826,0.05428226779252121,0.28759934269105375,0.14188605806257165,0.04056259361776958,-0.7694133196559615,-0.37497763241954374,-0.2531309588788093,-1.4991254442458313,-0.4754099024221753,-5.336797476817575,-4.516371617857126,-1.452569144567489,-0.08287317576487241,-0.11587815585517706,-0.03967497999018952,0.005842329154807746,0.2996684336900637,0.04020665816481787,0.05100902921285209,-0.0002368517480913712,-1.358345209212438,-0.7125146972559623,0.7438207415874662,-0.546255965607612,-0.8844383595790162,-0.2503984955623985,0.03981499711603527,0.3258073094913628,-0.15946966138887675,-0.1426785103583539,-0.05454463747802498,0.0024614563991389505,-0.2902230323672552,-0.23429793692599832,-0.1254441029844735,-0.05781135682900653,-1.3882711440775535,0.10829319406034695,1.4697169846549234,0.18708444774416244,-0.4530137394152962,-0.2922428390387815,-0.06338056273565151,-2.7394449358560644,-1.3883141356414508,0.10836714607656546,1.4697613558646545,0.18710663334902802,-0.7585554217204964,-0.32720701704476723,-0.28212834173482737,-1.4841921625444607,-0.796114675758445,-0.36631967738179355,-0.3354995425036703,-1.4049064072039041,-1.007844429435505,4.040076795024363,0.5947549788788692,-1.0060940301460861,-1.135212765957447,5.812174232228958,2.8310526420597975,0.33409792647792513,-0.49925638378936665,-5.05582092059021,-4.243786468918093,-1.364003685470426,-1.016529713866471,8.350572327578437,4.369565330583016,1.4372677308970645,-0.03304898857869609,-0.09870323488103483,-0.042764386437256885,-0.0025930978789808767,-0.11851167545798036,-0.18608956448663724,-0.10634721249664347,0.011789278621500776,-0.18994732956117366,-0.09647989705009534,0.008447637490356218,0.0021670457037390343,-0.22482565748193828,-0.0685201434470633,0.0002696846383641649,-0.016591361654846426,0.0482792687644924,-0.3258829875064391,-0.21704518466501596,0.07143955779117937,-0.15023359497548305,-0.07969354159661324,-0.044884828386723453,0.022730354547735265,-3.5593388739611327,-0.4742065800517438,1.8882475146504567,6.090164763328073,-0.3414634146341463,-0.11382113821138211,-0.06829268292682926,-0.03414634146341463,3.6216495733861933,-72.5376921075776,-43.72481972157601,-21.933028910282868,4.879281312386078,1.748605277159302,0.8067533422458947,-0.89341321630547
2021,11888000000,3760000000,8128000000,0.6837,1204000000.0,4359000000,741000000,6304000000,10064000000,4000000.0,341000000.0,1093000000,2510000000.0,0.2112,1199000000,0.1009,-123000000,1076000000,0.0905,36000000,1041000000,0.0876,0.73,0.73,1416700000,1416700000,1925000000,0.0,1925000000,1778000000,1610000000,1004000000,6317000000,2686000000,11988000000.0,6120000000,18108000000,412000000.0,4142000000.0,563000000,25911000000,51823000000.0,32229000000,794000000,261000000,209000000.0,208000000.0,3011000000,4274000000,9190000000,276000000.0,310000000.0,1557000000.0,11333000000,0.0,395000000.0,15607000000,0.0,17000000.0,-1392000000,263000000,17735000000,16623000000,32230000000,-1000000.0,32229000000,1041000000,1093000000,-124000000.0,194000000.0,-351000000,-279000000.0,-346000000,408000000.0,0.0,17000000,1870000000,-554000000,-1432000000.0,0.0,294000000.0,95000000.0,-1597000000,0.0,0.0,0.0,-55000000.0,-40000000,-95000000,-6000000.0,173000000.0,2168000000.0,1995000000,1316000000,42.8,42.655,42.655,160426850.0,0,0,42.655,0.03345724907063197,484000000.0,-337000000.0,986408921.9330854,14121000000,2676000000,1417000000.0,1905000000,16623000000.0,-1485000000,-1485000000.0,0.11069986541049798,0.5362942913385826,0.10127860026917901,0.062331763122476444,-0.028347913862718708,0.0919414535666218,0.11919582772543742,0.22510094212651413,0.16024562584118437,5.2577147623019185,0.5302826379542396,8.39133196865956,0.8463330274581774,0.9289193195454225,-0.3910496223618268,11.73360626808781,-0.038822615938448504,9451000000,0.5685495999518739,0.2036821500370331,2337000000.0,0.2472754205904137,7526000000,7114000000.0,2043000000,1.4780065512400562,0.5156761815629387,0.30473325945860374,0.059728815662912285,0.2571136377308548,0.13261348474975954,4.155425219941349,0.458586803930744,0.4503977538605522,0.06339011449315833,0.35163982748456357,0.29324521393775793,0.23351639827484563,0.5685495999518739,0.938879865246947,0.4527461950309812,0.5157777157218654,1.938819707634001,-10.509764309764309,2.998406374501992,0.2036821500370331,0.12206061382712885,0.1372978612415232,6.217928286852589,0.03608083800656015,12167000000.0,-0.5764462809917356,1.8299711815561959,0.06262407507670095,1158884758.3643122,27956000000,0.041453883186590074,27955000000,0.050688606689322124,0.06814523341083885,0.36886034316919547,2.3354037267080745,-42.60931899641577,6.1755844155844155,0.2521952279003382,0.5755966291339141,0.03528433688414242,0.09572527275979252,0.03528559906754017,0.04396661391914115,0.10034700092061469,0.035957825510078256,-0.701010101010101,0.11460025266197438,-0.7478448275862069,0.03735765925098514,0.07242976598688564,0.017189487728443326,0.20625465376023827,-0.043190915014428,0.049955009463526635,-0.008656799776598716,1.05283381364073,-0.04179331306990881,-0.021912350597609563,0.1992333299707454,0.07183489866032837,0.07602001530363303,0.046086426273019676,0.08513708513708518,0.10161794555874033,0.09188342377636075,0.040674372132480055,0.26054590570719594,0.06457569556623566,0.07247946392603503,0.05073518932556505,0.051037663335895544,-0.012614370329543712,-0.006809218869291178,0.0031070503601122066,0.05336832895888022,0.027256568634191125,0.056362881043582135,0.026802383965214838,0.1510430419857407,0.07206584747597473,0.07252123812279672,0.048640394724634405,-0.11151079136690645,0.04070507827297661,0.03868206993133971,-0.4610690039388146,0.09368494101318525,0.057598978788090394,0.06400725328989934,0.05218007986076818,0.09047567450428007,0.07275948867578734,0.07360525576391383,0.045350212874755894,0.33333333333333326,2.8111111111111113,1.6066666666666667,,-0.05540166204986152,0.2234891567550935,0.14114036700318447,0.03928235074756102,-0.026714158504007157,0.07164657642247325,0.06195285150288936,0.03225629341320575,0.7864768683274022,0.09422863943133779,0.2389825821571851,0.876877624984969,0.4915254237288136,-0.01046061191869215,0.13200529789695653,0.8048011974321991,-15.9875,-5.677410931592033,-2.99710560020732,-2.9462288701229093,-13.456790123456791,-4.863899998030535,-2.5695914852226758,-2.736767590663496,-124.0,-38.70278207552576,-23.313201231847444,-11.657969940928272,-14.620253164556962,-5.417374507889129,-2.291364265472482,-2.111645385919403,-12.3125,-4.6651703499079185,-1.9409586875742555,-1.976900187866977,17.0,10.371989161063224,4.788930922042878,12.615701024459986,-13.695121951219512,-4.299960581988645,0.29342755238074325,-1.260170060440446,-11.55421686746988,-3.6664650555467873,0.41393739179270084,-1.237076884398849,-7.083333333333333,-2.108482620720383,1.4214488891062316,-1.3808083308288424,-7.083333333333333,-2.107016680546092,1.3747899916723445,-1.3985822239902306,0.0,0.00857104646161666,0.008575237585873374,-0.006487677524708535,0.0,0.0036297548906165655,0.005678168602594002,-0.006444442343116474,0.11014994232987307,2.529078240777045,1.4646028280962748,0.8263055758558002,,,,,0.11014994232987307,2.529078240777045,1.4646028280962748,0.8263055758558002,0.16133246244284782,0.051826666486765184,0.04917402483307698,0.03778918142858195,0.1917098445595855,0.13383901970156417,0.12238910473684832,0.06861380138893054,-0.5168431183830606,0.17369504199782673,0.2463707048523757,0.08861003670683698,-0.0563190917239319,0.18070297425403925,0.15389203050341752,0.06913418982545394,0.05706414797323878,0.1548189720785241,0.11113105219027916,0.05222154762268179,0.2047030449201086,0.15630079894982454,0.1294573565438034,0.03357800623849463,0.034482758620689724,0.007424992636252885,0.021222502192515914,0.004114074882936536,0.1412365286443562,0.09476364783623455,0.08378420214414335,0.018670931954603655,-0.55119825708061,inf,,,-0.016152019002375284,inf,,,0.03302752293577971,-0.1453340647380794,-0.00995429735252007,0.0883308598028962,0.07599352186371,0.1762905047503943,0.1339998150920641,0.048433282100121475,inf,,,,0.04724614134849725,0.16988741571562396,0.13294289324759329,0.04889890204941556,0.5477582846003899,0.34908711517785934,0.17828684763864752,0.21994036331336747,19.076923076923077,5.904866402476934,9.021239177965892,19.653824323316712,0.3227848101265822,inf,,,0.5072463768115942,-0.03179863320372334,0.4337096507932984,0.1659601887065934,-0.001988730527013538,0.09193712419221849,0.012679415459835353,0.10446197145892541,0.1610975278456941,-0.05244464186699105,0.06984569128001213,0.09420758800168766,0.007896468523798994,0.28962660896233827,0.1658130299217772,0.10235011110116873,0.07392996108949412,,,,-0.06060606060606055,0.10268005945911256,2.1272857552798885,0.9003635046488199,-0.2460048426150121,-0.027560310870586857,-0.051558509781899554,0.017937342036379054,-0.037128292268479135,0.2147332122415795,0.11281287631510846,0.05480508097842481,,,,,-0.031862745098039214,15.47164858851342,inf,,0.010096433887774259,0.09856802024029376,0.07492056982556898,0.04354364122368067,,,,,0.0,0.020833333333333332,0.0125,0.012916666666666665,-0.41463414634146345,-0.34503992487510465,-0.2457307160858667,-0.037471528190446045,0.27053140096618367,2.4063387498170106,-10.868061156889455,-6.026256380641293,0.014530061209312883,0.04386880275695922,0.030638979529433685,0.009505810158547456,0.08455666470933654,0.25984440456323493,0.21305907149330566,0.06588779688090289,0.04717655468191562,0.16992004341768774,0.13295196621881317,0.048903438535025504,-0.6666666666666667,-inf,,,0.04724614134849725,0.16988741571562396,0.13294289324759329,0.04889890204941556,-13.695121951219512,-4.299960581988645,0.29342755238074325,-1.260170060440446,-0.026714158504007157,0.07164657642247325,0.06195285150288936,0.03225629341320575,0.5121951219512195,15.989347354929984,8.961932267089807,3.9819785065875615,0.14117647058823524,0.11513586326250243,0.10851947614376267,0.03158024182157707,-1.110377358490566,0.5675686693610092,0.07672684584862491,-1.214009652662116,-1.8328358208955224,-1.7426469053334728,-0.6844770320889726,0.1396904959182614,4.323076923076923,2.0137302525752876,0.42837833846106044,3.0481333731747347,inf,,,,-1.0,-6.969686720433437,-3.3917113948058635,-1.8079966012735433,-1.006069260978222,0.23013220079126315,-0.3954555607171294,-0.7998102409358591,0.24005305039787794,1.6613281526954673,0.933690790346928,0.7144363906892245,0.47340425531914887,0.2492944120236514,0.11737662053507392,0.10409781489117845,-120.33333333333333,-39.79068027829697,-23.48275550591375,-12.226505526947083,-1.0,-0.18573465205381803,-0.0503605229001141,0.7232782975348176,inf,,,,-0.04040404040404044,1.2031986531986532,inf,,2.8856447688564475,1.197110099147982,0.9263960337037979,0.20057641158555745,-1.0,0.7982551650261435,0.9361667260027022,0.7601032339523384,-1.0,2.0482170168236338,1.2197304220708627,0.8984376010339673,-1.0,,,,0.9642857142857142,,,,-1.0059488399762047,0.28770141920889486,1.2156856346869043,1.2809667669180866,-1.3242320819112627,-0.38318703798774373,1.8669280243388626,-0.06796997359043808,2.0,-0.48333333333333334,-1.49,-inf,-0.8753602305475504,-2.6489204729900053,-2.922084297906597,1.476348232348975,0.08671679197994986,0.7018599848534864,1.2218996081938127,0.704953965904569,2.28665568369028,0.6113352462616773,0.6897894389390242,0.40210965278536015,0.16254416961130747,-76.72694992326088,-46.06577745472952,-21.58273553319599,0.13663524100385072,0.11695289397186011,0.14983374260229892,0.22857503641007657,0.1394416989448377,0.09688861568566987,0.14970748978807308,0.23022379168895485,0.1394416989448377,0.09688861568566987,0.14970748978807308,0.23022379168895485,-0.30917002962880347,0.08652591683663935,0.010761205754035297,-0.06722730950685002,,,,,,,,,0.1394416989448377,0.09688861568566987,0.14970748978807308,0.23022379168895485,-2.3215613382899627,9.680581895789496,5.184086505336459,-9.730437742249181,0.22531645569620262,0.4691321338318868,0.7342681110146645,0.3162394188172764,-0.05865921787709494,0.20360391025774852,0.13115357422482454,0.03270013174106569,0.2947364851664602,1.4400554703136537,1.9638635027927833,0.6986201249484344,-0.052790448081566965,0.33374566741506156,0.24092881695274976,0.12059896002168954,0.7399219765929779,0.12123804797160624,0.11886561855691713,0.08551648163021956,4.024822695035461,0.9884869064595571,1.0461520490014635,-0.9112021903568672,-0.5486851457000711,0.12387551653467203,-4.7003347485364335,-1.4512306402760335,0.08455666470933654,0.25984440456323493,0.21305907149330566,0.06588779688090289,1.75,0.2106669839464184,0.11712830662359257,0.0734295433502908,1.75,0.2106669839464184,0.11712830662359257,0.0734295433502908,-0.030593846453828233,-70.27889809887014,-42.224040040781254,-19.63957827617919,-0.08686939779477665,0.021510721561225316,0.008795557171870038,0.002641267189877694,-0.12163187710553669,-0.034036856272439985,-0.013886165415664587,-0.015307512998274353,-0.25911898341353834,-0.01066458398130199,-0.0236605434418949,-0.5192033035596031,-0.21504784882365768,0.12110072034794934,0.05050981335196858,-0.012068850061385038,-0.18840994727878735,0.016425795104563472,-0.0030474569908214067,-0.007967247013673906,3.1900292207172383,0.6971887175667645,0.8073182931696168,-1.0355860930344476,0.4508619241223242,0.011171554001005224,0.01892498943672851,0.02693306385501406,-0.6236638500441458,0.04713257630612455,-4.406113409769074,-1.2867287453445369,-1.0729731403511718,-6.862270779947111,-4.258130662386445,-6.16186578719245,-0.08801322171402204,-0.006980150592801067,-0.007406547563857191,0.009935107928375497,0.1992333299707456,0.06361084496628729,0.06740307895805839,0.052763849759523494,-15.987499999999999,-5.679633766768249,-3.0055348135855007,-2.985497509710201,0.16254416961130747,-76.15541499411296,-45.72623707815979,-21.39080397451918,0.4734042553191491,0.24078895895135408,0.10916155793618995,0.10963112013594205,0.08455666470933654,0.24929507940114504,0.20286496932096063,0.06915859707941462,0.964285714285714,,,,0.03504544956740774,0.12386019595516207,0.12959950052017316,0.07298204070800016,-0.04565110957590934,-0.10794662396264902,-0.06703283977114075,0.04273204395785548,0.07256154093895573,2.6213182984487253,1.484750880907472,0.8587124851259024,-0.11877828054298645,2.1444660931929262,1.2338355395458034,0.7109219315805644,-0.14861543536535904,1.800352451231381,0.9921713725770654,0.612422730960699,0.017439502501013893,0.06518928969175057,0.09819425983175553,0.062111452776270094,0.09800895199876525,0.04940856568671592,0.08872582542873475,0.0573772355747597,-0.3219382675074677,-6.7436661429359255,-3.2560990483073566,-1.74019042802429,-0.1872509538221322,0.3216079841569613,0.1678486114629026,0.05668862207650934,0.35682918108161354,1.7172163813876722,0.9499220183201407,0.5998959835917299,0.17640394395380254,1.683954970576463,0.9212435616885429,0.5396076452330385,0.060065918123486384,2.3391508622200914,1.326643241244572,0.7740205083889905,0.07057341089399949,-0.22095871279983567,-0.08031452674374082,0.08275884665335337,0.10871502123712307,-0.1681358578602601,-0.03256377416083585,0.0638467481996002,4.319533703541939,0.9978210934559323,1.047401361224963,-1.19638360134515,-0.6027163979126691,0.23072196209596307,-4.588984542272621,-0.7580622940302728,-0.04387881663166515,3.3753239554622674,1.913852393064761,0.9974538869032938,-0.3525287840932799,-6.726685402763512,-3.3109598523928354,-1.7460611061650737,-0.08056791071899383,0.022126839671252174,-0.031401420051663353,0.005494796567662075,-0.01165026186239182,-0.0422339555733553,-0.0036382886872317723,0.0264402098702034,-0.02846192281893012,-0.10014262063628106,-0.03492157612467191,0.015406003462013384,-0.04565110957590934,-0.10794662396264902,-0.06703283977114075,0.04273204395785548,-0.06865499355122917,-0.12515197747391638,-0.10779035696562814,0.02205776246381975,-0.06188442189538346,-0.16104070741134166,-0.0957708026056906,0.0341946078271224,0.03562727222159623,0.07509620010459472,0.06866680231576545,0.0071862563517001155,-0.03440163577883559,-0.06920941830693476,-0.06218929520290355,0.005808450935336429,-0.6326922058589912,2.116222390975816,1.295423751758224,0.6430068051194697,-0.43047709122951205,0.13761757942141603,0.00729225628459691,-0.6841139116704194,0.07256154093895573,2.6213182984487253,1.484750880907472,0.8587124851259024,-0.5531962700206189,-0.07162936483905684,-4.700681497856866,-1.3551143451569423,0.15538818567734092,-41.54115449474752,-24.79248050105025,-10.698865596131228,-0.43458745433772006,0.1991871018661836,0.008886990465236421,-0.6873907492077918,-0.08738467634930547,0.04243503795928161,-0.014130605351715153,-0.04825377176300747,0.27030695343495514,0.08189395160930009,0.07904031282388839,0.05107515542628708,-1.679690391020106,-0.6424021491323074,-0.3475012647911794,7.324785923852938,-1.0355502574952873,-11.298015142996258,-10.238042533743798,-9.709242210172828,-12.70535608171458,-4.317569525775295,-0.3507894982260957,-2.1693533104329563,-15.128378998577263,-3.75599802965899,-0.17310339100305316,-2.065770616749309,0.031700926301804655,0.23967553481520606,0.16346268596890043,0.05564525637893112,-14.694258324669054,-4.3693426464725,-0.9039590434967268,-2.6765101585345707,0.03177825348785701,0.2396278150757539,0.1634489939922643,0.055638410390613055,3.87006067248402,0.8426142782864737,0.9633622887164408,-1.0965236050073726,-0.5625854171918343,-0.19606939717879976,-4.437096572758355,-1.3940020867301919,0.14513034006173609,-0.062309752461854696,-0.03542212158604015,0.011884641365051218,-0.08942844595018506,0.00940757427789444,-0.004228837944287145,-0.013006797653432678,-2.4399396614344075,-1.2911904287862643,0.4381784222667674,-0.6920832901366827,0.0802444645035183,-0.35630560600006844,-0.10921950859615008,0.04712224631925086,0.20367682050758518,-0.06969301853073522,-0.03908039735014011,0.017261274917357693,0.33079940247028383,-0.12520235561404913,-0.0812931578135558,-0.024855872417883073,0.2549533029959785,0.6024502043548724,1.5994798831782358,0.5680443620437343,0.6863332510753046,-0.041796576477132086,0.007154727990436238,0.06574251599976302,0.2548592498336639,0.6024879867616376,1.599505443755504,0.5680571423323684,3.7981295863885416,0.8395999008224773,0.9019993825418616,-1.088987281778429,4.304869112498311,0.9611452967401654,0.9467250389516689,-0.9546649179306865,-14.490982149033954,-4.155717920487807,-0.6427835768545439,-2.461932530421233,-5.616407982261641,-1.3387191086256778,2.2240064752028728,-0.26323354025438866,-0.5838715772210183,-0.1982500625173124,-4.167679372400732,-1.3081671030313182,-22.6875,-5.341258490699599,0.3341503593441336,-0.8124365336020309,0.0058459872695255655,-0.10084051633804214,-0.05207032110468131,-0.005234014467400283,-0.028756760034124085,-0.1613570296559307,-0.10926009494679012,0.010117235044084993,0.406932140539477,0.07308749480516315,-0.01524187665485106,0.055483076078999605,0.39386456171480155,0.08183834743134384,0.0007385310117757448,0.04459664877064715,-0.4410427209549951,-0.39004798871670876,-0.29789504504508246,-0.018696645348054142,0.1379462740488766,-0.02730427763462166,-0.005672077802878772,0.025961550612436192,-1.7952627257457476,-1.8475532787506495,-0.8171773194673305,0.09413451389160328,0.5987476429359233,0.08576140943392567,0.051456845660355396,0.025728422830177698,-0.8989101914633829,0.5724750835032231,-43.81994086265922,-22.868310000351194,-0.9342161269452106,1.4598045162938469,0.7558456700254884,-0.8437256550688993
