,Revenue,COGS,Gross Profit,Gross Profit Ratio,Research and Development Exp.,"Selling, General and Administrative Exp.",Other Expenses,Operating Expenses,COGS and Expenses,Interest Income,Interest Expense (Gain),Depreciation and Amortization,EBITDA,EBITDA Ratio,Operating Income,Operating Income Ratio,Total Other Income Expenses (Gains),Income Before Tax,Income Before Tax Ratio,Income Tax expense (Gain),Net Income,Net Income Ratio,EPS,EPS Diluted,Weighted Average Shares Outstanding,Weighted Average Shares Outstanding Diluted,Cash and Cash Equivalents,Short-Term Investments,Cash and Short-Term Investments,Net Receivables,Inventory (Balance),Other Current Assets,Total Current Assets,PP&E,Goodwill,Intangible Assets,Goodwill and Intangible Assets,Investments,Tax Assets,Other Non-Current Assets,Total Non-Current Assets,Other Assets,Total Assets,Accounts Payable (Balance),Short-Term Debt,Tax Payable,Deferred Revenue (Current),Other Current Liabilities,Total Current Liabilities,Long-Term Debt,Deferred Revenue (Non-Current),Deferred Tax Liabilities,Other Non-Current Liabilities,Total Non-Current Liabilities,Other Liabilities,Capital Lease Obligations,Total Liabilities,Preferred Stock,Common Stock,Retained Earnings,Other Comprehensive Income/Loss,Other Total Stockholders Equity,Total Stockholders Equity,Total Liabilities And Stockholders Equity,Minority Interest,Total Liabilities & Equity,Net Income (Cash Flow),Depreciation and Amortization (Cash Flow),Deferred Income Tax,Stock Based Compensation,Change in Working Capital,Accounts Receivable,Inventory (Cash Flow),Accounts Payable (Cash Flow),Other Working Capital,Other Non-Cash Items,Cash Provided by Operating Activities,CAPEX,Acquisitions Net,Purchases of Investments,Sales/Maturities of Investments,Other Investing Activities,Cash Used for Investing Activites,Debt Repayment,Common Stock Issued,Common Stock Repurchased,Dividends Paid,Other Financing Activites,Cash Used/Provided by Financing Activities,Effect of Forex Changes on Cash,Net Change In Cash,Cash at the End of Period,Cash at the Beginning of Period,Free Cash Flow,Open,Close,Adj Close,Volume,Dividend,Dividend Cum,Price with cum Dividends,Tax Rate,Deferred Revenue,Net Interest Income,Free Cash Flow to the Firm,Tangible Assets,Adjusted Operating Income,EBIT,Operating Cash Flow,Common Book Value,Tangible Book Value,Common Tangible Book Value,Free Cash Flow Ratio,"Selling, General and Administrative Exp. Ratio",Research and Development Exp. Ratio,Other Expenses Ratio,Net Interest IncomeRatio,Depreciation and Amortization Ratio,EBIT Margin,Adjusted Operating Margin,Operating Cash Flow Margin,Cost-to-Income Ratio,Operating Expense Ratio,Revenue per share,Operating Income per share,FCF per share,CAPEX per share,Book value per share,Dividends per share,Total Debt,Financial leverage,Cash to Debt Ratio,Cash & Investments,Cash & Investments to Debt Ratio,Net Debt,Net Debt w/Investments,Working Capital,Current Ratio,Quick Ratio,Cash to Current Assets,Cash to Assets,Debt to Equity,Debt to Assets,Interest Coverage,Current Liability Coverage Ratio,Cash Ratio,Net Working Capital to Assets,Long Term Debt Ratio,Total Debt/ Assets,Net Debt/ Assets,Total Debt/ Equity,Total Liabilities/ Equity,Net Debt/ Equity,Equity Ratio,Equity Multiplier,Debt/ Tangible Book Value,Net Debt/ EBITDA,Cash to Debt,Cash Flow Coverage Ratio,Free Cash Flow/ Long Term Debt,Debt Leverage Ratio,Interest Expense to Debt Ratio,Cash Sales,Cash Revenue Adjustment,CFO/ Net Income,Return on Equity,NOPAT,Invested Capital,Return on Invested Capital,Capital Employed,ROCE,CFROI,Asset Turnover Ratio,Inventory Turnover,Receivables Turnover,Cash Turnover Ratio,Gross Profitability Ratio,Tangible Gross Profitability Ratio,Cash Return on Invested Capital,Adjusted Return on Capital Employed,Cash Return on Capital Employed,EBIT Return on Assets,EBIT Return on Tangible Assets,Return on Assets,Return on Tangible Equity,Cash Return on Equity,Return on Retained Earnings,R&D / Assets,R&D / Book,CapEx / Assets,CapEx / Fixed Assets,Retained Earnings / Total Assets,Inventory / Assets,Accounts Receivable / Assets,Plowback Ratio,Dividend & Repurchase / FCF,Dividend & Repurchase / EBITDA,Revenue growth year over year,Revenue growth 3 year average,Revenue growth 5 year average,Revenue growth 10 year average,COGS growth year over year,COGS growth 3 year average,COGS growth 5 year average,COGS growth 10 year average,Gross Profit growth year over year,Gross Profit growth 3 year average,Gross Profit growth 5 year average,Gross Profit growth 10 year average,Gross Profit Ratio growth year over year,Gross Profit Ratio growth 3 year average,Gross Profit Ratio growth 5 year average,Gross Profit Ratio growth 10 year average,Research and Development Exp. growth year over year,Research and Development Exp. growth 3 year average,Research and Development Exp. growth 5 year average,Research and Development Exp. growth 10 year average,"Selling, General and Administrative Exp. growth year over year","Selling, General and Administrative Exp. growth 3 year average","Selling, General and Administrative Exp. growth 5 year average","Selling, General and Administrative Exp. growth 10 year average",Other Expenses growth year over year,Other Expenses growth 3 year average,Other Expenses growth 5 year average,Other Expenses growth 10 year average,Operating Expenses growth year over year,Operating Expenses growth 3 year average,Operating Expenses growth 5 year average,Operating Expenses growth 10 year average,COGS and Expenses growth year over year,COGS and Expenses growth 3 year average,COGS and Expenses growth 5 year average,COGS and Expenses growth 10 year average,Interest Income growth year over year,Interest Income growth 3 year average,Interest Income growth 5 year average,Interest Income growth 10 year average,Interest Expense (Gain) growth year over year,Interest Expense (Gain) growth 3 year average,Interest Expense (Gain) growth 5 year average,Interest Expense (Gain) growth 10 year average,Depreciation and Amortization growth year over year,Depreciation and Amortization growth 3 year average,Depreciation and Amortization growth 5 year average,Depreciation and Amortization growth 10 year average,EBITDA growth year over year,EBITDA growth 3 year average,EBITDA growth 5 year average,EBITDA growth 10 year average,EBITDA Ratio growth year over year,EBITDA Ratio growth 3 year average,EBITDA Ratio growth 5 year average,EBITDA Ratio growth 10 year average,Operating Income growth year over year,Operating Income growth 3 year average,Operating Income growth 5 year average,Operating Income growth 10 year average,Operating Income Ratio growth year over year,Operating Income Ratio growth 3 year average,Operating Income Ratio growth 5 year average,Operating Income Ratio growth 10 year average,Total Other Income Expenses (Gains) growth year over year,Total Other Income Expenses (Gains) growth 3 year average,Total Other Income Expenses (Gains) growth 5 year average,Total Other Income Expenses (Gains) growth 10 year average,Income Before Tax growth year over year,Income Before Tax growth 3 year average,Income Before Tax growth 5 year average,Income Before Tax growth 10 year average,Income Before Tax Ratio growth year over year,Income Before Tax Ratio growth 3 year average,Income Before Tax Ratio growth 5 year average,Income Before Tax Ratio growth 10 year average,Income Tax expense (Gain) growth year over year,Income Tax expense (Gain) growth 3 year average,Income Tax expense (Gain) growth 5 year average,Income Tax expense (Gain) growth 10 year average,Net Income growth year over year,Net Income growth 3 year average,Net Income growth 5 year average,Net Income growth 10 year average,Net Income Ratio growth year over year,Net Income Ratio growth 3 year average,Net Income Ratio growth 5 year average,Net Income Ratio growth 10 year average,EPS growth year over year,EPS growth 3 year average,EPS growth 5 year average,EPS growth 10 year average,EPS Diluted growth year over year,EPS Diluted growth 3 year average,EPS Diluted growth 5 year average,EPS Diluted growth 10 year average,Weighted Average Shares Outstanding growth year over year,Weighted Average Shares Outstanding growth 3 year average,Weighted Average Shares Outstanding growth 5 year average,Weighted Average Shares Outstanding growth 10 year average,Weighted Average Shares Outstanding Diluted growth year over year,Weighted Average Shares Outstanding Diluted growth 3 year average,Weighted Average Shares Outstanding Diluted growth 5 year average,Weighted Average Shares Outstanding Diluted growth 10 year average,Cash and Cash Equivalents growth year over year,Cash and Cash Equivalents growth 3 year average,Cash and Cash Equivalents growth 5 year average,Cash and Cash Equivalents growth 10 year average,Short-Term Investments growth year over year,Short-Term Investments growth 3 year average,Short-Term Investments growth 5 year average,Short-Term Investments growth 10 year average,Cash and Short-Term Investments growth year over year,Cash and Short-Term Investments growth 3 year average,Cash and Short-Term Investments growth 5 year average,Cash and Short-Term Investments growth 10 year average,Net Receivables growth year over year,Net Receivables growth 3 year average,Net Receivables growth 5 year average,Net Receivables growth 10 year average,Inventory (Balance) growth year over year,Inventory (Balance) growth 3 year average,Inventory (Balance) growth 5 year average,Inventory (Balance) growth 10 year average,Other Current Assets growth year over year,Other Current Assets growth 3 year average,Other Current Assets growth 5 year average,Other Current Assets growth 10 year average,Total Current Assets growth year over year,Total Current Assets growth 3 year average,Total Current Assets growth 5 year average,Total Current Assets growth 10 year average,PP&E growth year over year,PP&E growth 3 year average,PP&E growth 5 year average,PP&E growth 10 year average,Goodwill growth year over year,Goodwill growth 3 year average,Goodwill growth 5 year average,Goodwill growth 10 year average,Intangible Assets growth year over year,Intangible Assets growth 3 year average,Intangible Assets growth 5 year average,Intangible Assets growth 10 year average,Goodwill and Intangible Assets growth year over year,Goodwill and Intangible Assets growth 3 year average,Goodwill and Intangible Assets growth 5 year average,Goodwill and Intangible Assets growth 10 year average,Investments growth year over year,Investments growth 3 year average,Investments growth 5 year average,Investments growth 10 year average,Tax Assets growth year over year,Tax Assets growth 3 year average,Tax Assets growth 5 year average,Tax Assets growth 10 year average,Other Non-Current Assets growth year over year,Other Non-Current Assets growth 3 year average,Other Non-Current Assets growth 5 year average,Other Non-Current Assets growth 10 year average,Total Non-Current Assets growth year over year,Total Non-Current Assets growth 3 year average,Total Non-Current Assets growth 5 year average,Total Non-Current Assets growth 10 year average,Other Assets growth year over year,Other Assets growth 3 year average,Other Assets growth 5 year average,Other Assets growth 10 year average,Total Assets growth year over year,Total Assets growth 3 year average,Total Assets growth 5 year average,Total Assets growth 10 year average,Accounts Payable (Balance) growth year over year,Accounts Payable (Balance) growth 3 year average,Accounts Payable (Balance) growth 5 year average,Accounts Payable (Balance) growth 10 year average,Short-Term Debt growth year over year,Short-Term Debt growth 3 year average,Short-Term Debt growth 5 year average,Short-Term Debt growth 10 year average,Tax Payable growth year over year,Tax Payable growth 3 year average,Tax Payable growth 5 year average,Tax Payable growth 10 year average,Deferred Revenue (Current) growth year over year,Deferred Revenue (Current) growth 3 year average,Deferred Revenue (Current) growth 5 year average,Deferred Revenue (Current) growth 10 year average,Other Current Liabilities growth year over year,Other Current Liabilities growth 3 year average,Other Current Liabilities growth 5 year average,Other Current Liabilities growth 10 year average,Total Current Liabilities growth year over year,Total Current Liabilities growth 3 year average,Total Current Liabilities growth 5 year average,Total Current Liabilities growth 10 year average,Long-Term Debt growth year over year,Long-Term Debt growth 3 year average,Long-Term Debt growth 5 year average,Long-Term Debt growth 10 year average,Deferred Revenue (Non-Current) growth year over year,Deferred Revenue (Non-Current) growth 3 year average,Deferred Revenue (Non-Current) growth 5 year average,Deferred Revenue (Non-Current) growth 10 year average,Deferred Tax Liabilities growth year over year,Deferred Tax Liabilities growth 3 year average,Deferred Tax Liabilities growth 5 year average,Deferred Tax Liabilities growth 10 year average,Other Non-Current Liabilities growth year over year,Other Non-Current Liabilities growth 3 year average,Other Non-Current Liabilities growth 5 year average,Other Non-Current Liabilities growth 10 year average,Total Non-Current Liabilities growth year over year,Total Non-Current Liabilities growth 3 year average,Total Non-Current Liabilities growth 5 year average,Total Non-Current Liabilities growth 10 year average,Other Liabilities growth year over year,Other Liabilities growth 3 year average,Other Liabilities growth 5 year average,Other Liabilities growth 10 year average,Capital Lease Obligations growth year over year,Capital Lease Obligations growth 3 year average,Capital Lease Obligations growth 5 year average,Capital Lease Obligations growth 10 year average,Total Liabilities growth year over year,Total Liabilities growth 3 year average,Total Liabilities growth 5 year average,Total Liabilities growth 10 year average,Preferred Stock growth year over year,Preferred Stock growth 3 year average,Preferred Stock growth 5 year average,Preferred Stock growth 10 year average,Common Stock growth year over year,Common Stock growth 3 year average,Common Stock growth 5 year average,Common Stock growth 10 year average,Retained Earnings growth year over year,Retained Earnings growth 3 year average,Retained Earnings growth 5 year average,Retained Earnings growth 10 year average,Other Comprehensive Income/Loss growth year over year,Other Comprehensive Income/Loss growth 3 year average,Other Comprehensive Income/Loss growth 5 year average,Other Comprehensive Income/Loss growth 10 year average,Other Total Stockholders Equity growth year over year,Other Total Stockholders Equity growth 3 year average,Other Total Stockholders Equity growth 5 year average,Other Total Stockholders Equity growth 10 year average,Total Stockholders Equity growth year over year,Total Stockholders Equity growth 3 year average,Total Stockholders Equity growth 5 year average,Total Stockholders Equity growth 10 year average,Total Liabilities And Stockholders Equity growth year over year,Total Liabilities And Stockholders Equity growth 3 year average,Total Liabilities And Stockholders Equity growth 5 year average,Total Liabilities And Stockholders Equity growth 10 year average,Minority Interest growth year over year,Minority Interest growth 3 year average,Minority Interest growth 5 year average,Minority Interest growth 10 year average,Total Liabilities & Equity growth year over year,Total Liabilities & Equity growth 3 year average,Total Liabilities & Equity growth 5 year average,Total Liabilities & Equity growth 10 year average,Net Income (Cash Flow) growth year over year,Net Income (Cash Flow) growth 3 year average,Net Income (Cash Flow) growth 5 year average,Net Income (Cash Flow) growth 10 year average,Depreciation and Amortization (Cash Flow) growth year over year,Depreciation and Amortization (Cash Flow) growth 3 year average,Depreciation and Amortization (Cash Flow) growth 5 year average,Depreciation and Amortization (Cash Flow) growth 10 year average,Deferred Income Tax growth year over year,Deferred Income Tax growth 3 year average,Deferred Income Tax growth 5 year average,Deferred Income Tax growth 10 year average,Stock Based Compensation growth year over year,Stock Based Compensation growth 3 year average,Stock Based Compensation growth 5 year average,Stock Based Compensation growth 10 year average,Change in Working Capital growth year over year,Change in Working Capital growth 3 year average,Change in Working Capital growth 5 year average,Change in Working Capital growth 10 year average,Accounts Receivable growth year over year,Accounts Receivable growth 3 year average,Accounts Receivable growth 5 year average,Accounts Receivable growth 10 year average,Inventory (Cash Flow) growth year over year,Inventory (Cash Flow) growth 3 year average,Inventory (Cash Flow) growth 5 year average,Inventory (Cash Flow) growth 10 year average,Accounts Payable (Cash Flow) growth year over year,Accounts Payable (Cash Flow) growth 3 year average,Accounts Payable (Cash Flow) growth 5 year average,Accounts Payable (Cash Flow) growth 10 year average,Other Working Capital growth year over year,Other Working Capital growth 3 year average,Other Working Capital growth 5 year average,Other Working Capital growth 10 year average,Other Non-Cash Items growth year over year,Other Non-Cash Items growth 3 year average,Other Non-Cash Items growth 5 year average,Other Non-Cash Items growth 10 year average,Cash Provided by Operating Activities growth year over year,Cash Provided by Operating Activities growth 3 year average,Cash Provided by Operating Activities growth 5 year average,Cash Provided by Operating Activities growth 10 year average,CAPEX growth year over year,CAPEX growth 3 year average,CAPEX growth 5 year average,CAPEX growth 10 year average,Acquisitions Net growth year over year,Acquisitions Net growth 3 year average,Acquisitions Net growth 5 year average,Acquisitions Net growth 10 year average,Purchases of Investments growth year over year,Purchases of Investments growth 3 year average,Purchases of Investments growth 5 year average,Purchases of Investments growth 10 year average,Sales/Maturities of Investments growth year over year,Sales/Maturities of Investments growth 3 year average,Sales/Maturities of Investments growth 5 year average,Sales/Maturities of Investments growth 10 year average,Other Investing Activities growth year over year,Other Investing Activities growth 3 year average,Other Investing Activities growth 5 year average,Other Investing Activities growth 10 year average,Cash Used for Investing Activites growth year over year,Cash Used for Investing Activites growth 3 year average,Cash Used for Investing Activites growth 5 year average,Cash Used for Investing Activites growth 10 year average,Debt Repayment growth year over year,Debt Repayment growth 3 year average,Debt Repayment growth 5 year average,Debt Repayment growth 10 year average,Common Stock Issued growth year over year,Common Stock Issued growth 3 year average,Common Stock Issued growth 5 year average,Common Stock Issued growth 10 year average,Common Stock Repurchased growth year over year,Common Stock Repurchased growth 3 year average,Common Stock Repurchased growth 5 year average,Common Stock Repurchased growth 10 year average,Dividends Paid growth year over year,Dividends Paid growth 3 year average,Dividends Paid growth 5 year average,Dividends Paid growth 10 year average,Other Financing Activites growth year over year,Other Financing Activites growth 3 year average,Other Financing Activites growth 5 year average,Other Financing Activites growth 10 year average,Cash Used/Provided by Financing Activities growth year over year,Cash Used/Provided by Financing Activities growth 3 year average,Cash Used/Provided by Financing Activities growth 5 year average,Cash Used/Provided by Financing Activities growth 10 year average,Effect of Forex Changes on Cash growth year over year,Effect of Forex Changes on Cash growth 3 year average,Effect of Forex Changes on Cash growth 5 year average,Effect of Forex Changes on Cash growth 10 year average,Net Change In Cash growth year over year,Net Change In Cash growth 3 year average,Net Change In Cash growth 5 year average,Net Change In Cash growth 10 year average,Cash at the End of Period growth year over year,Cash at the End of Period growth 3 year average,Cash at the End of Period growth 5 year average,Cash at the End of Period growth 10 year average,Cash at the Beginning of Period growth year over year,Cash at the Beginning of Period growth 3 year average,Cash at the Beginning of Period growth 5 year average,Cash at the Beginning of Period growth 10 year average,Free Cash Flow growth year over year,Free Cash Flow growth 3 year average,Free Cash Flow growth 5 year average,Free Cash Flow growth 10 year average,Open growth year over year,Open growth 3 year average,Open growth 5 year average,Open growth 10 year average,Close growth year over year,Close growth 3 year average,Close growth 5 year average,Close growth 10 year average,Adj Close growth year over year,Adj Close growth 3 year average,Adj Close growth 5 year average,Adj Close growth 10 year average,Volume growth year over year,Volume growth 3 year average,Volume growth 5 year average,Volume growth 10 year average,Dividend growth year over year,Dividend growth 3 year average,Dividend growth 5 year average,Dividend growth 10 year average,Dividend Cum growth year over year,Dividend Cum growth 3 year average,Dividend Cum growth 5 year average,Dividend Cum growth 10 year average,Price with cum Dividends growth year over year,Price with cum Dividends growth 3 year average,Price with cum Dividends growth 5 year average,Price with cum Dividends growth 10 year average,Tax Rate growth year over year,Tax Rate growth 3 year average,Tax Rate growth 5 year average,Tax Rate growth 10 year average,Deferred Revenue growth year over year,Deferred Revenue growth 3 year average,Deferred Revenue growth 5 year average,Deferred Revenue growth 10 year average,Net Interest Income growth year over year,Net Interest Income growth 3 year average,Net Interest Income growth 5 year average,Net Interest Income growth 10 year average,Free Cash Flow to the Firm growth year over year,Free Cash Flow to the Firm growth 3 year average,Free Cash Flow to the Firm growth 5 year average,Free Cash Flow to the Firm growth 10 year average,Tangible Assets growth year over year,Tangible Assets growth 3 year average,Tangible Assets growth 5 year average,Tangible Assets growth 10 year average,Adjusted Operating Income growth year over year,Adjusted Operating Income growth 3 year average,Adjusted Operating Income growth 5 year average,Adjusted Operating Income growth 10 year average,EBIT growth year over year,EBIT growth 3 year average,EBIT growth 5 year average,EBIT growth 10 year average,Operating Cash Flow growth year over year,Operating Cash Flow growth 3 year average,Operating Cash Flow growth 5 year average,Operating Cash Flow growth 10 year average,Common Book Value growth year over year,Common Book Value growth 3 year average,Common Book Value growth 5 year average,Common Book Value growth 10 year average,Tangible Book Value growth year over year,Tangible Book Value growth 3 year average,Tangible Book Value growth 5 year average,Tangible Book Value growth 10 year average,Common Tangible Book Value growth year over year,Common Tangible Book Value growth 3 year average,Common Tangible Book Value growth 5 year average,Common Tangible Book Value growth 10 year average,Free Cash Flow Ratio growth year over year,Free Cash Flow Ratio growth 3 year average,Free Cash Flow Ratio growth 5 year average,Free Cash Flow Ratio growth 10 year average,"Selling, General and Administrative Exp. Ratio growth year over year","Selling, General and Administrative Exp. Ratio growth 3 year average","Selling, General and Administrative Exp. Ratio growth 5 year average","Selling, General and Administrative Exp. Ratio growth 10 year average",Research and Development Exp. Ratio growth year over year,Research and Development Exp. Ratio growth 3 year average,Research and Development Exp. Ratio growth 5 year average,Research and Development Exp. Ratio growth 10 year average,Other Expenses Ratio growth year over year,Other Expenses Ratio growth 3 year average,Other Expenses Ratio growth 5 year average,Other Expenses Ratio growth 10 year average,Net Interest IncomeRatio growth year over year,Net Interest IncomeRatio growth 3 year average,Net Interest IncomeRatio growth 5 year average,Net Interest IncomeRatio growth 10 year average,Depreciation and Amortization Ratio growth year over year,Depreciation and Amortization Ratio growth 3 year average,Depreciation and Amortization Ratio growth 5 year average,Depreciation and Amortization Ratio growth 10 year average,EBIT Margin growth year over year,EBIT Margin growth 3 year average,EBIT Margin growth 5 year average,EBIT Margin growth 10 year average,Adjusted Operating Margin growth year over year,Adjusted Operating Margin growth 3 year average,Adjusted Operating Margin growth 5 year average,Adjusted Operating Margin growth 10 year average,Operating Cash Flow Margin growth year over year,Operating Cash Flow Margin growth 3 year average,Operating Cash Flow Margin growth 5 year average,Operating Cash Flow Margin growth 10 year average,Cost-to-Income Ratio growth year over year,Cost-to-Income Ratio growth 3 year average,Cost-to-Income Ratio growth 5 year average,Cost-to-Income Ratio growth 10 year average,Operating Expense Ratio growth year over year,Operating Expense Ratio growth 3 year average,Operating Expense Ratio growth 5 year average,Operating Expense Ratio growth 10 year average,Revenue per share growth year over year,Revenue per share growth 3 year average,Revenue per share growth 5 year average,Revenue per share growth 10 year average,Operating Income per share growth year over year,Operating Income per share growth 3 year average,Operating Income per share growth 5 year average,Operating Income per share growth 10 year average,FCF per share growth year over year,FCF per share growth 3 year average,FCF per share growth 5 year average,FCF per share growth 10 year average,CAPEX per share growth year over year,CAPEX per share growth 3 year average,CAPEX per share growth 5 year average,CAPEX per share growth 10 year average,Book value per share growth year over year,Book value per share growth 3 year average,Book value per share growth 5 year average,Book value per share growth 10 year average,Dividends per share growth year over year,Dividends per share growth 3 year average,Dividends per share growth 5 year average,Dividends per share growth 10 year average,Total Debt growth year over year,Total Debt growth 3 year average,Total Debt growth 5 year average,Total Debt growth 10 year average,Financial leverage growth year over year,Financial leverage growth 3 year average,Financial leverage growth 5 year average,Financial leverage growth 10 year average,Cash to Debt Ratio growth year over year,Cash to Debt Ratio growth 3 year average,Cash to Debt Ratio growth 5 year average,Cash to Debt Ratio growth 10 year average,Cash & Investments growth year over year,Cash & Investments growth 3 year average,Cash & Investments growth 5 year average,Cash & Investments growth 10 year average,Cash & Investments to Debt Ratio growth year over year,Cash & Investments to Debt Ratio growth 3 year average,Cash & Investments to Debt Ratio growth 5 year average,Cash & Investments to Debt Ratio growth 10 year average,Net Debt growth year over year,Net Debt growth 3 year average,Net Debt growth 5 year average,Net Debt growth 10 year average,Net Debt w/Investments growth year over year,Net Debt w/Investments growth 3 year average,Net Debt w/Investments growth 5 year average,Net Debt w/Investments growth 10 year average,Working Capital growth year over year,Working Capital growth 3 year average,Working Capital growth 5 year average,Working Capital growth 10 year average,Current Ratio growth year over year,Current Ratio growth 3 year average,Current Ratio growth 5 year average,Current Ratio growth 10 year average,Quick Ratio growth year over year,Quick Ratio growth 3 year average,Quick Ratio growth 5 year average,Quick Ratio growth 10 year average,Cash to Current Assets growth year over year,Cash to Current Assets growth 3 year average,Cash to Current Assets growth 5 year average,Cash to Current Assets growth 10 year average,Cash to Assets growth year over year,Cash to Assets growth 3 year average,Cash to Assets growth 5 year average,Cash to Assets growth 10 year average,Debt to Equity growth year over year,Debt to Equity growth 3 year average,Debt to Equity growth 5 year average,Debt to Equity growth 10 year average,Debt to Assets growth year over year,Debt to Assets growth 3 year average,Debt to Assets growth 5 year average,Debt to Assets growth 10 year average,Interest Coverage growth year over year,Interest Coverage growth 3 year average,Interest Coverage growth 5 year average,Interest Coverage growth 10 year average,Current Liability Coverage Ratio growth year over year,Current Liability Coverage Ratio growth 3 year average,Current Liability Coverage Ratio growth 5 year average,Current Liability Coverage Ratio growth 10 year average,Cash Ratio growth year over year,Cash Ratio growth 3 year average,Cash Ratio growth 5 year average,Cash Ratio growth 10 year average,Net Working Capital to Assets growth year over year,Net Working Capital to Assets growth 3 year average,Net Working Capital to Assets growth 5 year average,Net Working Capital to Assets growth 10 year average,Long Term Debt Ratio growth year over year,Long Term Debt Ratio growth 3 year average,Long Term Debt Ratio growth 5 year average,Long Term Debt Ratio growth 10 year average,Total Debt/ Assets growth year over year,Total Debt/ Assets growth 3 year average,Total Debt/ Assets growth 5 year average,Total Debt/ Assets growth 10 year average,Net Debt/ Assets growth year over year,Net Debt/ Assets growth 3 year average,Net Debt/ Assets growth 5 year average,Net Debt/ Assets growth 10 year average,Total Debt/ Equity growth year over year,Total Debt/ Equity growth 3 year average,Total Debt/ Equity growth 5 year average,Total Debt/ Equity growth 10 year average,Total Liabilities/ Equity growth year over year,Total Liabilities/ Equity growth 3 year average,Total Liabilities/ Equity growth 5 year average,Total Liabilities/ Equity growth 10 year average,Net Debt/ Equity growth year over year,Net Debt/ Equity growth 3 year average,Net Debt/ Equity growth 5 year average,Net Debt/ Equity growth 10 year average,Equity Ratio growth year over year,Equity Ratio growth 3 year average,Equity Ratio growth 5 year average,Equity Ratio growth 10 year average,Equity Multiplier growth year over year,Equity Multiplier growth 3 year average,Equity Multiplier growth 5 year average,Equity Multiplier growth 10 year average,Debt/ Tangible Book Value growth year over year,Debt/ Tangible Book Value growth 3 year average,Debt/ Tangible Book Value growth 5 year average,Debt/ Tangible Book Value growth 10 year average,Net Debt/ EBITDA growth year over year,Net Debt/ EBITDA growth 3 year average,Net Debt/ EBITDA growth 5 year average,Net Debt/ EBITDA growth 10 year average,Cash to Debt growth year over year,Cash to Debt growth 3 year average,Cash to Debt growth 5 year average,Cash to Debt growth 10 year average,Cash Flow Coverage Ratio growth year over year,Cash Flow Coverage Ratio growth 3 year average,Cash Flow Coverage Ratio growth 5 year average,Cash Flow Coverage Ratio growth 10 year average,Free Cash Flow/ Long Term Debt growth year over year,Free Cash Flow/ Long Term Debt growth 3 year average,Free Cash Flow/ Long Term Debt growth 5 year average,Free Cash Flow/ Long Term Debt growth 10 year average,Debt Leverage Ratio growth year over year,Debt Leverage Ratio growth 3 year average,Debt Leverage Ratio growth 5 year average,Debt Leverage Ratio growth 10 year average,Interest Expense to Debt Ratio growth year over year,Interest Expense to Debt Ratio growth 3 year average,Interest Expense to Debt Ratio growth 5 year average,Interest Expense to Debt Ratio growth 10 year average,Cash Sales growth year over year,Cash Sales growth 3 year average,Cash Sales growth 5 year average,Cash Sales growth 10 year average,Cash Revenue Adjustment growth year over year,Cash Revenue Adjustment growth 3 year average,Cash Revenue Adjustment growth 5 year average,Cash Revenue Adjustment growth 10 year average,CFO/ Net Income growth year over year,CFO/ Net Income growth 3 year average,CFO/ Net Income growth 5 year average,CFO/ Net Income growth 10 year average,Return on Equity growth year over year,Return on Equity growth 3 year average,Return on Equity growth 5 year average,Return on Equity growth 10 year average,NOPAT growth year over year,NOPAT growth 3 year average,NOPAT growth 5 year average,NOPAT growth 10 year average,Invested Capital growth year over year,Invested Capital growth 3 year average,Invested Capital growth 5 year average,Invested Capital growth 10 year average,Return on Invested Capital growth year over year,Return on Invested Capital growth 3 year average,Return on Invested Capital growth 5 year average,Return on Invested Capital growth 10 year average,Capital Employed growth year over year,Capital Employed growth 3 year average,Capital Employed growth 5 year average,Capital Employed growth 10 year average,ROCE growth year over year,ROCE growth 3 year average,ROCE growth 5 year average,ROCE growth 10 year average,CFROI growth year over year,CFROI growth 3 year average,CFROI growth 5 year average,CFROI growth 10 year average,Asset Turnover Ratio growth year over year,Asset Turnover Ratio growth 3 year average,Asset Turnover Ratio growth 5 year average,Asset Turnover Ratio growth 10 year average,Inventory Turnover growth year over year,Inventory Turnover growth 3 year average,Inventory Turnover growth 5 year average,Inventory Turnover growth 10 year average,Receivables Turnover growth year over year,Receivables Turnover growth 3 year average,Receivables Turnover growth 5 year average,Receivables Turnover growth 10 year average,Cash Turnover Ratio growth year over year,Cash Turnover Ratio growth 3 year average,Cash Turnover Ratio growth 5 year average,Cash Turnover Ratio growth 10 year average,Gross Profitability Ratio growth year over year,Gross Profitability Ratio growth 3 year average,Gross Profitability Ratio growth 5 year average,Gross Profitability Ratio growth 10 year average,Tangible Gross Profitability Ratio growth year over year,Tangible Gross Profitability Ratio growth 3 year average,Tangible Gross Profitability Ratio growth 5 year average,Tangible Gross Profitability Ratio growth 10 year average,Cash Return on Invested Capital growth year over year,Cash Return on Invested Capital growth 3 year average,Cash Return on Invested Capital growth 5 year average,Cash Return on Invested Capital growth 10 year average,Adjusted Return on Capital Employed growth year over year,Adjusted Return on Capital Employed growth 3 year average,Adjusted Return on Capital Employed growth 5 year average,Adjusted Return on Capital Employed growth 10 year average,Cash Return on Capital Employed growth year over year,Cash Return on Capital Employed growth 3 year average,Cash Return on Capital Employed growth 5 year average,Cash Return on Capital Employed growth 10 year average,EBIT Return on Assets growth year over year,EBIT Return on Assets growth 3 year average,EBIT Return on Assets growth 5 year average,EBIT Return on Assets growth 10 year average,EBIT Return on Tangible Assets growth year over year,EBIT Return on Tangible Assets growth 3 year average,EBIT Return on Tangible Assets growth 5 year average,EBIT Return on Tangible Assets growth 10 year average,Return on Assets growth year over year,Return on Assets growth 3 year average,Return on Assets growth 5 year average,Return on Assets growth 10 year average,Return on Tangible Equity growth year over year,Return on Tangible Equity growth 3 year average,Return on Tangible Equity growth 5 year average,Return on Tangible Equity growth 10 year average,Cash Return on Equity growth year over year,Cash Return on Equity growth 3 year average,Cash Return on Equity growth 5 year average,Cash Return on Equity growth 10 year average,Return on Retained Earnings growth year over year,Return on Retained Earnings growth 3 year average,Return on Retained Earnings growth 5 year average,Return on Retained Earnings growth 10 year average,R&D / Assets growth year over year,R&D / Assets growth 3 year average,R&D / Assets growth 5 year average,R&D / Assets growth 10 year average,R&D / Book growth year over year,R&D / Book growth 3 year average,R&D / Book growth 5 year average,R&D / Book growth 10 year average,CapEx / Assets growth year over year,CapEx / Assets growth 3 year average,CapEx / Assets growth 5 year average,CapEx / Assets growth 10 year average,CapEx / Fixed Assets growth year over year,CapEx / Fixed Assets growth 3 year average,CapEx / Fixed Assets growth 5 year average,CapEx / Fixed Assets growth 10 year average,Retained Earnings / Total Assets growth year over year,Retained Earnings / Total Assets growth 3 year average,Retained Earnings / Total Assets growth 5 year average,Retained Earnings / Total Assets growth 10 year average,Inventory / Assets growth year over year,Inventory / Assets growth 3 year average,Inventory / Assets growth 5 year average,Inventory / Assets growth 10 year average,Accounts Receivable / Assets growth year over year,Accounts Receivable / Assets growth 3 year average,Accounts Receivable / Assets growth 5 year average,Accounts Receivable / Assets growth 10 year average,Plowback Ratio growth year over year,Plowback Ratio growth 3 year average,Plowback Ratio growth 5 year average,Plowback Ratio growth 10 year average,Dividend & Repurchase / FCF growth year over year,Dividend & Repurchase / FCF growth 3 year average,Dividend & Repurchase / FCF growth 5 year average,Dividend & Repurchase / FCF growth 10 year average,Dividend & Repurchase / EBITDA growth year over year,Dividend & Repurchase / EBITDA growth 3 year average,Dividend & Repurchase / EBITDA growth 5 year average,Dividend & Repurchase / EBITDA growth 10 year average
1996,863300000,790300000,73000000,0.0846,2100000.0,25500000,0.0,27600000,817900000,0.0,0.0,18200000,56300000.0,0.0651,45400000,0.0526,-7300000,38100000,0.0441,13700000,24300000,0.0281,0.17,0.17,145336000,145808000,73300000.0,0.0,73300000.0,84800000.0,64900000.0,4300000.0,227300000.0,70700000.0,0.0,0.0,0.0,0.0,0.0,1900000.0,72600000.0,0.0,299900000.0,78600000.0,2500000.0,0.0,0.0,30500000.0,111600000.0,57300000.0,0.0,2900000.0,3900000.0,64100000.0,0.0,0.0,175700000.0,0.0,0.0,67300000.0,-57200000.0,114100000.0,124200000.0,299900000.0,0.0,299900000.0,24300000,18200000,-2900000.0,0.0,115700000.0,0.0,26800000,0.0,115700000.0,-55200000,100100000,-27300000.0,0.0,0.0,0.0,400000.0,-26900000,0.0,40100000.0,0.0,0.0,-45400000,-5300000,-100000.0,67800000,73300000.0,5500000,72800000,1.5,1.53,1.2,35866800.0,0.0,0.0,1.2,0.35958005249343833,0.0,0.0,72800000.0,299900000.0,29300000,38100000.0,165600000.0,124200000.0,124200000.0,124200000.0,0.08432758021545234,0.3493150684931507,0.0024325263523688172,0.0,0.0,0.021081895053863084,0.04413297810726283,0.033939534344955405,0.19182207807251245,0.6079295154185022,0.03197034634541874,5.940028623328012,0.3123795893653327,0.5009082402157758,-0.18784059008091594,0.8545714757527385,0.0,59800000.0,0.48148148148148145,1.225752508361204,73300000.0,1.225752508361204,-13500000.0,-13500000.0,115700000.0,2.0367383512544803,0.6568100358422939,0.3224813022437307,0.24441480493497833,0.8985507246376812,0.3721240413471157,99.0,1.4838709677419355,0.6568100358422939,0.38579526508836276,0.21373791263754585,0.1993997999333111,-0.045015005001667226,0.48148148148148145,1.4146537842190017,-0.10869565217391304,0.41413804601533843,2.4146537842190017,1.4146537842190017,-0.23978685612788633,1.225752508361204,0.9425156516789983,1.2705061082024434,3.1207815275310833,0.0,863300000.0,,6.814814814814815,0.1956521739130435,29075065.6167979,188300000.0,0.15440820826764684,188300000.0,0.20233669676048857,0.8794476898566118,2.8786262087362453,12.177195685670261,inf,11.77762619372442,0.24341447149049683,0.24341447149049683,0.38661710037174724,0.15560276155071695,0.38661710037174724,0.12704234744914972,0.12704234744914972,0.09694920178992299,0.1956521739130435,1.3333333333333333,0.3610698365527489,0.007002334111370457,0.016908212560386472,0.09103034344781594,0.38613861386138615,0.22440813604534846,0.2164054684894965,0.0,1.0,-0.5508241758241759,-0.7122557726465364,,,,,,,,,,,,,,,,,,,,,,,,,,,,,,,,,,,,,,,,,,,,,,,,,,,,,,,,,,,,,,,,,,,,,,,,,,,,,,,,,,,,,,,,,,,,,,,,,,,,,,,,,,,,,,,,,,,,,,,,,,,,,,,,,,,,,,,,,,,,,,,,,,,,,,,,,,,,,,,,,,,,,,,,,,,,,,,,,,,,,,,,,,,,,,,,,,,,,,,,,,,,,,,,,,,,,,,,,,,,,,,,,,,,,,,,,,,,,,,,,,,,,,,,,,,,,,,,,,,,,,,,,,,,,,,,,,,,,,,,,,,,,,,,,,,,,,,,,,,,,,,,,,,,,,,,,,,,,,,,,,,,,,,,,,,,,,,,,,,,,,,,,,,,,,,,,,,,,,,,,,,,,,,,,,,,,,,,,,,,,,,,,,,,,,,,,,,,,,,,,,,,,,,,,,,,,,,,,,,,,,,,,,,,,,,,,,,,,,,,,,,,,,,,,,,,,,,,,,,,,,,,,,,,,,,,,,,,,,,,,,,,,,,,,,,,,,,,,,,,,,,,,,,,,,,,,,,,,,,,,,,,,,,,,,,,,,,,,,,,,,,,,,,,,,,,,,,,,,,,,,,,,,,,,,,,,,,,,,,,,,,,,,,,,,,,,,,,,,,,,,,,,,,,,,,,,,,,,,,,,,,,,,,,,,,,,,,,,,,,,,,,,,,,,,,,,,,,,,,,,,,,,,,,,,,,,,,,,,,,,,,,,,,,,,,,,,,,,,,,,,,,,,,,,,,,,,,,,,,,,,,,,,,,,,,,,,,,,,,,,,,,,,,,,,,,,,,,,,,,,,,,,,,,,,,,,,,,,,,,,,,,,,,,
1997,978100000,857200000,120900000,0.1236,3100000.0,35900000,0.0,39000000,896200000,0.0,0.0,24900000,105100000.0,0.1075,81900000,0.0837,-1700000,80200000,0.082,27700000,52500000,0.0537,0.34,0.34,153360000,153360000,45500000.0,0.0,45500000.0,117000000.0,96200000.0,7300000.0,266000000.0,139500000.0,0.0,0.0,0.0,0.0,0.0,400000.0,139900000.0,0.0,405900000.0,125700000.0,2500000.0,0.0,0.0,40500000.0,168700000.0,50000000.0,0.0,3700000.0,2000000.0,55700000.0,0.0,0.0,224400000.0,0.0,0.0,119800000.0,-77000000.0,138700000.0,181500000.0,405900000.0,0.0,405900000.0,52500000,24900000,-1800000.0,0.0,,0.0,-31300000,0.0,115700000.0,-6200000,69400000,-93800000.0,0.0,0.0,0.0,400000.0,-93400000,0.0,3600000.0,0.0,0.0,-7400000,-3800000,0.0,-27800000,45500000.0,73300000,-24400000,8.955,10.21,8.015,92121000.0,0.0,0.0,8.015,0.34538653366583544,0.0,0.0,-24400000.0,405900000.0,60100000,80200000.0,,181500000.0,181500000.0,181500000.0,-0.024946324506696656,0.2969396195202647,0.0031694100807688375,0.0,0.0,0.02545751968101421,0.08199570596053574,0.06144565995297004,,0.47619047619047616,0.039873223596769244,6.3778038601982265,0.534037558685446,-0.15910276473656756,-0.6116327595200834,1.183489827856025,0.0,52500000.0,0.2892561983471074,0.8666666666666667,45500000.0,0.8666666666666667,7000000.0,7000000.0,97300000.0,1.5767634854771784,0.2697095435684647,0.17105263157894737,0.11209657551120966,0.9294765840220386,0.41561961074156195,99.0,,0.2697095435684647,0.2397142153239714,0.13722591771372258,0.1293422025129342,0.017245627001724564,0.2892561983471074,1.2363636363636363,0.03856749311294766,0.44715447154471544,2.2363636363636363,1.2363636363636363,0.06660323501427212,0.8666666666666667,,-0.488,2.1351094196003806,0.0,978100000.0,,,0.2892561983471074,53612842.89276807,237200000.0,0.22602378959851632,237200000.0,0.33811129848229343,,2.4097068243409705,8.910602910602911,inf,21.496703296703295,0.29785661492978566,0.29785661492978566,-0.10286677908937605,0.2533726812816189,-0.10286677908937605,0.19758561221975857,0.19758561221975857,0.13208387014724826,0.2892561983471074,,0.43823038397328884,0.007637349100763735,0.017079889807162536,0.23109140182310914,0.6724014336917563,0.29514658782951464,0.23700418822370042,0.0,1.0,0.14754098360655737,-0.03425309229305423,0.13297810726282866,,,,0.08465139820321399,,,,0.6561643835616437,,,,0.46099290780141855,,,,0.4761904761904763,,,,0.40784313725490207,,,,,,,,0.4130434782608696,,,,0.0957329746912825,,,,,,,,,,,,0.36813186813186816,,,,0.866785079928952,,,,0.6513056835637479,,,,0.803964757709251,,,,0.5912547528517109,,,,-0.7671232876712328,,,,1.10498687664042,,,,0.8594104308390023,,,,1.0218978102189782,,,,1.1604938271604937,,,,0.9110320284697508,,,,1.0,,,,1.0,,,,0.05520999614685973,,,,0.0517941402392188,,,,-0.3792633015006821,,,,,,,,-0.3792633015006821,,,,0.3797169811320755,,,,0.48228043143297383,,,,0.6976744186046511,,,,0.17025956885173787,,,,0.9731258840169732,,,,,,,,,,,,,,,,,,,,,,,,-0.7894736842105263,,,,0.9269972451790633,,,,,,,,0.3534511503834612,,,,0.5992366412213741,,,,0.0,,,,,,,,,,,,0.3278688524590163,,,,0.5116487455197132,,,,-0.1273996509598604,,,,,,,,0.27586206896551735,,,,-0.4871794871794872,,,,-0.13104524180967236,,,,,,,,,,,,0.27717700626067154,,,,,,,,,,,,0.7800891530460623,,,,0.34615384615384626,,,,0.21560035056967575,,,,0.46135265700483097,,,,0.3534511503834612,,,,,,,,0.3534511503834612,,,,1.1604938271604937,,,,0.36813186813186816,,,,-0.3793103448275862,,,,,,,,,,,,,,,,-2.1679104477611943,,,,,,,,0.0,,,,-0.8876811594202898,,,,-0.30669330669330674,,,,2.4358974358974357,,,,,,,,,,,,,,,,0.0,,,,2.4721189591078065,,,,,,,,-0.9102244389027432,,,,,,,,,,,,-0.8370044052863437,,,,-0.28301886792452835,,,,-1.0,,,,-1.4100294985250739,,,,-0.3792633015006821,,,,12.327272727272728,,,,-1.335164835164835,,,,4.97,,,,5.673202614379085,,,,5.679166666666667,,,,1.5684198200006692,,,,,,,,,,,,5.679166666666667,,,,-0.03947248666654524,,,,,,,,,,,,-1.335164835164835,,,,0.3534511503834612,,,,1.0511945392491469,,,,1.10498687664042,,,,,,,,0.46135265700483097,,,,0.46135265700483097,,,,0.46135265700483097,,,,-1.2958264003658135,,,,-0.14993755980473245,,,,0.302929391775113,,,,,,,,,,,,0.20755366706700928,,,,0.8579236996254727,,,,0.8104449910375098,,,,,,,,-0.21670117322291238,,,,0.24719398301053963,,,,0.07369917968929629,,,,0.7095789125354182,,,,-1.3176285634032112,,,,2.256126693685379,,,,0.3848927344708797,,,,,,,,-0.12207357859531776,,,,-0.39923712650985377,,,,-0.29295134151887214,,,,-0.3792633015006821,,,,-0.29295134151887214,,,,-1.5185185185185186,,,,-1.5185185185185186,,,,-0.15903197925669832,,,,-0.22583895741639637,,,,-0.589364460269568,,,,-0.4695734903425002,,,,-0.5413674898252145,,,,0.03441748866968819,,,,0.11688459911643756,,,,0.0,,,,,,,,-0.589364460269568,,,,-0.3786491514636211,,,,-0.3579710963752667,,,,-0.3513423656583784,,,,-1.3831084102086812,,,,-0.39923712650985377,,,,-0.1260309411703835,,,,-1.3548209366391184,,,,0.0797232368458951,,,,-0.0738367334566068,,,,-0.1260309411703835,,,,-1.2777601578743347,,,,-0.29295134151887214,,,,,,,,-1.384098901098901,,,,-0.31584143242173346,,,,,,,,0.13297810726282866,,,,,,,,,,,,0.47842056932966015,,,,0.8439457230938681,,,,0.25969198088157186,,,,0.4638068282401999,,,,0.25969198088157186,,,,0.6710330053599962,,,,,,,,-0.16289693429878715,,,,-0.2682549299024054,,,,,,,,0.825215280491546,,,,0.22366025777318788,,,,0.22366025777318788,,,,-1.2660688805292515,,,,0.6283302349941582,,,,-1.2660688805292515,,,,0.5552736247954224,,,,0.5552736247954224,,,,0.36240286365077856,,,,0.47842056932966015,,,,,,,,0.21369978771203035,,,,0.0906861882471639,,,,0.010153482880755682,,,,1.538619465448734,,,,0.7413473026376254,,,,0.3152223133740184,,,,0.09518576345589769,,,,,,,,0.0,,,,-1.2678549527819793,,,,-0.951909000097283,,,
1998,1277400000,1115600000,161800000,0.1267,3800000.0,52000000,0.0,55800000,1171400000,0.0,0.0,35700000,117700000.0,0.0921,85100000,0.0666,-3100000,82000000,0.0642,25000000,56900000,0.0445,0.38,0.37,148500000,154300000,23100000.0,0.0,23100000.0,126300000.0,123100000.0,17900000.0,290400000.0,224700000.0,0.0,0.0,0.0,0.0,0.0,11600000.0,236300000.0,0.0,526700000.0,132600000.0,8300000.0,0.0,0.0,45800000.0,186700000.0,81700000.0,0.0,7700000.0,2200000.0,91600000.0,0.0,0.0,278300000.0,0.0,0.0,176700000.0,-99700000.0,171400000.0,248400000.0,526700000.0,0.0,526700000.0,56900000,35700000,-5400000.0,0.0,-18400000.0,0.0,10600000,0.0,97300000.0,29600000,98400000,-99800000.0,0.0,0.0,0.0,-62300000.0,-162100000,0.0,2800000.0,0.0,0.0,38500000,41300000,0.0,-22400000,23100000.0,45500000,-1400000,8.8,8.75,6.865,60292600.0,0.0,0.0,6.865,0.3048780487804878,0.0,0.0,-1400000.0,526700000.0,74100000,82000000.0,77400000.0,248400000.0,248400000.0,248400000.0,-0.001095976201659621,0.32138442521631644,0.0029747925473618286,0.0,0.0,0.027947393142320337,0.0641928918114921,0.05800845467355566,0.060591827148896195,0.6556991774383079,0.04368248003757633,8.602020202020203,0.573063973063973,-0.009427609427609427,-0.672053872053872,1.6727272727272726,0.0,90000000.0,0.36231884057971014,0.25666666666666665,23100000.0,0.25666666666666665,66900000.0,66900000.0,103700000.0,1.5554365291912158,0.12372790573111944,0.07954545454545454,0.043857983671919495,0.751610305958132,0.3544712359977217,99.0,0.41456882699517944,0.12372790573111944,0.1968862730206949,0.17391304347826086,0.17087526105942663,0.12701727738750712,0.36231884057971014,1.1203703703703705,0.2693236714975845,0.47161572052401746,2.1203703703703702,1.1203703703703705,0.5683942225998301,0.25666666666666665,0.2781171397772188,-0.017135862913096694,2.364485981308411,0.0,1277400000.0,,1.360281195079086,0.2290660225442834,59154878.048780486,340000000.0,0.17398493543758967,340000000.0,0.2411764705882353,0.22764705882352942,2.425289538636795,9.0625507717303,inf,55.298701298701296,0.3071957471046136,0.3071957471046136,-0.00411764705882353,0.21794117647058822,-0.00411764705882353,0.15568634896525535,0.15568634896525535,0.11231228032804345,0.2290660225442834,0.3115942028985507,0.322014714204867,0.007214733244731346,0.015297906602254429,0.1894816783747864,0.4441477525589675,0.3354850958800076,0.23371938484906019,0.0,1.0,2.0,-0.0237892948173322,0.30600143134648805,,,,0.3014465702286515,,,,0.33829611248966085,,,,0.025080906148867266,,,,0.22580645161290325,,,,0.44846796657381605,,,,,,,,0.4307692307692308,,,,0.307074313769248,,,,,,,,,,,,0.4337349397590362,,,,0.11988582302568984,,,,-0.1432558139534883,,,,0.039072039072039155,,,,-0.20430107526881713,,,,0.8235294117647058,,,,0.02244389027431426,,,,-0.2170731707317074,,,,-0.09747292418772568,,,,0.08380952380952378,,,,-0.17132216014897583,,,,0.11764705882352944,,,,0.08823529411764697,,,,-0.03169014084507038,,,,0.006129368805425139,,,,-0.49230769230769234,,,,,,,,-0.49230769230769234,,,,0.07948717948717943,,,,0.2796257796257797,,,,1.452054794520548,,,,0.09172932330827077,,,,0.6107526881720431,,,,,,,,,,,,,,,,,,,,,,,,28.0,,,,0.6890636168691924,,,,,,,,0.29761024882976095,,,,0.054892601431980825,,,,2.32,,,,,,,,,,,,0.1308641975308642,,,,0.10669828097213996,,,,0.6339999999999999,,,,,,,,1.0810810810810811,,,,0.10000000000000009,,,,0.644524236983842,,,,,,,,,,,,0.24019607843137258,,,,,,,,,,,,0.474958263772955,,,,0.29480519480519485,,,,0.23576063446286954,,,,0.368595041322314,,,,0.29761024882976095,,,,,,,,0.29761024882976095,,,,0.08380952380952378,,,,0.4337349397590362,,,,2.0,,,,,,,,,,,,,,,,-1.3386581469648562,,,,,,,,-0.15903197925669832,,,,-5.774193548387097,,,,0.41786743515850144,,,,0.06396588486140731,,,,,,,,,,,,,,,,-156.75,,,,0.7355460385438972,,,,,,,,-0.2222222222222222,,,,,,,,,,,,-6.202702702702703,,,,-11.868421052631579,,,,,,,,-0.19424460431654678,,,,-0.49230769230769234,,,,-0.3792633015006821,,,,-0.9426229508196722,,,,-0.017308766052484548,,,,-0.14299706170421167,,,,-0.1434809731752964,,,,-0.3455064534688074,,,,,,,,,,,,-0.1434809731752964,,,,-0.11728449414458053,,,,,,,,,,,,-0.9426229508196722,,,,0.29761024882976095,,,,0.2329450915141431,,,,0.02244389027431426,,,,,,,,0.368595041322314,,,,0.368595041322314,,,,0.368595041322314,,,,-0.9560666261129805,,,,0.0823224793496562,,,,-0.061404970782385604,,,,,,,,,,,,0.0978050294178121,,,,-0.2171188593413913,,,,-0.055938943157990195,,,,,,,,0.37696827262044663,,,,0.09553419807060015,,,,0.34874329637237333,,,,0.07307803307803318,,,,-0.9407451564828614,,,,0.09878658654778061,,,,0.4133854244928623,,,,,,,,0.7142857142857142,,,,0.2525879917184266,,,,-0.7038461538461538,,,,-0.49230769230769234,,,,-0.7038461538461538,,,,8.557142857142857,,,,8.557142857142857,,,,0.0657759506680371,,,,-0.013525780170834167,,,,-0.5412549956738495,,,,-0.534965034965035,,,,-0.608748229177316,,,,-0.1913617632993423,,,,-0.1471258168851498,,,,0.0,,,,,,,,-0.5412549956738495,,,,-0.17866250545632,,,,0.2673483724923893,,,,0.3211098755051671,,,,6.365187555941305,,,,0.2525879917184266,,,,-0.09381808278867088,,,,5.983178053830227,,,,0.054704247717348053,,,,-0.051866907557964526,,,,-0.09381808278867088,,,,7.534033256463163,,,,-0.7038461538461538,,,,,,,,-0.9648855268174248,,,,0.10743082279640825,,,,,,,,0.30600143134648805,,,,,,,,,,,,-0.20808603634690592,,,,0.10337140985224624,,,,0.43338954468802693,,,,-0.23023618112660937,,,,0.43338954468802693,,,,-0.2866950271380373,,,,,,,,0.006466643219175117,,,,0.017052478115322955,,,,,,,,1.5724270617430829,,,,0.03135445616015442,,,,0.03135445616015442,,,,-0.9599710703953712,,,,-0.13983948321425077,,,,-0.9599710703953712,,,,-0.21205624632173137,,,,-0.21205624632173137,,,,-0.14968966155491403,,,,-0.20808603634690592,,,,,,,,-0.26519309025251303,,,,-0.05533541160114408,,,,-0.10433224248091011,,,,-0.18005742801358415,,,,-0.3394604319618767,,,,0.13667279146656997,,,,-0.01385968492480738,,,,,,,,0.0,,,,12.555555555555555,,,,-0.3054847540828849,,,
1999,2000300000,1772700000,227600000,0.1138,4100000.0,81000000,1300000.0,86400000,1859100000,0.0,0.0,56000000,195500000.0,0.0978,141200000,0.0706,-1700000,139500000,0.0697,48100000,91500000,0.0457,0.58,0.56,156506000,163656000,113600000.0,27200000.0,140800000.0,228600000.0,191500000.0,27000000.0,587900000.0,314300000.0,0.0,0.0,0.0,0.0,0.0,18500000.0,332800000.0,0.0,920700000.0,263300000.0,8300000.0,0.0,0.0,59200000.0,330800000.0,33300000.0,0.0,8900000.0,1900000.0,44100000.0,0.0,0.0,374900000.0,0.0,100000.0,268200000.0,-141800000.0,419300000.0,545800000.0,920700000.0,0.0,920700000.0,91500000,56000000,4600000.0,0.0,6400000.0,0.0,-68400000,0.0,103700000.0,-51200000,107300000,-150100000.0,0.0,-27200000.0,0.0,3000000.0,-174300000,0.0,205300000.0,0.0,0.0,-47900000,157400000,100000.0,90500000,113600000.0,23100000,-42800000,22.72,22.92,17.990000000000002,25194700.0,0.0,0.0,17.990000000000002,0.34480286738351257,0.0,0.0,-42800000.0,920700000.0,90600000,139500000.0,155500000.0,545800000.0,545800000.0,545800000.0,-0.021396790481427785,0.35588752196836554,0.0020496925461180823,0.0006499025146228066,0.0,0.027995800629905514,0.06973953906913963,0.045293206019097136,0.07773833924911264,0.6118980169971672,0.04319352097185422,12.780979642952985,0.9022018325176031,-0.27347194356765875,-0.9590686619043359,3.487406233626826,0.0,41600000.0,0.07621839501648955,2.730769230769231,140800000.0,3.3846153846153846,-99200000.0,-99200000.0,257100000.0,1.7772067714631197,0.343409915356711,0.2394965130124171,0.15292712066905614,0.6060828142176622,0.35929184316281093,99.0,0.4700725513905683,0.42563482466747277,0.27924405343760184,0.047898338220918865,0.04518301292494841,-0.10774410774410774,0.07621839501648955,0.6868816416269696,-0.18175155734701356,0.5928098186162702,1.6868816416269696,0.6868816416269696,-0.5074168797953964,3.3846153846153846,0.41477727393971725,-1.2852852852852852,1.9176470588235295,0.0,2000300000.0,,1.6994535519125684,0.16764382557713448,92513835.12544802,589900000.0,0.15682969168579083,589900000.0,0.23648075945075436,0.26360400067808104,2.1725860758118825,9.256919060052219,inf,17.608274647887324,0.24720321494515043,0.24720321494515043,-0.07255467028309882,0.15358535344973726,-0.07255467028309882,0.15151515151515152,0.15151515151515152,0.10048206269734769,0.16764382557713448,0.28490289483327225,0.34116331096196867,0.00445313348539155,0.007511909124221327,0.16302813077006625,0.47756920139993636,0.2913000977517107,0.20799391767133701,0.0,1.0,4.796728971962617,-1.0501278772378517,0.5659151401283857,0.3349648929125675,,,0.589010397992112,0.3250361221413258,,,0.4066749072929543,0.4670451344480863,,,-0.1018153117600632,0.12808616739674086,,,0.07894736842105265,0.2603147654081441,,,0.5576923076923077,0.4713344705070086,,,inf,,,,0.5483870967741935,0.4640666019347646,,,0.5870752945193785,0.32996086099330296,,,,,,,,,,,0.5686274509803921,0.4568314196237655,,,0.6610025488530162,0.5492244839358861,,,0.061889250814332275,0.18997970680819729,,,0.6592244418331374,0.5007537462048092,,,0.06006006006005982,0.14900457921431787,,,-0.4516129032258065,-0.13173559304411117,,,0.7012195121951219,0.6095500930366188,,,0.08566978193146424,0.2426690140129197,,,0.9239999999999999,0.6161416286770841,,,0.6080843585237259,0.6174625698312478,,,0.026966292134831482,0.2555587201518688,,,0.5263157894736841,0.5479876160990712,,,0.5135135135135136,0.5339162692103868,,,0.05391245791245791,0.025810771071415755,,,0.060635126377187376,0.039519545140610436,,,3.9177489177489173,1.0153926413135144,,,inf,,,,5.095238095238095,1.4078890338099068,,,0.8099762470308789,0.42306013588337793,,,0.5556458164094233,0.439184009156059,,,0.5083798882681565,0.8860363671311186,,,1.024449035812672,0.42881264265756025,,,0.39875389408099693,0.6608774887566711,,,,,,,,,,,,,,,,,,,,,,,0.5948275862068966,9.268451300665456,,,0.4083791790097333,0.6748133470193297,,,,,,,0.7480539206379344,0.46637177328371887,,,0.9856711915535445,0.5466001447356331,,,0.0,0.7733333333333333,,,,,,,,,,,0.2925764192139737,0.2504364897346181,,,0.7718264595607927,0.4633911620175486,,,-0.5924112607099143,-0.028603637223258278,,,,,,,0.1558441558441559,0.5042624352969182,,,-0.13636363636363635,-0.1745143745143745,,,-0.5185589519650655,-0.0016933189302986336,,,,,,,,,,,0.3471074380165289,0.288160174236191,,,,,,,inf,,,,0.5178268251273344,0.5909580806487839,,,0.42226680040120357,0.3544086137867482,,,1.4463243873978997,0.6325617908101483,,,1.1972624798711755,0.6757367260661068,,,0.7480539206379344,0.46637177328371887,,,,,,,0.7480539206379344,0.46637177328371887,,,0.6080843585237259,0.6174625698312478,,,0.5686274509803921,0.4568314196237655,,,-1.8518518518518519,-0.07705406555981269,,,,,,,-1.3478260869565217,,,,,,,,-7.452830188679245,-3.6531329278017655,,,,,,,0.0657759506680371,-0.031085342862887073,,,-2.72972972972973,-3.1305348125123715,,,0.09044715447154461,0.06720709431224643,,,0.5040080160320641,1.0012904455969691,,,,,,,-inf,,,,,,,,-1.0481540930979134,-52.5993846976993,,,0.07526218383713768,1.0943090604962806,,,,,,,72.32142857142857,23.729660636767864,,,,,,,,,,,-2.244155844155844,-3.0946209840482966,,,2.811138014527845,-3.1134339686760875,,,inf,,,,-5.040178571428571,-2.2148175580900635,,,3.9177489177489173,1.0153926413135144,,,-0.49230769230769234,3.818567244488118,,,29.571428571428573,9.097880261814689,,,1.5818181818181816,2.1781698052552323,,,1.6194285714285717,2.383211374701148,,,1.6205389657683904,2.385408219753254,,,-0.5821261647366344,0.21359573393174247,,,,,,,,,,,1.6205389657683904,2.385408219753254,,,0.1309534050179213,-0.008601191931068156,,,,,,,,,,,29.571428571428573,9.097880261814689,,,0.7480539206379344,0.46637177328371887,,,0.22267206477732793,0.502270565180206,,,0.7012195121951219,0.6095500930366188,,,1.009043927648579,,,,1.1972624798711755,0.6757367260661068,,,1.1972624798711755,0.6757367260661068,,,1.1972624798711755,0.6757367260661068,,,18.52304297212561,5.423716648548937,,,0.10735771258618354,0.01324754404370243,,,-0.31097966883914774,-0.023151749282140106,,,inf,,,,,,,,0.0017320931272073459,0.10236359653734291,,,0.08640594154779202,0.2424035939439578,,,-0.21919647275580723,0.17843652504123744,,,0.282983909002797,,,,-0.06680069450790449,0.031155468296543254,,,-0.011193482267982446,0.11051156627105245,,,0.4858113957871599,0.30275129061627654,,,0.574347498576546,0.4523348147299991,,,28.007559728426664,8.583062002846864,,,0.42707110513821545,0.9273281284571251,,,1.084862422276907,0.6277135270802163,,,,,,,-0.5377777777777778,0.01814478597087288,,,-0.7896372297544888,-0.31209545484863865,,,9.63936063936064,2.8808543813318717,,,5.095238095238095,1.4078890338099068,,,12.186813186813188,3.7300052304827207,,,-2.482810164424514,1.5186047247332748,,,-2.482810164424514,1.5186047247332748,,,1.4792671166827387,0.46200369603135916,,,0.14257749391241203,-0.032262414558272834,,,1.77552516004753,0.21496856803470413,,,2.0108133064418148,0.33542492704475985,,,2.48687075568796,0.4455850122284764,,,-0.19362093705587957,-0.11685507056184456,,,0.013599431140077778,-0.005547262209544823,,,0.0,0.0,,,0.1338830147883605,,,,2.4400875223124316,0.43648935545633805,,,0.4183012820210694,-0.04633679163295723,,,-0.7245845552297165,-0.271735759704198,,,-0.735578967693663,-0.2552704859489581,,,-1.8482634013276762,1.0446052481349826,,,-0.7896372297544888,-0.31209545484863865,,,-0.38691555953956436,-0.20225486116620625,,,-1.6748443474588666,0.9845042565774141,,,0.25697637465857315,0.13046795307393877,,,-0.2044400991453592,-0.1100479133866435,,,-0.38691555953956436,-0.20225486116620625,,,-1.8927199813440683,1.454517705748253,,,12.186813186813188,3.7300052304827207,,,0.4913761671501722,,,,74.00557700557701,23.88553085922023,,,-0.1889793071378748,-0.13246330558773334,,,,,,,0.5659151401283857,0.3349648929125675,,,,,,,0.24933988506234028,,,,-0.2681418932625623,0.0007308799067306341,,,0.5639257179967299,0.503747616980948,,,0.7350000000000001,0.4760271751898663,,,-0.09860189164453614,0.044989585156351465,,,0.7350000000000001,0.4760271751898663,,,-0.019470021789555148,0.12162265214413459,,,0.15795039057554972,,,,-0.10419517290580982,-0.08687515466180729,,,0.021447415106156553,-0.0765850122269753,,,,,,,-0.6815788755548793,0.5720211555599165,,,-0.19529089424220802,0.019907939897044757,,,-0.19529089424220802,0.019907939897044757,,,16.620419925895426,4.798126658323601,,,-0.2952898762090328,0.06440029185695821,,,16.620419925895426,4.798126658323601,,,-0.026792313377679067,0.10547502169867067,,,-0.026792313377679067,0.10547502169867067,,,-0.10533325114708636,0.03579331698292606,,,-0.2681418932625623,0.0007308799067306341,,,-0.08566047704670765,,,,0.05946497446361798,0.0026572239743784345,,,-0.38277226138007125,-0.11580716157801714,,,-0.5089583614587954,-0.20104570701964994,,,-0.13961005534475057,0.40631732736346643,,,0.07524849253071841,0.15904512106882238,,,-0.13170480200438017,0.10673010094540274,,,-0.11006989084083507,-0.009581270769914921,,,,,,,0.0,0.0,,,1.3983644859813085,4.228688362918295,,,43.142875411033984,13.961827218951273,,
2000,3558321000,3199972000,358349000,0.1007,4839000.0,132717000,2724000.0,140280000,3340252000,0.0,0.0,99337000,312033000.0,0.0877,212916000,0.0598,-220000,212696000,0.0598,67048000,145648000,0.0409,0.81,0.78,179032000,187448000,337602000.0,0.0,337602000.0,523096000.0,477548000.0,49024000.0,1387270000.0,587494000.0,0.0,0.0,0.0,0.0,0.0,43428000.0,630922000.0,0.0,2018192000.0,594111000.0,8333000.0,0.0,0.0,89531000.0,691975000.0,25000000.0,0.0,28112000.0,2922000.0,56034000.0,0.0,0.0,748009000.0,0.0,190000.0,426814000.0,-256656000.0,1099835000.0,1270183000.0,2018192000.0,0.0,2018192000.0,145648000,99337000,13769000.0,0.0,153400000.0,0.0,-255615000,0.0,257100000.0,-376738000,35416000,0.0,-369855000.0,0.0,27176000.0,6339000.0,-336340000,0.0,542816000.0,0.0,0.0,-30239000,512577000,0.0,211653000,337602000.0,125949000,35416000,41.565,42.0,32.96,31973300.0,0.0,0.0,32.96,0.3152292473765374,0.0,0.0,35416000.0,2018192000.0,126295000,212696000.0,398605000.0,1270183000.0,1270183000.0,1270183000.0,0.009953008736423723,0.3703568309106486,0.0013599110366939913,0.0007655295854421229,0.0,0.02791681807234367,0.05977425870234866,0.035492863066597984,0.11202052878309743,0.6588513780082286,0.03942308746175514,19.875335135618215,1.1892622547924394,0.19781938424415746,0.0,7.094726082488047,0.0,33333000.0,0.026242675268051928,10.128161281612815,337602000.0,10.128161281612815,-304269000.0,-304269000.0,695295000.0,2.0047978611944073,0.4878817876368366,0.24335709703230085,0.16727942633802928,0.544783704395351,0.342868765707128,99.0,0.576039596806243,0.4878817876368366,0.34451380245288854,0.02776445452167088,0.016516268026035185,-0.1507631583119941,0.026242675268051928,0.5888986075234829,-0.23954737230776982,0.6293667797712011,1.5888986075234828,0.5888986075234829,-0.9751180163636538,10.128161281612815,0.5328879732730488,1.41664,2.3972111924059316,0.0,3558321000.0,,2.736769471602768,0.11466694169265373,145798649.56557715,1326217000.0,0.10993574171163328,1326217000.0,0.16037797735966286,0.30055790266600413,1.7631231319914062,6.70083844974746,inf,10.539987914763538,0.17755941952004567,0.17755941952004567,0.026704528746049856,0.09522951372211334,0.026704528746049856,0.10538937821574955,0.10538937821574955,0.07224220964386795,0.11466694169265373,0.31381698542650943,0.34124466395197905,0.0023976906062455903,0.0038096872655357535,-0.0,-0.0,0.21148334747140016,0.23662168911580267,0.0,1.0,-15.326857917325503,-1.7396108744908392,0.7788936659501076,0.5502700791416605,,,0.8051401816438202,0.5651990499548613,,,0.5744683655536029,0.43981312844540604,,,-0.11511423550087874,-0.06394954703735822,,,0.18024390243902433,0.1616659074909934,,,0.6384814814814814,0.5482139185825351,,,1.0953846153846154,,,,0.6236111111111111,0.5342558128848451,,,0.7967037813996019,0.5636177965627428,,,,,,,,,,,0.7738750000000001,0.5920791302464762,,,0.5960767263427109,0.45898836607380566,,,-0.10327198364008183,-0.06154618225974595,,,0.5079036827195467,0.4020667212082411,,,-0.1529745042492917,-0.09907183981934968,,,-0.8705882352941177,-0.1662239089184061,,,0.5247025089605735,0.4161219704766699,,,-0.14203730272596837,-0.09114689717540385,,,0.39392931392931385,0.4068187965805294,,,0.5917814207650274,0.42789176769942566,,,-0.10503282275711157,-0.08312956359041863,,,0.39655172413793127,0.3468381908117149,,,0.3928571428571428,0.33153531682943443,,,0.14393058413095994,0.05538430039944916,,,0.1453781101823337,0.0707142017883154,,,1.9718485915492958,1.7990966056635067,,,-1.0,,,,1.3977414772727275,2.0002239600677103,,,1.2882589676290466,0.7259074647157014,,,1.4937232375979113,0.7763316112110381,,,0.8157037037037036,0.9253794621641361,,,1.3597040312978397,0.8252941301395942,,,0.8692141266306077,0.6262402362945493,,,,,,,,,,,,,,,,,,,,,,,1.3474594594594596,9.980762348555452,,,0.895799278846154,0.6644140249083599,,,,,,,1.1920191158900835,0.7458944284525929,,,1.2564033421952145,0.7656557117269133,,,0.003975903614457765,0.7746586345381526,,,,,,,,,,,0.512347972972973,0.311929529905937,,,1.0918228536880292,0.6567825314069873,,,-0.2492492492492493,-0.06922016998638791,,,,,,,2.1586516853932585,1.131858974106165,,,0.5378947368421052,0.16717703349282298,,,0.2706122448979591,0.1321925099722452,,,,,,,,,,,0.9952227260602828,0.5275087475027281,,,,,,,0.8999999999999999,,,,0.5914019388516032,0.5280623425839642,,,0.8099858956276447,0.5090192969446811,,,1.6230264726925827,1.101703831517784,,,1.3271949432026382,0.9643508214653759,,,1.1920191158900835,0.7458944284525929,,,,,,,1.1920191158900835,0.7458944284525929,,,0.5917814207650274,0.42789176769942566,,,0.7738750000000001,0.5920791302464762,,,1.9932608695652174,0.7138030059044551,,,,,,,22.96875,,,,,,,,2.737061403508772,-2.0181423107117764,,,,,,,1.4792671166827387,0.46200369603135916,,,6.3581640625,-0.7152530718722755,,,-0.6699347623485554,-0.05387339090616979,,,-1.0,-0.1440086997021762,,,-inf,,,,-1.0,,,,inf,,,,1.113,-52.228384697699305,,,0.9296615031554791,0.580156575178838,,,,,,,1.6440136385776913,24.581073329261343,,,,,,,,,,,-0.368705636743215,-2.9385213945339204,,,2.256524777636595,-2.266919420155713,,,-1.0,,,,1.3387071823204422,-1.2985719978082253,,,1.9718485915492958,1.7990966056635067,,,4.452337662337662,1.1935888895097626,,,-1.8274766355140186,8.933776328364962,,,0.8294454225352113,0.7979849461003029,,,0.832460732984293,0.769630747569551,,,0.8321289605336297,0.7697289843755746,,,0.2690486491206483,-0.21952798969493115,,,,,,,,,,,0.8321289605336297,0.7697289843755746,,,-0.08576964638197582,-0.02403357850287835,,,,,,,,,,,-1.8274766355140186,8.933776328364962,,,1.1920191158900835,0.7458944284525929,,,0.3939845474613686,0.2832005679176132,,,0.5247025089605735,0.4161219704766699,,,1.5633762057877814,,,,1.3271949432026382,0.9643508214653759,,,1.3271949432026382,0.9643508214653759,,,1.3271949432026382,0.9643508214653759,,,-1.4651636302679527,5.367270905248225,,,0.040656971793378016,0.07677905457640592,,,-0.3365292569026852,-0.23630463217473952,,,0.1779144844306757,,,,,,,,-0.0028212287480529064,0.032238631265655515,,,-0.14289283381858042,-0.0912019172040599,,,-0.21637556300092775,-0.16383699297157506,,,0.4409946220246288,,,,0.07673396498566976,0.1289671810327373,,,-0.08729164525753708,-0.0009836431516397903,,,0.5550713396665823,0.46320867727537185,,,0.3181776094089628,0.32186771368784733,,,-1.7233626296849558,8.447817314086281,,,-1.0,-0.15804743610466798,,,1.0343847568081244,0.844210867859298,,,,,,,-0.19872596153846156,-0.00740600834350839,,,-0.6556910538148379,-0.39758009728363336,,,2.7089041312948337,3.8814728722697733,,,1.3977414772727275,2.0002239600677103,,,1.992411287749241,4.491792773572091,,,2.0672278225806453,2.7138535050996624,,,2.0672278225806453,2.7138535050996624,,,1.704375729288215,1.0831395988796635,,,0.12806112005972103,0.0857042779337663,,,0.4206980224495207,0.5516560622744003,,,0.01611958341825037,0.4973226182983434,,,0.09385062378851972,0.6573243834330545,,,-0.10113982509376507,-0.16204084181632897,,,-0.045709575010421055,-0.059745320251831026,,,0.0,0.0,,,0.22542700079424538,,,,0.1462449953854088,0.6816925073413304,,,0.23373729256466147,0.15779202304313697,,,-0.420346184170014,-0.2925274556357804,,,-0.6344584622218608,-0.34964251813678554,,,0.3992705630831954,1.6387315725656082,,,-0.6556910538148379,-0.39758009728363336,,,-0.1426490797910991,-0.20779424070644478,,,0.31799350610464483,1.542109070825335,,,0.06166726664592326,0.12444929634061482,,,-0.058085304674359906,-0.10479743712589455,,,-0.1426490797910991,-0.20779424070644478,,,0.921729558458612,2.1876809445259022,,,1.992411287749241,4.491792773572091,,,0.28475692077212855,,,,-2.102198878504673,23.646164200084968,,,0.2500794561626023,0.05617699060704525,,,,,,,0.7788936659501076,0.5502700791416605,,,,,,,0.6103820363450372,,,,-0.31600855982677145,-0.2640788298120799,,,0.5759659014013996,0.41442100975012525,,,1.2482064756738431,0.8055320067872901,,,-0.2990119375361002,-0.20928333676908192,,,1.2482064756738431,0.8055320067872901,,,-0.3218138434088522,-0.20932629744548156,,,0.14018718188215962,,,,-0.18846799598835795,-0.09539884189166421,,,-0.27612649454129934,-0.07920886710660661,,,,,,,-0.4014184736703805,0.16314323750594104,,,-0.2817269000346835,-0.14855444603891235,,,-0.2817269000346835,-0.14855444603891235,,,-1.3680607828807199,4.764129357539779,,,-0.3799570624208095,-0.271695473948031,,,-1.3680607828807199,4.764129357539779,,,-0.30443010377605295,-0.18109288782515445,,,-0.30443010377605295,-0.18109288782515445,,,-0.2810437235801805,-0.17868887876072695,,,-0.31600855982677145,-0.2640788298120799,,,0.10148752826873864,,,,0.00023845761662055764,-0.0684965527240915,,,-0.4615722582511427,-0.299893310410786,,,-0.4928469976757526,-0.36871253387181935,,,-1.0,-0.43988916111944487,,,-1.0,-0.4214039798103861,,,-0.2740017971032136,-0.08967793588034127,,,0.1376375413520603,0.004569321862139282,,,,,,,0.0,0.0,,,-4.195272863426846,3.2528823927033392,,,0.6565705112662399,14.497987056072446,,
2001,4330655000,3936589000,394066000,0.091,6448000.0,184112000,5820000.0,196380000,4132969000,0.0,0.0,155388000,321536000.0,0.0742,163762000,0.0378,2386000,166148000,0.0384,47631000,118517000,0.0274,0.62,0.59,191862000,202223000,430652000.0,0.0,430652000.0,528196000.0,431499000.0,56451000.0,1446798000.0,744723000.0,0.0,148888000.0,148888000.0,0.0,0.0,17169000.0,910780000.0,0.0,2357578000.0,392181000.0,8333000.0,0.0,0.0,104261000.0,504775000.0,361667000.0,0.0,36960000.0,40100000.0,438727000.0,0.0,0.0,943502000.0,0.0,197000.0,545331000.0,-348923000.0,1217471000.0,1414076000.0,2357578000.0,0.0,2357578000.0,118517000,155388000,9056000.0,0.0,438195000.0,0.0,97698000,0.0,695295000.0,-538377000,182779000,0.0,-448402000.0,0.0,0.0,6886000.0,-441516000,0.0,16642000.0,0.0,0.0,335145000,351787000,0.0,93050000,430652000.0,337602000,182779000,26.06,24.705,19.39,49273900.0,0.0,0.0,19.39,0.28667814237908373,0.0,0.0,182779000.0,2208690000.0,54566000,166148000.0,709714000.0,1414076000.0,1265188000.0,1265188000.0,0.04220585569619376,0.46721107631716513,0.0014889202672574934,0.001343907561327328,0.0,0.03588094641572695,0.03836555902051768,0.012599941579276115,0.16388144518554354,1.1991792967843578,0.04534648915695201,22.571718214133075,0.853540565614869,0.9526586817608489,0.0,7.3702765529390915,0.0,370000000.0,0.26165496055374676,1.1639243243243242,430652000.0,1.1639243243243242,-60652000.0,-60652000.0,942023000.0,2.866223564954683,0.8531563567926304,0.2976586918146141,0.18266712702612597,0.35696454787437165,0.21410744416515592,99.0,1.4060006933782379,0.8531563567926304,0.399572357733233,0.18609225230299908,0.15694072476075022,-0.025726402265375738,0.26165496055374676,0.6672215637631924,-0.04289161261488067,0.599800303531845,1.6672215637631924,0.7457405539730064,-0.18863206608280256,1.1639243243243242,0.7522125019342831,0.5053792577149698,2.9343588276273884,0.0,4330655000.0,,5.988288599947687,0.08381232691877948,116815014.04771648,1852803000.0,0.0630477250132456,1852803000.0,0.08967386171114793,0.3830488184658596,1.8369084713209913,9.123054746360943,inf,10.056042930254591,0.16714865849613458,0.17841616523821813,0.09864999139142154,0.029450513627190804,0.09864999139142154,0.0704740203717544,0.07522468069308051,0.04954873775023201,0.09367540634277277,0.5018924018228157,0.21733039200045476,0.002735010252046804,0.004559868069325836,-0.0,-0.0,0.23130984425541806,0.1830263940365918,0.0,1.0,-0.09104984708308941,-0.0517578125,0.21705011998636436,0.5206196420216193,0.4001676929348349,,0.23019482670473357,0.5414484687802219,0.40208867495450623,,0.09967099112875988,0.3602714213251057,0.4150549520053243,,-0.09632571996027806,-0.10441842240707333,0.03456370934581317,,0.33250671626369077,0.19723266237458925,0.25873898298542947,,0.3872525750280673,0.5278087880672855,0.4879474936061149,,1.1365638766519823,inf,,,0.39991445680068427,0.523970888228663,0.4831450747432179,,0.23732251339120514,0.5403671964367285,0.40478177555414324,,,,,,,,,,0.5642509840240797,0.635584478334824,0.5417240485790752,,0.030455112119551542,0.4291781291050929,0.45484105805398406,,-0.1539338654503991,-0.06510553275871622,0.06254665426682218,,-0.23086099682503902,0.3120890425758817,0.3558607849017871,,-0.36789297658862874,-0.15360247359262022,-0.014770748638993369,,-11.845454545454546,-4.389218561324824,-2.622249911976199,,-0.21884755707676684,0.3356914880263095,0.42690104619873254,,-0.35785953177257535,-0.1380756841890265,0.045622041508043075,,-0.28959849659945114,0.3427769391099542,0.390551140672223,,-0.18627787542568386,0.3378626346210232,0.4515782509666174,,-0.33007334963325174,-0.13604662675184395,0.06631399761304864,,-0.23456790123456794,0.22943320412568247,0.3611893342401154,,-0.2435897435897436,0.22092697092697092,0.3502032413797119,,0.07166316636132097,0.0898354028015796,0.05860521274130563,,0.07882185992915369,0.09494503216289159,0.06855172110666374,,0.27562040509238694,2.0550726381302,1.0587293841164451,,,,,,0.27562040509238694,2.256199992534403,1.1794057967589668,,0.009749644424732695,0.702661619694886,0.5134378039407826,,-0.0964280030489082,0.6509803503194754,0.5429694524034361,,0.15149722584856407,0.49186027260680804,0.7250620061891246,,0.042910176101263575,0.8090210810705919,0.5378104270743569,,0.2676265629946859,0.5118648612354302,0.6238946311790613,,,,,,inf,,,,inf,,,,,,,,,,,,-0.6046559823155568,0.4458770211169331,5.709631475828054,,0.4435698866103892,0.5825827814887589,0.6727618413029064,,,,,,0.16816338584237767,0.7027454741234651,0.5518595643167234,,-0.3398859809025586,0.6340628509487335,0.5112635590999111,,0.0,0.0013253012048192552,0.46479518072289155,,,,,,,,,,0.1645240196133182,0.3231494706000883,0.28563629235802906,,-0.2705300046967015,0.5310397695173735,0.44229326700879473,,13.46668,4.208339830013612,2.6263239678161954,,,,,,0.31474103585657365,0.8764122923646626,0.7972360054281172,,12.723477070499658,4.375002723659375,2.547565736759728,,6.829656993967948,2.1939034289669475,1.4190378564150024,,,,,,,,,,0.26135113347566663,0.5345604325174927,0.42421087644890443,,,,,,0.03684210526315779,inf,,,0.2776783329506529,0.4623023656431968,0.5283909027497216,,0.3594967583068387,0.5305831514452289,0.4465416990589456,,0.10695786186109735,1.05876957398386,0.7255339413968251,,0.11328525102288411,0.8792475580322326,0.6935380744847686,,0.16816338584237767,0.7027454741234651,0.5518595643167234,,,,,,0.16816338584237767,0.7027454741234651,0.5518595643167234,,-0.18627787542568386,0.3378626346210232,0.4515782509666174,,0.5642509840240797,0.635584478334824,0.5417240485790752,,-0.3422906529159706,-0.06696054506753502,0.28396160399396175,,,,,,1.8565514993481096,7.8258251374638625,,,,,,,-1.3822076169238895,-2.0326588006981208,-1.9209089993640824,,,,,,1.704375729288215,1.0831395988796635,0.6180773634764585,,0.4290488349993895,1.3524943892565533,-0.5208783080075454,,4.160915970182968,1.1938094541019857,0.7385204981542304,,,,,,0.2123724162171663,,,,,,,,-1.0,,,,0.08629121312509858,0.05037904000906172,-31.319772575994563,,0.31270737943747395,0.4392103554766969,0.905059212816359,,,,,,-0.9693413606083829,24.33203361646596,14.372730837654581,,,,,,,,,,-12.08320380964979,-4.89868843018295,-4.347154479707578,,-0.3136894554379147,1.5846577789088416,-1.4794933167659163,,,,,,-0.5603653149258456,-1.4206122346779917,-1.173222161375119,,0.27562040509238694,2.0550726381302,1.0587293841164451,,1.6804659028654454,1.8801652909651383,3.517701059733492,,4.160915970182968,10.634955968699174,5.925416024022603,,-0.3730301936725611,0.6794111368936105,1.3981849289256694,,-0.4117857142857143,0.6800345300423835,1.5140618285604048,,-0.41171116504854366,0.6803189204178256,1.5153284909489695,,0.5410952263294686,0.07600590357116084,0.29018621544906886,,,,,,,,,,-0.41171116504854366,0.6803189204178256,1.5153284909489695,,-0.09057251265568556,-0.01512958467324669,-0.04042914696617317,,,,,,,,,,4.160915970182968,10.634955968699174,5.925416024022603,,0.09439042469695647,0.6781544870749915,0.5371049720876393,,-0.5679480581178986,0.016236184706932628,0.26656963697681757,,-0.21884755707676684,0.3356914880263095,0.42690104619873254,,0.7804944744797482,1.1176382026387028,,,0.11328525102288411,0.8792475580322326,0.6935380744847686,,-0.003932504213959742,0.8401749729532847,0.6700945234373998,,-0.003932504213959742,0.8401749729532847,0.6700945234373998,,3.240512272609439,6.766130538155699,3.60929971759766,,0.2615160227188664,0.13651023569947598,0.06838312532867034,,0.0948659339342739,-0.18421433060251968,-0.06222371416296633,,0.755526614364838,inf,,,,,,,0.2852806620992776,0.09473050882614402,0.11791004459265068,,-0.35815918334408037,-0.1382153585382896,0.04523175293384252,,-0.6450006989959114,-0.36019091158421546,-0.06521333737462535,,0.46295903943520145,0.3956458568208758,,,0.8201059249653431,0.27667973181436945,0.1980612589681285,,0.1502521003953139,0.01725565762326479,0.07889903079018683,,0.13566478553021843,0.39218250699465357,0.31979799940912607,,-0.28229407586484234,0.20341034404022215,0.27857759554682354,,3.815800460611258,10.033332519784322,5.568324767893378,,,,,,0.03883877506295663,0.719361984715996,0.5912728226223459,,,,,,10.100111001110012,3.1212024205979243,1.9911638794968336,,8.970590188733079,2.5084206350545837,1.475722554074465,,-0.8850803919920418,3.821061459554478,2.0932773766596813,,0.27562040509238694,2.256199992534403,1.1794057967589668,,-0.8850803919920418,4.431381360856796,2.459469317441072,,-0.8006632289191472,-0.40541519025433875,1.1644757535722643,,-0.8006632289191472,-0.40541519025433875,1.1644757535722643,,0.35485369519412613,1.1794988470550265,0.6890481025152837,,0.42968207440477824,0.23344022945897044,0.09219119015793616,,0.7486948240578561,0.9816393355183023,0.36285971012229784,,0.2231354476385201,0.7500227791661951,0.24910596243821,,0.09198800489070336,0.8909031281223942,0.3045187330729304,,-0.344759131019599,-0.21317329772308122,-0.15929283355977955,,-0.37554112366116643,-0.13588375584383658,-0.08757849706004439,,0.0,0.0,0.0,,1.4408056341501139,0.6000385499109065,,,0.7486948240578561,1.1116757805852322,0.44088157716245585,,0.15981523784630847,0.27061793747734647,0.050908431102419646,,5.702535868577905,1.5192017097260582,0.8933964810590593,,8.502190477495214,2.3773843491932296,1.4203841114852955,,-0.8293588264306808,-0.7594505548917206,0.5407454962114924,,8.970590188733079,2.5084206350545837,1.475722554074465,,0.13299905151598845,-0.13218852927155833,-0.12328292235474587,,-0.8209472631585637,-0.7259327015042617,0.49011180253566466,,-0.0469781329260891,0.0905551694594691,0.0812185985883301,,0.04929386675074676,-0.07107717902299078,-0.06778703561670874,,0.26633098541206746,-0.08774455130619867,-0.09661653557553007,,-0.8065546293706716,-0.5925150174187093,0.8957456092665399,,-0.8850803919920418,4.431381360856796,2.459469317441072,,0.4115771788095013,0.395903422243934,,,-0.6432549852362139,23.75337438061204,13.78222774278396,,0.22407188691721203,0.09505734531397984,0.015352285263322862,,,,,,0.21705011998636436,0.5206196420216193,0.4001676929348349,,,,,,1.1880865970200594,0.6826028394758122,,,-0.26908029741104533,-0.28441025016679305,-0.11657924350352497,,-0.19879220832442923,0.3136998036912334,0.3776833088039629,,0.39705870155487366,0.7934217257429056,0.614669340559663,,-0.42650384641400063,-0.274705891864879,-0.11810940569620927,,0.39705870155487366,0.7934217257429056,0.614669340559663,,-0.44085925519533287,-0.2607143734645801,-0.07956102843435624,,0.2744593140561129,0.19086562883794075,,,0.04184922651785894,-0.08360464745876961,-0.08144884669118417,,0.36147958420110404,0.03560016825532042,-0.028880389404224237,,,,,,-0.0459151365658661,-0.3763041619303753,0.2537459712887006,,-0.058632547076646446,-0.17855011378451266,-0.05612712548403913,,0.0048251211931662485,-0.15739755769457509,-0.04343559183007659,,2.6941296485531088,5.982162930522605,3.144089768128638,,-0.6907417409152214,-0.4553295598483546,-0.1754995855530313,,2.6941296485531088,5.982162930522605,3.144089768128638,,-0.3312986416194392,-0.22084035292439042,-0.06386073605989603,,-0.2862214203495621,-0.20581461250109803,-0.05484529180592061,,-0.3141303679041356,-0.2335024475438008,-0.09755882810710759,,-0.1830652761817385,-0.25573857642369074,-0.09937623925766362,,0.5993156047327792,0.20504755198493674,,,-0.3631244237388629,-0.10114033055287479,-0.0709828588398214,,0.14068522641017633,-0.23455309774034586,-0.13366170331500354,,0.19691401196538494,-0.2682971157230543,-0.17981402135386348,,,,,,,,,,0.09374968299430342,-0.10398563870443012,0.027987637745459603,,-0.22650203909659916,-0.0663114628617913,-0.023521662010856724,,,,,,0.0,0.0,0.0,,-0.9940594577457283,-1.2636559450637552,1.499346553516462,,-0.9702474770312361,14.276399481756329,8.314360938217764,
2003,4729482000,4294016000,435466000,0.0921,9906000.0,243663000,36870000.0,290439000,4584455000,0.0,0.0,224439000,261393000.0,0.0553,44453000,0.0094,-7499000,36954000,0.0078,-6053000,43007000,0.0091,0.22,0.21,198495000,202103000,699748000.0,0.0,699748000.0,759696000.0,510218000.0,124285000.0,2093947000.0,746204000.0,0.0,381319000.0,381319000.0,0.0,0.0,23275000.0,1150798000.0,0.0,3244745000.0,712697000.0,347237000.0,0.0,0.0,203284000.0,1263218000.0,297018000.0,0.0,19223000.0,76810000.0,393051000.0,0.0,0.0,1656269000.0,0.0,199000.0,623053000.0,21079000.0,944145000.0,1588476000.0,3244745000.0,0.0,3244745000.0,43007000,224439000,-28958000.0,0.0,-111294000.0,0.0,68640000,0.0,830729000.0,136299000,263493000,-117215000.0,-415166000.0,0.0,0.0,14888000.0,-517493000,0.0,17111000.0,0.0,0.0,295309000,312420000,593000.0,59013000,699748000.0,640735000,146278000,21.675,22.575000000000003,17.715,36127600.0,0.0,0.0,17.715,-0.16379823564431456,0.0,0.0,146278000.0,2863426000.0,-32636000,36954000.0,163651000.0,1588476000.0,1207157000.0,1207157000.0,0.030928968542432343,0.5595454065300162,0.0020945211336040608,0.007795779749241037,0.0,0.047455302716026826,0.007813540679507819,-0.006900544287936818,0.03460230951296569,6.533619778192698,0.061410319354212574,23.82670596236681,0.2239502254464848,0.7369354391798282,-0.5905186528627925,8.002599561701807,0.0,644255000.0,0.4055805690485723,1.0861351483496442,699748000.0,1.0861351483496442,-55493000.0,-55493000.0,830729000.0,1.657629166145511,0.5539408083165376,0.33417655747733827,0.21565577572351602,0.7952389585993116,0.38931194901294247,99.0,0.12955087720409303,0.5539408083165376,0.25602289239986503,0.12113463461689593,0.1985533531910828,-0.01710242253243321,0.4055805690485723,1.042678013391452,-0.03493474248273187,0.4895534163701616,2.042678013391452,1.3720410849624365,-0.21229719235021596,1.0861351483496442,0.09880701745912047,0.49248867072029306,6.336317345912094,0.0,4729482000.0,,3.8052177552491453,0.027074378209050686,51734322.96909672,1981527000.0,0.02610831089815921,1981527000.0,0.01864925383302877,0.08258832708310308,1.4575820287880865,8.416041770380504,inf,6.758836038116579,0.1342065401133217,0.15207866381041452,0.07382084624635445,-0.01647012632177104,0.07382084624635445,0.011388876475655252,0.012905519472128842,0.015944033496961,0.03562668319033895,0.10302390467341024,0.06902623051329501,0.0030529363632581298,0.00623616598551064,0.03612456448811848,0.15708170955931622,0.1920190954913252,0.1572444059548593,0.0,1.0,-0.11697589521322413,-0.06546081953227516,0.09209392112740455,0.36267923568795885,0.39199085570775005,,0.09079611816219568,0.3753770421702498,0.4033176189463026,,0.10505854349271448,0.25973263339169245,0.3048337839915385,,0.012087912087912045,-0.06645068112441492,-0.055217289796888135,,0.5362903225806452,0.34968031376112013,0.27075895226346325,,0.3234498566090207,0.44972797103952317,0.4710688374769386,,5.335051546391752,2.5223333461427835,,,0.4789642529789184,0.5008299402969046,0.4963292296868277,,0.1092401128583349,0.38108880254971395,0.40748320318755366,,,,,,,,,,0.44437794424279864,0.5941679760889594,0.5569732638012613,,-0.18704903960987262,0.14649426628412995,0.2440742341462192,,-0.2547169811320754,-0.17064094340751879,-0.11865787867234248,,-0.7285511901417911,-0.1505028347490945,0.049357595331578616,,-0.7513227513227513,-0.4240634107202239,-0.2832862494738858,,-4.142917015926237,-5.619653265558299,-3.2974086576272,,-0.777583840912921,-0.15724296300970478,0.05038690268806436,,-0.796875,-0.43225727816618126,-0.2856350446597574,,-1.1270811026432366,-0.3409167617711246,-0.03924464190021992,,-0.6371237881485357,-0.07720674760306405,0.0920547279048115,,-0.6678832116788321,-0.36766312802306517,-0.24946905041666798,,-0.6451612903225806,-0.16105915580640576,0.03215707617559924,,-0.6440677966101696,-0.16493346578092347,0.02138968205767804,,0.03457172342621262,0.0833884913061645,0.054477558197176215,,-0.0005934043110823461,0.07453552193346835,0.05807421219660351,,0.6248571932790281,0.9574420633069036,1.2595534830723871,,,,,,0.6248571932790281,0.7660730252147142,1.380229895714909,,0.4382842732621981,0.5787642951053258,0.5251512623668072,,0.18243147724560194,0.5265755705982017,0.48299966156596164,,1.2016439035623816,0.7229482777048831,0.8258559031806708,,0.4472974112488406,0.6166372062159813,0.5932179955537773,,0.0019886588704793873,0.3796097828319243,0.4296671861497626,,,,,,1.5611130514212026,,,,1.5611130514212026,,,,,,,,,,,,0.355640980837556,0.3661481526604862,5.938654408837671,,0.2635301609609346,0.5342997754724926,0.5400684244592806,,,,,,0.37630441071302845,0.5788289708151632,0.556430216382637,,0.8172654973086406,0.5779276195337655,0.5548693303173644,,40.67010680427217,13.558027569295545,8.598816541577326,,,,,,,,,,0.9497606967130567,0.5422108964331159,0.4100146612088372,,1.5025367738101134,0.774609874267147,0.6404708726668746,,-0.17875283064255243,4.346225973369399,2.6160533318796566,,,,,,-0.47989718614718613,0.664498511700882,0.6460841544055766,,0.9154613466334165,4.7256110513250595,2.8280939035223085,,-0.10411030093885265,2.3320529793090183,1.4244248445891663,,,,,,,,,,0.7554483191344585,0.6706740595568027,0.5198651390236619,,,,,,0.010152284263959421,0.31566479650903906,,,0.14252261470556404,0.33720096216927337,0.40087759508162185,,-1.0604116094381855,0.0363570148320993,0.16522860794053926,,-0.22450308877993808,0.5018270819245806,0.6375132535269022,,0.12333141924479296,0.5212705378234385,0.625933826932761,,0.37630441071302845,0.5788289708151632,0.556430216382637,,,,,,0.37630441071302845,0.5788289708151632,0.556430216382637,,-0.6371237881485357,-0.07720674760306405,0.0920547279048115,,0.44437794424279864,0.5941679760889594,0.5569732638012613,,-4.197659010600707,-0.8488962646504866,-0.47970812916066236,,,,,,-1.253982815869647,7.857106227826154,,,,,,,-0.29742676410980773,0.3524756741583583,-1.5468122626338052,,,,,,0.19478638563487438,1.1261430772019427,0.6570346406034334,,-1.2531664614201572,1.8446821453597442,-0.5939753684075189,,0.44159339967939415,1.3108582025046023,0.8881778394287705,,-inf,,,,-0.07412098964768221,-inf,,,,,,,,,,,1.1620679639848968,0.7871197257033318,-31.087358983197582,,0.1720820989499814,0.4714836605143115,0.44505184078479393,,,,,,0.028181708929215343,0.23428466229950792,14.560412067220971,,,,,,,,,,-0.11886198511092216,-4.190257143834642,-4.203525995672495,,-0.11190578389764261,0.6103098461003459,-1.4452706999605394,,inf,,,,-0.3657925846319183,0.13751642758755941,-0.9643747785964878,,0.6248571932790281,0.9574420633069036,1.2595534830723871,,0.8979004863715263,2.3435680171915445,1.231826611553252,,-0.19970018437566683,0.7112463834310941,6.152508954180437,,-0.1682655410590943,0.09604989593451863,0.37053182071385055,,-0.08621736490588927,0.11148588459756315,0.36217783270340986,,-0.08638473439917482,0.11134435369530375,0.36221821073580107,,-0.2668004765200238,0.18111446631003103,-0.07685784385506973,,,,,,,,,,-0.08638473439917482,0.11134435369530375,0.36221821073580107,,-1.5713663214257851,-0.5825694934878155,-0.3468079139180212,,,,,,,,,,-0.19970018437566683,0.7112463834310941,6.152508954180437,,0.29643634914813766,0.5276152965783926,0.5257020118405746,,-1.5981013818128504,-0.5906882974897935,-0.26328954723558184,,-0.777583840912921,-0.15724296300970478,0.05038690268806436,,-0.7694127493610102,0.5248193103021731,,,0.12333141924479296,0.5212705378234385,0.625933826932761,,-0.045867491629702495,0.42579831578632527,0.568650493710493,,-0.045867491629702495,0.42579831578632527,0.568650493710493,,-0.26718773894633774,0.5027203011317162,3.815027449881555,,0.19762872691436395,0.16660057380886947,0.13789638267248963,,0.4067382785124214,0.055024985181336694,-0.041461936815504655,,4.8008303350428605,1.911423811279458,,,,,,,0.3225766724822712,0.20167870194449863,0.14091464567570305,,-0.7963397151249854,-0.4324639107625487,-0.28562093001624905,,-1.5476647843579339,-0.8030136821182577,-0.5368352924537141,,-0.7888576740717071,0.03836532912937437,,,4.448409421103944,1.7817497703516525,1.1310833778335,,0.35424639251918455,0.13906894921898713,0.10030951269191582,,0.05560000954858357,0.24877871158179476,0.31617816538098353,,-0.7376220481270779,-0.2339128381943191,-0.010862596585675632,,-0.22644337023443506,0.6219981535639557,5.786561806527134,,-inf,,,,0.08579366109546593,0.3863390643221823,0.5314530079472632,,,,,,0.7412297297297297,3.5475382564337603,2.1638245411618433,,0.5500587804268349,2.9549859717816918,1.6655817354618025,,-0.0668335340614501,0.585663401747114,2.1385009381511657,,0.6248571932790281,0.7660730252147142,1.380229895714909,,-0.0668335340614501,0.346832453898583,2.5046928789325564,,-0.08505902525885378,0.3938351894675481,1.4511676522241974,,-0.08505902525885378,0.3938351894675481,1.4511676522241974,,-0.11814361220479752,0.6470286040925145,0.6972257759256639,,-0.4216678746161522,0.04535843994944903,0.05302540671798499,,-0.35071595739023553,0.27289229637238044,0.41058941069816435,,0.1226836866079759,0.12064623922158213,0.36755739782830527,,0.1805943370022558,0.12214432189382629,0.4489110984384245,,1.227781339448824,0.26062746111181995,0.07937993659604761,,0.8183017901640037,0.13235036383080542,0.052704941149468845,,0.0,0.0,0.0,,-0.9078585965040903,0.2527913461467563,,,-0.35071595739023553,0.18140795401767648,0.48861127773832236,,-0.3592577478275063,0.011431594194487879,0.054786711829642606,,-0.34906137618420496,1.6443761027412285,0.8951784250972716,,0.26514869543115305,2.7109602369015016,1.5436823237032018,,-0.33521903467043423,-0.2551024326726399,0.7503233713191418,,0.5500587804268349,2.9549859717816918,1.6655817354618025,,0.5627162999808486,0.18435542390191265,0.014466525875500546,,-0.18551109755636153,-0.2294882848700935,0.723973770352216,,-0.18380598761372602,-0.05637228463129729,0.02851275369640587,,0.225198892450019,0.07213581817546862,-0.007979910435383574,,0.8398370286458905,0.32117297808895295,0.09655705838772473,,0.1254565395950511,0.08021048956099719,1.176388948760417,,-0.0668335340614501,0.346832453898583,2.5046928789325564,,-0.8686448082090601,-0.05743690287581008,,,-0.025506759127710277,-0.9236535409561991,14.053946171178197,,1.159353275494054,0.5445015395246228,0.31039122684648035,,,,,,0.09209392112740455,0.36267923568795885,0.39199085570775005,,,,,,-0.36455671904617504,0.4779706381063072,,,-0.6769642461390217,-0.4206843677922795,-0.3476562065972614,,-0.5571260818582418,-0.05998412959375713,0.09746894781354094,,0.06947527610868498,0.5715801511124673,0.5766259996050858,,-0.5858960669449349,-0.43713728363167853,-0.3280499847332362,,0.06947527610868498,0.5715801511124673,0.5766259996050858,,-0.7920324442689819,-0.5182351809577224,-0.3721741183601519,,-0.7843921633438897,-0.1232485558018724,,,-0.2065026366066659,-0.11770713535905497,-0.09016998715275992,,-0.0774973948569645,0.002618564934280069,0.009271117604863943,,,,,,-0.32788313604131925,-0.25840558209252196,0.02312628798212755,,-0.1970827566263399,-0.17914740124588993,-0.1402757283639447,,-0.1476183584185785,-0.1415067124200319,-0.11769131506842986,,-0.2516892783756107,0.358126529098926,3.3469656885593664,,-1.5592475068606153,-0.8766487700655486,-0.6130151339239859,,-0.2516892783756107,0.358126529098926,3.3469656885593664,,-0.8383961009237405,-0.4913749487730776,-0.3425946812037286,,-0.8284403555691537,-0.47303062656492295,-0.33158808787883587,,-0.6782151428895615,-0.42446307812462586,-0.3056824294151756,,-0.6196794379522046,-0.3729177579869048,-0.31899624071403654,,-0.7947291007011876,-0.031308655899889924,,,-0.6823903464309282,-0.34842543751772354,-0.25020088566841314,,0.11624311498408413,-0.06821463895229407,-0.1285503179676195,,0.36761982818345884,0.02389561415769707,-0.10832075229332286,,-inf,,,,-inf,,,,-0.16986198270362862,-0.11670469893751294,-0.0690292214700698,,-0.14086486387628872,-0.07657645387360919,-0.070731787477294,,,,,,0.0,0.0,0.0,,0.2847456526365757,-1.6348622228453327,1.8098666746001733,,0.2647524377556558,-0.01630817600311348,8.557693225788352,
2004,6252897000,5714517000,538380000,0.0861,13813000.0,263504000,43709000.0,321026000,6035543000,0.0,0.0,221668000,419181000.0,0.067,216015000,0.0345,-18502000,197513000,0.0316,30613000,166900000,0.0267,0.83,0.81,200430000,205849000,621322000.0,0.0,621322000.0,777357000.0,656681000.0,127315000.0,2182675000.0,776353000.0,0.0,352426000.0,352426000.0,0.0,5923000.0,11979000.0,1146681000.0,0.0,3329356000.0,937636000.0,4412000.0,0.0,0.0,217036000.0,1159084000.0,305194000.0,0.0,0.0,45738000.0,350932000.0,0.0,0.0,1510016000.0,0.0,201000.0,789953000.0,53057000.0,976129000.0,1819340000.0,3329356000.0,0.0,3329356000.0,166900000,221668000,-43142000.0,0.0,192862000.0,0.0,-133907000,0.0,1023591000.0,-87047000,451241000,-217741000.0,-1492000.0,0.0,0.0,13640000.0,-205593000,0.0,28891000.0,0.0,0.0,-347331000,-318440000,-5634000.0,-78426000,621322000.0,699748000,233500000,25.86,25.38,19.92,31141350.0,0.0,0.0,19.92,0.1549923296188099,0.0,0.0,233500000.0,2976930000.0,53208000,197513000.0,599932000.0,1819340000.0,1466914000.0,1466914000.0,0.03734269091590666,0.4894386864296594,0.00220905605833584,0.0069901999025411745,0.0,0.03545044800833917,0.03158743859046455,0.008509335752691912,0.095944647736881,1.4861282781288336,0.051340362715074306,31.197410567280347,1.077757820685526,1.1649952601905902,-1.086369305992117,9.077184054283292,0.0,309606000.0,0.17017489858959842,2.006815113402195,621322000.0,2.006815113402195,-311716000.0,-311716000.0,1023591000.0,1.8831033816358436,0.5360457050567518,0.28466079466709426,0.18661927411787746,0.6370903734321237,0.34814060136554936,99.0,0.5175914774080222,0.5360457050567518,0.3074441423506528,0.10540536968711066,0.09299275895999107,-0.09362651515788639,0.17017489858959842,0.8299801026745963,-0.17133465982169357,0.54645402894734,1.8299801026745963,1.0293827722688582,-0.7436310328950978,2.006815113402195,0.3973017504450284,0.7650871249107125,3.6023006767959425,0.0,6252897000.0,,3.5945596165368485,0.09173656380885375,182534331.91739276,2170272000.0,0.0841066612467897,2170272000.0,0.09100840816266348,0.2764317099423482,1.8781100609246955,8.702120207528464,inf,10.063858997428065,0.1617069487312261,0.18085074220757627,0.10759020067530706,0.024516742601848985,0.10759020067530706,0.05932468621559245,0.06634788187831088,0.054825717621483784,0.11377626772939654,0.3297525476271615,0.21127839251195957,0.004148850408307192,0.007592313696175536,0.06540033568053401,0.28046648882660336,0.2372690093819946,0.19723964634602006,0.0,1.0,-0.12373019271948608,-0.06892249410159335,0.3221103283615414,0.21041812315843678,0.3952126351107607,,0.3308094334068621,0.21726679275793045,0.4091901915819447,,0.23633073535017668,0.14702008999055036,0.2844407085636417,,-0.06514657980456029,-0.049794795892308764,-0.07326278698757364,,0.3944074298405007,0.4210681562282789,0.30447914790898273,,0.08142803790481112,0.2640434898472997,0.39766085174313764,,0.18548955790615684,2.2190349936499634,inf,,0.10531299171254549,0.3280639004973827,0.43123798187549056,,0.3165235562351467,0.22102872749489558,0.40937305168073335,,,,,,,,,,-0.012346339094364223,0.33209419639083804,0.4677570080305813,,0.6036427907403794,0.14901628775001943,0.3408256276891571,,0.21157323688969254,-0.06569253656426066,-0.04769206850370631,,3.8594020651024676,0.9666632927118792,0.8134236005376643,,2.670212765957447,0.5169990126820224,0.291616518771367,,1.4672623016402189,-4.840369753246855,-3.1686620796520977,,4.344834118092764,1.1161342400343586,0.9148649482517544,,3.051282051282052,0.6321825065031589,0.3680359997429945,,-6.0574921526515775,-2.491390583964755,-1.2312484875929903,,2.8807635966238054,0.6857873110165286,0.6514455424676677,,1.9340659340659343,0.31203645758461684,0.17160856842631408,,2.7727272727272725,0.6309993603900413,0.5631731189563478,,2.8571428571428577,0.6564951056476481,0.5751711946627202,,0.00974835638177285,0.03866108205643548,0.06276525764254486,,0.01853510338787645,0.03225451966864926,0.060555359113093774,,-0.11207749075381424,0.2628000358725336,1.3355995233831628,,,,,,-0.11207749075381424,0.2628000358725336,1.4562759360256847,,0.02324745687748786,0.15709379152147288,0.5139033178448689,,0.28705964901277503,0.12435437440315626,0.48448643544336073,,0.024379450456611718,0.45917352662251915,0.5403208343678835,,0.04237356532901737,0.17752705089304052,0.5833468439579267,,0.040403160529828286,0.10333946079833119,0.31559728062131964,,,,,,-0.07577120468688947,inf,,,-0.07577120468688947,inf,,,,,,,inf,,,,-0.4853276047261009,-0.2447808687347006,0.2415888878924509,,-0.003577517513933759,0.23450751001913003,0.40154019758265547,,,,,,0.026076317245268932,0.1901813712668917,0.5021234300657386,,0.31561659442932966,0.26433203694513724,0.6070141289168342,,-0.9872939807681785,13.227604274501331,7.937357745423691,,,,,,,,,,0.06764920013380293,0.39397797215339264,0.3973716617294249,,-0.08243549411107187,0.38319042500078,0.6026441176502324,,0.027526951228544982,4.438484706861998,2.4947587221253658,,,,,,-1.0,-0.3883853834302042,0.22986793818936038,,-0.40453066007030336,4.411469252354258,2.727187771508248,,-0.10715912184423904,2.206129190394952,1.27408817282355,,,,,,,,,,-0.08830268513146111,0.309498922492888,0.45416538631109515,,,,,,0.01005025125628145,0.019014880261132888,inf,,0.2678744825881587,0.22935847674812523,0.3594608388446626,,1.5170548887518382,0.2720466792068305,0.4096785467298679,,0.033876152497762435,-0.027889691473692763,0.5971363571338808,,0.14533678821713392,0.127317819494937,0.5812821763117249,,0.026076317245268932,0.1901813712668917,0.5021234300657386,,,,,,0.026076317245268932,0.1901813712668917,0.5021234300657386,,2.8807635966238054,0.6857873110165286,0.6514455424676677,,-0.012346339094364223,0.33209419639083804,0.4677570080305813,,0.4898128323779267,-1.3500456103795837,-0.7817455626850771,,,,,,-2.73290563732097,-0.7101123179475025,3.8981173918401937,,,,,,-2.950859557109557,-1.5434979793810848,-1.8692525446627457,,,,,,0.23215994626406444,0.7104406870623846,0.7352730257075859,,-1.6386473855274066,-0.8209216706493914,0.23313386416441925,,0.7125350578573244,1.7716814759065622,0.9471113639685352,,0.8576206116964553,,,,-0.9964062567743986,-0.2860516100683048,,,,,,,,,,,-0.08382590005373458,0.38817775901875357,0.24587583679166944,,-0.6027134666555876,-0.039307996089377406,0.17739993974489693,,,,,,0.6884460288703174,-0.08423787426961675,14.74254571743948,,,,,,,,,,-2.176161241276087,-4.7927423453456,-3.3982177033871714,,-2.019268932846809,-0.8149547240607887,0.5245597239964147,,-10.500843170320405,,,,-2.3289614152813787,-1.0850397716130475,-1.3913181407894544,,-0.11207749075381424,0.2628000358725336,1.3355995233831628,,0.09210203906451175,0.8901561427671613,1.3260996796662907,,0.5962755848452945,1.519163790217532,6.46028866131343,,0.19307958477508635,-0.11607204998552301,0.41260949087936477,,0.12425249169435193,-0.12458352916575055,0.41562774338312264,,0.12447078746824736,-0.12454170399315705,0.41580856286450985,,-0.13801774820358947,0.04542566720195177,-0.03536010280202615,,,,,,,,,,0.12447078746824736,-0.12454170399315705,0.41580856286450985,,-1.9462393108761773,-1.2027260483192161,-0.7125988772643406,,,,,,,,,,0.5962755848452945,1.519163790217532,6.46028866131343,,0.039639229370690865,0.143488667738595,0.47410780794876056,,-2.6303468562323813,-1.59879876538771,-0.8359479367848868,,4.344834118092764,1.1161342400343586,0.9148649482517544,,2.665923214645801,0.8923349799215131,1.04988501464018,,0.14533678821713392,0.127317819494937,0.5812821763117249,,0.21518079255639488,0.05512693223757755,0.5379676439573092,,0.21518079255639488,0.05512693223757755,0.5379676439573092,,0.20736942341530562,1.0602313190261354,4.0477146597872125,,-0.12529228063030484,0.1112841563343085,0.09637343067649742,,0.054683107701423816,0.1854291067160397,-0.018244321118742766,,-0.10333537793679848,1.8176738571569666,inf,,,,,,-0.2529718286600102,0.11829516864051286,0.0707592740601386,,3.042653629910361,0.6293849104804315,0.36633356783410126,,-2.233139792692513,-1.475268425348786,-0.9722754623606186,,1.7727816173926185,0.482294327585371,0.43417230275670776,,-0.7725413586065885,1.4986579958208999,0.901181451588093,,-0.16397824901471547,0.11350674796659432,0.04840702327485269,,0.30934635348063755,0.1668703828531465,0.30829877680263634,,3.8124882149005357,0.9308573636362052,0.7370194397788248,,0.58086475185285,1.3900739474098909,6.090883788194276,,0.839686690209489,,,,0.13427942811535187,0.08630395475792481,0.47563180867176114,,,,,,-0.5194356271973054,3.4406350345474785,1.9170802728652394,,-0.5804165397055343,2.980077476484793,1.4989808291770106,,0.8476661182096001,-0.034749269281297256,2.4488033925623163,,-0.11207749075381424,0.2628000358725336,1.4562759360256847,,0.8476661182096001,-0.034749269281297256,2.8149953333437074,,4.617212981817526,1.2438302425465084,0.6631816771591313,,4.617212981817526,1.2438302425465084,0.6631816771591313,,0.23215994626406444,0.15629000975113103,0.7305025750448693,,0.13602210922399993,0.04801210300420866,0.08293498459695181,,-0.03230508204327864,0.12189126154144732,0.5123793934242785,,-0.1481724606418625,0.06588222453487784,0.44491591269293973,,-0.13464281913258447,0.045979840920124894,0.5437321804473709,,-0.19886926244878866,0.22805098199347876,0.07787843676615833,,-0.10575413303336445,0.11233551115649094,0.060979277919825915,,0.0,0.0,0.0,,2.995275744776427,1.1760742608074837,0.7775065596010113,,-0.03230508204327864,0.12189126154144732,0.5904012604644364,,0.200846297254061,0.0004679290909543887,0.13068847237171882,,-0.1298494437988864,1.7412083495316046,0.8157388618390167,,-0.5316485092523361,2.745230221224677,1.3731306467517013,,4.474459245778315,1.1032937948924002,0.3721777092865439,,-0.5804165397055343,2.980077476484793,1.4989808291770106,,-0.20399193997102405,0.16390780384193768,-0.0075682455609700884,,3.904420288954004,0.9659873094130261,0.30822221737697136,,0.11622963025990729,-0.03818483009330261,0.040817830204917714,,-0.10412698884623228,0.05678859011817783,-0.018431926693037125,,-0.24974347812839692,0.2854748453098537,0.06537197931977952,,2.5027831723199014,0.6072283608480936,0.17013893193176494,,0.8476661182096001,-0.034749269281297256,2.8149953333437074,,3.020987179472394,0.8546398500242783,0.6680105275990271,,0.5535121321506309,-0.03841653740443111,14.357625702971808,,-0.43148354475648476,0.31731387255159377,0.20260835333590171,,,,,,0.3221103283615414,0.21041812315843678,0.3952126351107607,,,,,,-0.055360337374044444,0.25605651353327996,0.3255782924014435,,2.3883165515574856,0.48075733600247283,0.17162431098361694,,2.528302323129441,0.5907946776489233,0.5824551304689798,,0.09525229784908307,0.18726209183754725,0.508998550237297,,2.2214516509652764,0.40301724586878035,0.16228758168514093,,0.09525229784908307,0.18726209183754725,0.508998550237297,,3.880002651981872,0.8823703175058525,0.46116541746383,,2.3471038790287344,0.6123903432469858,0.42706172043973345,,0.2885107142040293,0.041285768038407444,-0.033761172955789086,,0.03399204102750386,0.10599141012388114,0.012659030187300125,,,,,,0.4889929184067714,0.03839821526652868,-0.19356054068513476,,0.20491109147649222,-0.016934737408831373,-0.10556440130067712,,0.1891920778119791,0.015466280195522283,-0.08612379073806493,,0.45745011261802304,0.9666301609318403,3.6304499251620457,,-2.488558261355988,-1.579515836377275,-1.0827588895523335,,0.45745011261802304,0.9666301609318403,3.6304499251620457,,4.2090025159553095,1.0131025911373766,0.5416170712516795,,4.141046977736759,1.008795067272681,0.5390325569328622,,2.4386353761696373,0.48209662179198004,0.2119825781297347,,2.193568907931619,0.4636080645992253,0.16133474814166843,,2.200738204133204,0.6684415693882652,0.4042303518773653,,2.0608421022101973,0.33844244401346874,0.21500615282412894,,0.3589704843632868,0.20529960858584909,-0.04568913877473333,,0.21746497989563207,0.2606662733481586,-0.04396130781801442,,0.8104117407988254,,,,0.7854815154064474,,,,0.23565319779726623,0.05318029936264701,-0.04923314020393055,,0.2543507996248995,-0.03767203444932946,-0.017089690567352635,,,,,,0.0,0.0,0.0,,0.057740934522879206,-0.21719095686209114,-0.6896962496063621,,0.05288162589549339,-0.217537804460029,8.629366501784027,
2005,7524386000,6895880000,628506000,0.0835,22507000.0,278866000,39762000.0,341135000,7237015000,0.0,0.0,219121000,495493000.0,0.0659,287371000,0.0382,-10999000,276372000,0.0367,44525000,231847000,0.0308,1.14,1.12,202501000,207526000,796071000.0,0.0,796071000.0,955353000.0,818435000.0,116076000.0,2685935000.0,880736000.0,0.0,453301000.0,453301000.0,0.0,24727000.0,32563000.0,1391327000.0,0.0,4077262000.0,1339866000.0,674000.0,0.0,0.0,227589000.0,1568129000.0,326580000.0,0.0,0.0,47336000.0,373916000.0,0.0,0.0,1942045000.0,0.0,204000.0,1021800000.0,71329000.0,1041884000.0,2135217000.0,4077262000.0,0.0,4077262000.0,231847000,219121000,4609000.0,0.0,94215000.0,0.0,-106291000,0.0,1117806000.0,40209000,590001000,-256849000.0,-216060000.0,0.0,0.0,-15785000.0,-488694000,0.0,50262000.0,0.0,0.0,10678000,60940000,12502000.0,174749000,796071000.0,621322000,333152000,29.270000000000003,29.645000000000003,23.265,26001700.0,0.0,0.0,23.265,0.16110532181262935,0.0,0.0,333152000.0,3623961000.0,130519000,276372000.0,556182000.0,2135217000.0,1681916000.0,1681916000.0,0.04427630374092983,0.4436966393320032,0.0029912075217831727,0.0052844178913734625,0.0,0.029121445922630763,0.03673017306661301,0.017346132960217617,0.07391726049142083,1.1870891634855292,0.04533725409621463,37.157278235663036,1.4191090414368324,1.6451869373484576,-1.268383859832791,10.544229411212784,0.0,327254000.0,0.15326498430838645,2.432578364206396,796071000.0,2.432578364206396,-468817000.0,-468817000.0,1117806000.0,1.7128278349549049,0.5076565767229609,0.2963850577173312,0.1952464668691882,0.7344120058991662,0.38460344221195497,99.0,0.3546787285994966,0.5076565767229609,0.2741560390281517,0.09170762143811215,0.08026317661214806,-0.11498329025704014,0.15326498430838645,0.9095305067353809,-0.21956410051062725,0.5236889363499329,1.909530506735381,1.1546623018034194,-0.9461627106740156,2.432578364206396,0.2863898622328525,1.0201237062894237,3.9194196487135033,0.0,7524386000.0,,2.3989182521231673,0.10858240637836811,241074002.5653829,2509133000.0,0.09607860666030174,2509133000.0,0.11014641312357695,0.22166302065295065,1.84545069706092,8.425690494663597,inf,9.451903159391561,0.15414903432744817,0.17343067433672713,0.13277574365328582,0.05201756941541162,0.13277574365328582,0.0677837234889492,0.07626241010871805,0.05912644381582123,0.13784695549599385,0.2604803165205223,0.22690056762575847,0.005520126006128623,0.010540849009725944,0.06299546116977521,0.2916299549467718,0.25060935500343123,0.20073152031927308,0.0,1.0,-0.15086807223129384,-0.10143836542594951,0.2033439859956112,0.20584941182818572,0.3226984042842058,,0.2067301575968712,0.20944523638864299,0.33273414350289654,,0.1674022066198595,0.1695971618209169,0.2365861684290227,,-0.030197444831591036,-0.02775203751607976,-0.05893921360187922,,0.6294070802866865,0.5200349442359441,0.41457109028210953,,0.05829892525350666,0.1543922732557795,0.2977821752553774,,-0.09030176851449356,1.8100797785944718,1.5324375655640026,,0.06263978618554256,0.21563901029233548,0.3340885197577604,,0.19906609894089056,0.20827658934479074,0.33177121256503583,,,,,,,,,,-0.011490156450186806,0.14018048289941587,0.35173348654446546,,0.1820502360555465,0.19954799572868442,0.2450351651296631,,-0.016417910447761197,-0.01985388489671469,-0.063353500756125,,0.33032891234405026,1.153726595768242,0.7476444946398468,,0.1072463768115941,0.6753787971487634,0.30105378212167394,,-0.4055237271646308,-1.0270594804835496,-3.1594442444398623,,0.3992597955577608,1.3221700242458678,0.8544730049242821,,0.1613924050632911,0.8052664854484477,0.3831805243693599,,0.45444745696272815,-2.243375266110695,-1.3251589962004446,,0.3891372079089275,0.8775923387947323,0.6076561123447081,,0.15355805243445686,0.4732469249405198,0.19692692048623922,,0.37349397590361444,0.8336866527694355,0.532608756242334,,0.3827160493827162,0.8652637033051347,0.5490117018365607,,0.010332784513296334,0.018217621440427267,0.054049322962712545,,0.008146748344660448,0.008696149140484851,0.05005768350658839,,0.28125352071872545,0.2646777410813131,0.6083004439771245,,,,,,0.28125352071872545,0.2646777410813131,0.49347902112181075,,0.22897587594888824,0.23016920202952473,0.3977032436284707,,0.2463205117857834,0.23860387934805347,0.42262137451863263,,-0.0882771079605702,0.37924874868614106,0.4209894351221381,,0.23057028646042133,0.24008042101275975,0.42457109408747656,,0.13445301299795331,0.058948277466086996,0.26273710440471093,,,,,,0.2862303008291103,0.5905240491878078,,,0.2862303008291103,0.5905240491878078,,,,,,,3.1747425291237548,,,,1.7183404290842308,0.5295512683985619,0.4662914564679177,,0.21335140287490595,0.1577680154406356,0.36253464235569,,,,,,0.22463984025739503,0.20900685607189748,0.3974406139896307,,0.4289831021846431,0.5206217313075377,0.4956765110430538,,-0.8472348141432458,12.945192669786914,7.767910782595041,,,,,,,,,,0.04862326987227927,0.35534438890637965,0.348581031861086,,0.35290367221012464,0.5910016506363888,0.5188595601800988,,0.07007346147040905,-0.027050805981199466,2.6272556665614304,,,,,,,,,,0.03493812584721678,0.18195627080344332,2.7614481239504185,,0.06549416981067546,-0.048591750990805406,1.3908987971786981,,,,,,,,,,0.28610888891243547,0.31775150763847765,0.4419656764902765,,,,,,0.014925373134328401,0.011709302884856424,0.1943940027835454,,0.2934946762655499,0.23463059118642424,0.31459440907230574,,0.34438434136871665,0.26700920689412316,0.3941020549233706,,0.06736302271523531,-0.04108797118898011,0.32134408419734795,,0.173621752943375,0.1474299868017673,0.37655403092616485,,0.22463984025739503,0.20900685607189748,0.3974406139896307,,,,,,0.22463984025739503,0.20900685607189748,0.3974406139896307,,0.3891372079089275,0.8775923387947323,0.6076561123447081,,-0.011490156450186806,0.14018048289941587,0.35173348654446546,,-1.1068332483426824,-1.6048931421884873,-0.632741841983243,,,,,,-0.5114900809905528,-1.499459511393723,4.065384593033388,,,,,,-0.2062326838776165,-1.1515063350323271,-0.4199330437024198,,,,,,0.09204359944548157,0.17299664378147347,0.7405265554630748,,-1.4619228692545407,-1.451245572067368,0.4866952362594571,,0.3075075181554867,0.4872119918974018,0.9905234367053236,,0.17960788275979267,-inf,,,143.81233243967827,47.58060173108539,-inf,,,,,,,,,,-2.157258064516129,-0.35967200019498896,0.024055042508026325,,1.376997271307875,0.3154553012007563,0.4377469572390444,,,,,,0.7397113287875117,0.4854463555290148,0.42620226891127055,,,,,,,,,,-1.0307430088301937,-1.108588745072401,-3.1555351363220416,,-1.1913704308503956,-1.1075150491982824,-0.2759419650792333,,-3.2190273340433087,inf,,,-3.2282023818631576,-1.974318793925485,-1.0289229028763718,,0.28125352071872545,0.2646777410813131,0.6083004439771245,,-0.11207749075381424,0.29264167822740794,1.4021457199770662,,0.42677516059957177,0.2744501870230665,0.6313579791476298,,0.1318638824439291,0.05222597538664039,0.12261863100451427,,0.16804570527974794,0.06869361068940354,0.12535117015335787,,0.16792168674698793,0.06866924660535349,0.1252851070602293,,-0.16504262018184823,-0.18995361496848717,0.048056606108931074,,,,,,,,,,0.16792168674698793,0.06866924660535349,0.1252851070602293,,0.03944061108606989,-1.1593883404052976,-0.7309014360507109,,,,,,,,,,0.42677516059957177,0.2744501870230665,0.6313579791476298,,0.21734840926726529,0.1844746625953646,0.36796670567462675,,1.4529957901067507,-0.9251508159794937,-0.5898831917190023,,0.3992597955577608,1.3221700242458678,0.8544730049242821,,-0.07292493149223578,0.6078618445975184,0.8334912428120169,,0.173621752943375,0.1474299868017673,0.37655403092616485,,0.14656755610758365,0.10529361901142535,0.32782865920459087,,0.14656755610758365,0.10529361901142535,0.32782865920459087,,0.1856752326884321,0.04195230571913333,0.3802411118997772,,-0.09345817640884435,-0.007040576708261748,0.05621025287749184,,0.3540659190136419,0.2718291017424957,0.11476479645181517,,-0.24402478254557536,1.4844900581868288,1.0773822546712,,,,,,-0.1785309478802527,-0.03630870135266392,0.03470666585864659,,0.16280948078205126,0.8030411318558089,0.3816142756809532,,1.03848261067031,-0.9141073221267123,-0.7207396456753952,,-0.22958432559852804,0.2514465392407944,0.3316586558364427,,-0.20122025739246485,1.1582159350349637,0.8742975390111809,,-0.11692766278601052,0.024446826906152852,0.027260187171247074,,0.19103725469553434,0.18532787257491848,0.24934394858431125,,0.3167234922351889,1.1305298863362157,0.6854946385105535,,0.4121833741017189,0.25553491857337796,0.5718085173292872,,0.16754390319823242,-inf,,,0.16161899418985914,0.1272306944668923,0.2909831230543516,,,,,,0.05700147929949684,0.09293186061064036,2.0360361242806944,,-0.0993678528464571,-0.04324187070838551,1.6370347045586169,,0.21215868266130178,0.33099708893648394,0.5633630012224488,,0.28125352071872545,0.2646777410813131,0.49347902112181075,,0.21215868266130178,0.33099708893648394,0.4200644325133302,,0.503987604101169,1.6787138535532804,1.2605412308642678,,0.503987604101169,1.6787138535532804,1.2605412308642678,,0.09204359944548157,0.06868664450158284,0.4530578715974179,,-0.09042283516745697,-0.1253562001865364,0.03633491878097801,,-0.05296027571153694,-0.14532710504835036,0.14668230627246515,,0.041186785359565325,0.005232670441892906,0.05099060847648984,,0.04622884100310776,0.030726786290926362,0.055603797510400434,,0.15275954013047288,0.39389053904350274,0.14715453220342883,,0.10473596214685532,0.2724278730924982,0.07920658412118142,,0.0,0.0,0.0,,-0.31475160608199115,0.5908885140634487,0.687779635426941,,-0.05296027571153694,-0.14532710504835036,0.09179170085964276,,-0.1082736625521219,-0.0888950377085224,0.02537348345708055,,-0.1299530402450979,-0.2029546200760631,0.9346651648359403,,-0.13688788772596527,-0.13446256718238278,1.4928688627452409,,0.22810605588746857,1.4557820889984499,0.7874516007295729,,-0.0993678528464571,-0.04324187070838551,1.6370347045586169,,0.0958461580035892,0.15152350600447126,0.08898409794766063,,0.28149261065522646,1.3334672673509562,0.69948960899979,,-0.04165966648879971,-0.03641200794753948,-0.018909378024556854,,0.043470638803404515,0.05484751413573041,0.031150220896715618,,0.1217035420735022,0.23726569753033191,0.16709579964239282,,0.272355064299056,0.9668649254046695,0.6031539410603898,,0.21215868266130178,0.33099708893648394,0.4200644325133302,,-0.2791628481071138,0.6243931743854068,0.51390272454757,,0.3333431880826312,0.28711618703518393,-0.37682106052706704,,0.0880323438740882,0.27196735820388585,0.25801068353829437,,,,,,0.2033439859956112,0.20584941182818572,0.3226984042842058,,,,,,-0.3326252703983841,-0.25084744227286787,0.2091852613092986,,0.1836328053949685,0.6316617036044775,0.2619792507151232,,0.32070498756629906,0.7639604096124994,0.5338109843828936,,0.15613757169608244,0.1069550485512835,0.39322606457651343,,0.1423424165938938,0.5926326668714118,0.21047644333282692,,0.15613757169608244,0.1069550485512835,0.39322606457651343,,0.21028831673121062,1.0994195081480336,0.5071170851679832,,-0.19812737583839413,0.4548614466154835,0.3558461671569446,,-0.017389483472388,0.0215395313749918,-0.016400035069104722,,-0.031765788827614716,-0.025090380885691783,0.0020163894005458703,,,,,,-0.0608072746441396,0.03343416924043752,-0.06940622050298681,,-0.04673834033155855,-0.012970001827135405,-0.07585389051854723,,-0.04102868354464684,0.00018167861625125367,-0.05527134859855269,,0.23408770334005968,0.14661617919415734,0.35318348065097216,,1.121716178212378,-0.975363196668075,-0.7993576786680513,,0.23408770334005968,0.14661617919415734,0.35318348065097216,,0.14258882453445576,1.1710650798553417,0.5754932988341065,,0.14943247545703842,1.1540130325415479,0.5742775146998057,,0.07844359145519286,0.6129546082450895,0.24873794665019053,,0.21156158702486705,0.5951503523347605,0.2572754441991543,,-0.21007337655193092,0.3986452422933618,0.37934777197632064,,0.07394118692433072,0.48413098090119994,0.21790139531627148,,0.3305194120944306,0.2685776704806005,0.09696919592016703,,0.3883579408785056,0.32448091631919884,0.13550195264944578,,-0.0367715927714205,-inf,,,0.03980320845771401,-inf,,,0.056224559862173784,0.04067192498527047,-0.011647267830619756,,0.01770371240235935,0.04372988271699004,0.00846503008128625,,,,,,0.0,0.0,0.0,,0.21933110193510474,0.18727256303151987,-0.9255029264156029,,0.47177444386192735,0.2631361691710255,0.09514630834961606,
2006,10265447000,9500547000,764900000,0.0745,34975000.0,382210000,24323000.0,441508000,9942055000,0.0,0.0,197274000,422390000.0,0.0411,241807000,0.0236,-16691000,225116000,0.0219,60598000,164518000,0.016,0.79,0.77,207413000,212540000,773563000.0,0.0,773563000.0,1305531000.0,1452737000.0,147134000.0,3678965000.0,985262000.0,608067000.0,80707000.0,688774000.0,0.0,46356000.0,12373000.0,1732765000.0,0.0,5411730000.0,2231864000.0,63813000.0,0.0,0.0,405657000.0,2701334000.0,329344000.0,0.0,7846000.0,78725000.0,415915000.0,0.0,176000.0,3117249000.0,0.0,211000.0,1116035000.0,113104000.0,1065131000.0,2294481000.0,5411730000.0,0.0,5411730000.0,164518000,197274000,9212000.0,0.0,-140175000.0,0.0,-577934000,0.0,977631000.0,217347000,448176000,-279861000.0,-166686000.0,0.0,0.0,29077000.0,-417470000,0.0,131643000.0,-200251000.0,-14855000.0,15557000,-67906000,14692000.0,-22508000,773563000.0,796071000,168315000,31.87,28.64,22.585,45421100.0,0.21,0.21,22.795,0.2691856642797491,0.0,0.0,168315000.0,4722956000.0,185416000,225116000.0,238308000.0,2294481000.0,1605707000.0,1605707000.0,0.016396266036929518,0.49968623349457447,0.0034070605985301954,0.002369404858843458,0.0,0.019217282988261496,0.021929488311614682,0.018062145759458893,0.023214576043303327,1.8258693917049549,0.043009135403455884,49.49278492669215,1.1658237429669307,0.8114968685665798,-1.3492934386947781,11.062377960879983,-0.07162039023590613,393157000.0,0.17134898916138333,1.9675676638086057,773563000.0,1.9675676638086057,-380406000.0,-380406000.0,977631000.0,1.361906746814722,0.28636333011763815,0.21026647440244742,0.1429419058230917,1.1773180950288975,0.4991627446306449,99.0,0.09371777055336364,0.28636333011763815,0.1806503650403845,0.07685435156595026,0.07264904198842145,-0.07029286383467025,0.17134898916138333,1.3585856670854977,-0.1657917411388458,0.4239829038034048,2.3585856670854977,1.9413560506368845,-0.9006037074741353,1.9675676638086057,0.07644817593974687,0.5107884195193008,7.38002556878714,0.0,10265447000.0,,1.448522350137979,0.07170161792579673,176716022.07750672,2710396000.0,0.06519933695205672,2710396000.0,0.08305649801726389,0.08792368347651044,1.8968882409137189,6.539757024155095,inf,13.270343850468546,0.14134112381807665,0.16195365783632115,0.06209978172931188,0.06840919186716628,0.06209978172931188,0.041597788507556736,0.04766421707083445,0.03265425697096986,0.10245829407233076,0.10386139610657051,0.1474129395583472,0.006462813185432385,0.015243098548211991,0.05171377729487613,0.2840472889444635,0.2062251812267057,0.26844225414054285,0.0,1.0902940711654652,0.31935953420669577,0.12725916806742585,0.36429032216050583,0.29658154550588617,0.23977773552628548,,0.37771350429531836,0.3050843650996839,0.24724880803319618,,0.2170130436304507,0.20691532853349562,0.16509510404439226,,-0.10778443113772462,-0.06770948525795865,-0.05747325272924839,,0.5539609899142488,0.5259251666804786,0.48931450777715446,,0.3705865899751135,0.17010451771114377,0.24420319695410386,,-0.38828529752024543,-0.09769916937619405,1.2357035829830305,,0.29423248860421825,0.15406175550076875,0.2682127952563818,,0.3737784155483994,0.2964560235748122,0.24718613939479533,,,,,,,,,,-0.099702903875028,-0.04117979980652634,0.17701790576945986,,-0.1475358884989294,0.21271904609899883,0.09631264216133509,,-0.37632776934749623,-0.060390814301854966,-0.11796465789760788,,-0.15855462102995777,1.3437254521388535,0.6143528338899461,,-0.38219895287958117,0.7984200632964867,0.25520889239561606,,0.5175015910537322,0.5264133885097734,-2.8818262791702924,,-0.1854601768630686,1.5195445789291522,0.7124404677595537,,-0.40326975476839244,0.9364682338589835,0.33093403396087506,,0.36098820887142047,-1.7473521622724764,-1.3317472172120233,,-0.29040272248508714,0.9931660273492152,0.4312192836946852,,-0.48051948051948057,0.5357015019936369,0.12182958893376535,,-0.3070175438596491,0.946401234923746,0.39189490264281784,,-0.3125,0.9757863021751912,0.4079402732651321,,0.024256670337430508,0.014779270410833231,0.030114540204006657,,0.024160828040823867,0.016947559924453588,0.02581422707828642,,-0.028273859994899952,0.04696738999000375,0.20827595366828527,,,,,,-0.028273859994899952,0.04696738999000375,0.20827595366828527,,0.36654304743900945,0.20625546008846185,0.21336005959046328,,0.775018174931424,0.43613277857666083,0.2788803619853352,,0.2675660773975672,0.06788947329786958,0.3113619098609109,,0.3697148292866357,0.21421956035869147,0.2265732536852357,,0.11868028557933363,0.0978454863690384,0.1126303361944561,,inf,,,,-0.8219571542970344,-0.20383268605160454,inf,,0.5194627852133571,0.24330729378519264,inf,,,,,,0.8747118534395599,inf,,,-0.620028867119123,0.20432798574633562,0.07279379115220122,,0.2454045670068934,0.15172615078928853,0.23245569998783785,,,,,,0.3272951308991181,0.19267042946726068,0.22449581699143764,,0.665736722926024,0.4701121398466656,0.37754318718921576,,93.67804154302671,30.614504249371763,26.502723910477492,,,,,,,,,,0.7824103976905739,0.2995609558988854,0.4025935168046062,,0.7226478178772282,0.331038665325427,0.44502455301793853,,0.008463469900177545,0.03535462753304386,2.678798210391316,,,,,,inf,,,,0.6631105289842825,0.0978393315870653,2.7864912823788544,,0.11232201884915338,0.0235523556051966,1.3592407519689371,,,,,,inf,,,,0.6051373680836438,0.26764785728820606,0.3639486048949486,,,,,,0.03431372549019618,0.019763116626935345,0.02125674788158465,,0.092224505774124,0.21786455487594422,0.21475892245680991,,0.5856664189880694,0.815701883036208,0.3492381595954555,,0.02231246472735937,0.04118387998011904,0.0012012826043032777,,0.07458914012018458,0.13118256042689783,0.1260328703096741,,0.3272951308991181,0.19267042946726068,0.22449581699143764,,,,,,0.3272951308991181,0.19267042946726068,0.22449581699143764,,-0.29040272248508714,0.9931660273492152,0.4312192836946852,,-0.099702903875028,-0.04117979980652634,0.17701790576945986,,0.9986981991755262,0.1272259277369235,-0.8316543760611813,,,,,,-2.4878204107626174,-1.91073870969138,-1.0259294891191355,,,,,,4.437280672869763,0.42672947729419636,-0.07988918983022161,,,,,,-0.12540190337142576,0.06626721411270675,0.41959275145224184,,4.405431619786615,0.43495378833488924,0.09614874771677999,,-0.24038094850686698,0.25988720916864805,1.076434199473661,,0.08959349656802251,0.3756073303414235,,,-0.2285198555956679,47.529135442436065,28.545131550775533,,,,,,,,,,-2.8420652518213494,-1.6943830721304043,-0.7669580078562436,,-0.14574355322553578,0.20951341714225058,0.22266594596284142,,,,,,1.6191357287811865,1.0157643621463386,0.4212266869519697,,-inf,,,,-inf,,,,0.4569207716800898,-0.916661159475397,-2.9904098546373805,,-2.1143091565474235,-1.7749828400815426,-1.1501087519160371,,0.17517197248440253,-4.514899510626437,,,-1.1288018815558316,-2.2286552262334562,-1.5224247156516264,,-0.028273859994899952,0.04696738999000375,0.20827595366828527,,0.28125352071872545,0.08709268967647432,0.5679288916532789,,-0.4947801604072616,0.1760901950125349,0.8978972741689812,,0.08882815169115132,0.1379238729700556,-0.025504823164297717,,-0.03390116377129371,0.08613234440093538,-0.04792120919775948,,-0.029228454760369615,0.08772133981828856,-0.04698637599857056,,0.7468511674236684,0.1479302663460769,0.1436171097695351,,inf,,,,inf,,,,-0.02020202020202011,0.09073015133773839,-0.04518108908690066,,0.6708676116411638,-0.4119770293829812,-0.579573984446083,,,,,,,,,,-0.4947801604072616,0.1760901950125349,0.8978972741689812,,0.303257954486817,0.18674853104159106,0.19021447339397346,,0.4206054290946146,-0.25224854567700533,-0.584559015392353,,-0.1854601768630686,1.5195445789291522,0.7124404677595537,,-0.5715287441880536,0.6738231796551705,0.4065102528168499,,0.07458914012018458,0.13118256042689783,0.1260328703096741,,-0.045310824083961365,0.10547917486000573,0.053327505747270985,,-0.045310824083961365,0.10547917486000573,0.053327505747270985,,-0.6296830437141367,-0.07887946253679967,0.5473372292105404,,0.12618890746358824,-0.030853849858520317,0.07331664001153389,,0.13902515078563216,0.18259139250023262,0.20987567798947865,,-0.5516242455557142,-0.29966146867936266,0.931474508673922,,,,,,-0.34009859814936516,-0.25720045822987603,-0.03274880802161586,,-0.40295711997207695,0.9341686635734451,0.3296014184502538,,0.04127794943595853,-0.3844597441954148,-0.6692089431880179,,-0.6859383601479967,0.2857529772153646,0.10627205940191761,,0.5381063595457651,-0.14521841881776273,0.9665720179231998,,-0.05135111817354476,-0.11075234332475692,0.034448292588045534,,0.3319809005598713,0.2774548362453477,0.20472586076296903,,-0.17848191440839045,1.3169099309091115,0.5861627337470828,,-0.5067448870737652,0.16210107962693457,0.8151320658515253,,0.06378950523121074,0.35700669954631076,,,0.049140485232253894,0.11501296917915498,0.0939342687391775,,-inf,,,,0.20138180129196281,-0.08701744886861525,2.116057676846779,,0.11799175744284707,-0.1872642117030481,1.7917712668101538,,-0.1911595972570016,0.2895550678713001,-0.016649744487918318,,-0.028273859994899952,0.04696738999000375,0.20827595366828527,,-0.1911595972570016,0.2895550678713001,-0.016649744487918318,,-0.18858317851101813,1.6442058024692257,0.8093790306459352,,-0.18858317851101813,1.6442058024692257,0.8093790306459352,,-0.12540190337142576,0.06626721411270675,0.08710234506548978,,-0.20487820257160982,-0.053092976171688955,-0.03025294574528816,,-0.43591131633479707,-0.17372555802987089,-0.024639561484398408,,-0.29056317473675386,-0.13251628333968368,-0.010345943154511006,,-0.2678899233610188,-0.11876796716349851,-0.01674431191950727,,0.6030757743229782,0.1856553506682208,0.28799765208677747,,0.29786343502239454,0.09894842137862847,0.14792118612774455,,0.0,0.0,0.0,,-0.735767152083175,0.6482523288704204,0.49554080485145696,,-0.43591131633479707,-0.17372555802987089,-0.024639561484398408,,-0.3410673509846178,-0.08283157209422624,-0.08958744525277532,,-0.161963309474616,-0.14058859783953345,0.9863417397750199,,-0.09486460597641222,-0.25446700098490455,1.6007876339943305,,-0.38866887808190553,1.4379654745279595,0.6298637124965528,,0.11799175744284707,-0.1872642117030481,1.7917712668101538,,0.49372193348624527,0.12852538383960346,0.2162583006031295,,-0.24490506073955742,1.3136692796232243,0.5869098956309495,,-0.1903917108531461,-0.03860724902734617,-0.06932117352437073,,0.23516521928620127,0.0581696230811245,0.08980032568882786,,0.6813193325916682,0.18442646551225783,0.3318894821189463,,-0.048151340869717285,0.9089956319164134,0.409177761194724,,-0.1911595972570016,0.2895550678713001,-0.016649744487918318,,-0.7330625625372527,0.6695872562760092,0.3103388278856938,,-0.49928776640508465,0.12918918460939247,-0.05623883810714936,,0.8829383506329906,0.17982904991686469,0.38458246243237204,,,,,,0.36429032216050583,0.29658154550588617,0.23977773552628548,,,,,,-0.39617686060958457,-0.26138748946067103,0.007873481918374248,,-0.3396571293884937,0.7440974091879867,0.2572495368027786,,-0.26696358712682555,0.8606812411896382,0.36522508667724873,,0.08021216890455785,0.11053401281657445,0.1596272032226564,,-0.3213958942745979,0.6807993910948574,0.2059996519851274,,0.08021216890455785,0.11053401281657445,0.1596272032226564,,-0.2459445962704203,1.2814487908142207,0.5222909345956694,,-0.6033452796162639,0.5152104078580254,0.2071396748572599,,0.027872618832201157,0.09966461652128082,0.0268680878950071,,-0.22383132536175598,-0.07386835772062228,0.012475423236454541,,,,,,0.4039864381474245,0.27739069397001875,0.09167476186057419,,-0.08308784135594749,0.025028303262995395,-0.03612607878280003,,-0.06617639321474689,0.027329000350861794,-0.012161247234565376,,-0.53229573398985,0.05308069398941092,0.5203364904291462,,0.31511703903062793,-0.35057501470432734,-0.6603428583777637,,-0.53229573398985,0.05308069398941092,0.5203364904291462,,-0.38631597135057893,1.3217584563797289,0.5591161253192014,,-0.3749972364775075,1.30516073890543,0.5601640881595149,,-0.4477216138232867,0.6897857846005145,0.2154023686015693,,-0.25672428742680187,0.7161354025098948,0.2691322986791483,,-0.6012696947932814,0.46313171092933053,0.23879632736391665,,-0.3503192120634765,0.5948213590236838,0.1477898613802521,,0.17077276465377067,0.286754220370496,0.2234382005011497,,0.4460977985878867,0.35064023978734143,0.3232909119021736,,-0.17908724954793964,0.19818429949315508,,,-0.02600098471946155,0.26642791304823327,,,-0.17710501579686777,0.03825758062085741,0.007732088430649408,,0.3373198873478993,0.20312479979171938,0.04840149928045405,,,,,,0.09029407116546517,0.030098023721821725,0.018058814233093034,,-3.116813249373863,-0.9465804043052929,-0.7098110036050063,,-2.2545467144807816,-0.576630214907787,-0.48707713679978826,
2007,12290592000,11478562000,812030000,0.0661,36381000.0,491967000,29347000.0,557695000,12036257000,0.0,0.0,239702000,334215000.0,0.0272,181939000,0.0148,-87426000,94513000,0.0077,21401000,73236000,0.006,0.36,0.35,203779000,206972000,663625000.0,0.0,663625000.0,1374515000.0,1374400000.0,253753000.0,3666293000.0,1261481000.0,1124484000.0,146592000.0,1271076000.0,0.0,89562000.0,6820000.0,2628939000.0,0.0,6295232000.0,2001508000.0,501716000.0,0.0,0.0,487623000.0,2990847000.0,760477000.0,0.0,13677000.0,78538000.0,852692000.0,0.0,0.0,3843539000.0,0.0,212000.0,1131403000.0,170960000.0,1140436000.0,2443011000.0,6286550000.0,8682000.0,6295232000.0,73236000,239702000,-32146000.0,0.0,-302185000.0,0.0,201546000,0.0,675446000.0,205282000,183889000,-302190000.0,-771898000.0,0.0,0.0,19666000.0,-1054422000,0.0,25112000.0,0.0,-57604000.0,747632000,715140000,45455000.0,-109938000,663625000.0,773563000,-118301000,22.89,22.365,17.78,50163400.0,0.28,0.49,18.27,0.22643445875170612,0.0,0.0,-118301000.0,5024156000.0,80361000,94513000.0,98055000.0,2443011000.0,1171935000.0,1171935000.0,-0.009625329683061646,0.6058483060970654,0.002960068969826677,0.002387761305557942,0.0,0.019502884808152446,0.00768986554919405,0.006538415724808048,0.007978053457473815,3.065285617707034,0.04537576383627412,60.313339451072,0.8928250702967431,-0.5805357765029763,-1.482930036951796,11.988531693648511,-0.2826787843693413,1262193000.0,0.5166546528034462,0.5257714153065339,663625000.0,0.5257714153065339,598568000.0,598568000.0,675446000.0,1.2258376974816834,0.22188530540010906,0.1810070826308754,0.10541708391366672,1.2242462272990176,0.4750971846629322,99.0,0.05204512300361737,0.22188530540010906,0.1072948542643067,0.1354504488476358,0.20049983860801318,0.09508275469434645,0.5166546528034462,1.5732794490078024,0.2450124047742724,0.38807322748391165,2.57683326026776,3.2796520284828086,1.7909668925691546,0.5257714153065339,0.02551164434652543,-0.15556157516926877,11.500198973714525,0.0,12290592000.0,,1.3388907094871374,0.029977761049786514,140741741.00917333,3295703000.0,0.0427046190173002,3304385000.0,0.028602296645215373,0.029674205638870774,1.952365218628956,8.351689464493598,inf,18.520387266905256,0.12899127466628713,0.16162515654370604,-0.03589552820748714,0.02431950272138386,-0.035801215657376484,0.015013426034179518,0.01881171683363335,0.022356879144275116,0.06249152043415377,0.04013694576078454,0.06473025084784113,0.005779135701432449,0.014891869091051984,0.04800299655358214,0.23955176494929373,0.1797237973119974,0.21832396327887518,0.0,1.786553061335955,0.6991994995815758,-0.2474933800098739,0.1972778194656306,0.25497070920724924,0.2358232754221387,,0.20820011731956067,0.2642145930705834,0.2428498661561616,,0.0616158975029415,0.1486770492510839,0.15748408531922858,,-0.11275167785234885,-0.08357785127388817,-0.06075844430766255,,0.04020014295925667,0.40785607105339733,0.43085319311626763,,0.2871641244342116,0.2386832132209439,0.22418550683533273,,0.2065534679110308,-0.09067786604123607,1.0497015012348403,,0.2631594444494778,0.20667723974641286,0.2408617927861405,,0.2106407578714864,0.2611617574535921,0.2418497882908516,,,,,,,,,,0.21507142350233677,0.03462612105904065,0.10718199366511127,,-0.2087525746348161,-0.05807940902606634,0.04847110481046155,,-0.33819951338199516,-0.24364839772575086,-0.1548177874839271,,-0.24758588461045383,-0.025270531098787113,0.611007856332863,,-0.3728813559322034,-0.2159446440000635,0.25421121652690115,,4.2379126475346,1.4499635038079006,0.3348471594275367,,-0.5801586737504221,-0.12211968501857662,0.6401782444248225,,-0.6484018264840182,-0.2967597253963732,0.27282557501858645,,-0.6468365292583913,0.056199712191919104,-1.4031948237438114,,-0.5548450625463475,-0.15203685904083572,0.3575058462705526,,-0.625,-0.31732047602834124,0.0628442588604157,,-0.5443037974683544,-0.15927578847479637,0.3299477233960606,,-0.5454545454545454,-0.15841283202394307,0.3475673128921718,,-0.017520598998134185,0.005689618617530885,0.012277787132115626,,-0.02619742166180483,0.002036718241226495,0.004810370760094718,,-0.14211900000387812,0.03695355357331579,0.12472807264903225,,,,,,-0.14211900000387812,0.03695355357331579,0.12472807264903225,,0.052839802348622955,0.21611957524550687,0.2219780911752413,,-0.05392373154948216,0.3224716517225751,0.28738121628522045,,0.724638764663504,0.301309244700167,0.4259902176238988,,-0.0034444470115915227,0.1989468895784885,0.2173023290626647,,0.2803508102413368,0.17782803627287458,0.11517518564378629,,0.8492764777565631,,,,0.8163480243349399,0.09354039028900525,0.3531926035202658,,0.8454180906944804,0.5503703922456492,0.6272906046942521,,,,,,0.9320476313745794,1.6605006713126313,,,-0.4487998060292573,0.2165039186452835,0.10396502640946112,,0.5171930411798484,0.32531633702054924,0.24718033090172975,,,,,,0.16325685132111167,0.23839727415920828,0.22351451008718443,,-0.1032123821164731,0.3305024809980647,0.42487790694643285,,6.862285114318399,33.231030614400616,27.87518093334117,,,,,,,,,,0.2020574031755893,0.3443636902461475,0.4101001935170604,,0.10717408510017634,0.3942418583958431,0.5205653709773141,,1.3090659006995726,0.46253427735671976,0.24727539053123032,,,,,,0.7431812388478205,,,,-0.002375357256271804,0.23189109919174247,0.2413207968276681,,1.0501592873543872,0.40932515867140534,0.20334121064622485,,,,,,-1.0,,,,0.23299069147187157,0.37474564948931693,0.3582765164941896,,,,,,0.004739336492890933,0.017992811705805172,0.014836194127531278,,0.013770177458592325,0.13316311983275542,0.1619772913583978,,0.511529212052624,0.48052665746980333,0.37964465034461253,,0.07070022372834894,0.05345857039031454,-0.006050245022246404,,0.0647335933485611,0.10431482880404024,0.11632253877480951,,0.16165255842401605,0.2378625098601764,0.22319365150776532,,inf,,,,0.16325685132111167,0.23839727415920828,0.22351451008718443,,-0.5548450625463475,-0.15203685904083572,0.3575058462705526,,0.21507142350233677,0.03462612105904065,0.10718199366511127,,-4.489578810247503,-1.532571286471553,-1.6611120075274877,,,,,,1.1557695737471017,-0.6145136393353562,-1.1660858742393372,,,,,,-1.348735322718511,0.9607708887578784,-0.07319473098914593,,,,,,-0.3090992409201426,-0.1141525149486956,0.016897757410570403,,-0.05551031300178977,0.9626661458434281,-0.0007630818834558628,,-0.5896946735211167,-0.17418936795749898,0.1263120707328443,,0.07978603663961747,0.11632913865581089,-inf,,3.630850821304729,49.071554468462445,29.228827231793048,,,,,,,,,,-0.32365787392096845,-1.7743270634194823,-0.848947825265457,,1.525743167173689,0.9189989617520095,0.46527310351008444,,,,,,-0.8092416611593476,0.5165351321364502,0.45324662684177663,,-1.0,,,,2.877751598788287,,,,47.05759465192518,15.494590804925025,8.837749837677613,,-11.531322710806114,-4.945667432734644,-3.393635402989677,,2.0938606044105637,-0.3166649190494475,inf,,3.8843966589657013,-0.15753586815109596,-0.633472320873317,,-0.14211900000387812,0.03695355357331579,0.12472807264903225,,-0.028273859994899952,0.04696738999000375,0.22618093908120987,,-1.7028547663606928,-0.5902865887227942,-0.27485687313975093,,-0.28176968936303737,-0.02035921840931898,-0.0072527223023929775,,-0.2190991620111733,-0.02831820683423969,-0.009383898742851282,,-0.21275182643347357,-0.02468619814895175,-0.007194508275556543,,0.10440742298182992,0.2287386567412167,0.05627954910000736,,0.3333333333333335,,,,1.3333333333333335,,,,-0.19850844483439356,-0.016929592763141914,-0.002540545044070641,,-0.15881679896450251,0.18383047458757706,-0.5932228417078462,,,,,,,,,,-1.7028547663606928,-0.5902865887227942,-0.27485687313975093,,0.06377361974153484,0.1947933278318724,0.18409111240288914,,-0.5665908012253527,0.43567013932533755,-0.5842875640138437,,-0.5801586737504221,-0.12211968501857662,0.6401782444248225,,-0.5885366836195176,-0.4109967864332689,0.13270402119699679,,0.0647335933485611,0.10431482880404024,0.11632253877480951,,-0.27014393036836737,-0.056295732781581696,8.522051638946149e-05,,-0.27014393036836737,-0.056295732781581696,8.522051638946149e-05,,-1.587044005103503,-0.6770172720430692,-0.418174026332048,,0.21245746928035714,0.08172940011170034,0.06350492932383203,,-0.13119567902500773,0.12063179692475545,0.1646633553976223,,0.007747281620518187,-0.26263391549359044,0.7819186421250581,,,,,,0.014861716927695001,-0.16792260970064096,-0.08683259705593238,,-0.6493367542405808,-0.29649479781020216,0.27136590427095375,,-0.6380044867380184,0.1472520244560834,-0.6678097007364393,,-0.6563343029572477,-0.5239523295679241,-0.11758660907657223,,0.6788088083588173,0.33856497017070586,0.9383125946018946,,0.05502618015027738,-0.037750866936425966,0.015403108539038235,,0.2186289282449363,0.24721569450011396,0.2213186893059126,,-0.23416805011658726,-0.03197549076326293,0.5957879388967338,,-1.7153888067718968,-0.603316773247981,-0.29110578762510564,,0.09904190921308365,0.11012510588084228,-inf,,0.08372103502914974,0.09816017148375426,0.10291072073241611,,2.9469037160820055,,,,2.2104044948964408,0.8229292584959668,0.538116375604065,,2.0152185626075694,0.6779474890679865,0.400696941585052,,-0.7327810245220221,-0.23726064637257396,0.013810129006085626,,-0.14211900000387812,0.03695355357331579,0.12472807264903225,,-0.7327810245220221,-0.23726064637257396,0.013810129006085626,,-2.573497789204166,-0.7526977878713385,0.4548121185889314,,-2.573497789204166,-0.7526977878713385,0.4548121185889314,,-0.3090992409201426,-0.1141525149486956,-0.04568824215736398,,-0.09991069480438497,-0.1317372441811506,-0.1361714995871208,,-0.22516159695112326,-0.23801106299915242,-0.2194108456861943,,-0.13915386109328065,-0.12951008349015639,-0.08280380490087116,,-0.2625179907414036,-0.1613930243664382,-0.08764551104592866,,0.0398601979093578,0.26523183745426965,0.3649215178725688,,-0.04821185119798954,0.1181291819904201,0.21338704062037994,,0.0,0.0,0.0,,-0.44466110646558255,-0.49839328821024953,0.11844745672831765,,-0.22516159695112326,-0.23801106299915242,-0.2194108456861943,,-0.4060634516829188,-0.2851348217398862,-0.20276318315862074,,0.7624304426198047,0.15683803096669693,-0.0016793454166001086,,1.7598414668698332,0.5093629910558186,0.2523178318692546,,-2.3526658256232436,-0.8377428826058934,0.3252023126580402,,2.0152185626075694,0.6779474890679865,0.400696941585052,,0.15802741566004896,0.24919850238329447,0.22126397343194162,,-2.4778323883400297,-0.8137482794747869,0.2555328705946563,,-0.08469604787683604,-0.10558247507292728,-0.07686475651452011,,0.09253324830551968,0.12372303546504182,0.09844820199978244,,0.6893614272389037,0.4974614339680247,0.41649557048431357,,-2.988629269128997,-0.921475181899886,-0.0272371667569411,,-0.7327810245220221,-0.23726064637257396,0.013810129006085626,,-0.6662883838244538,-0.5595045981562734,0.09476571535890277,,-1.3045518833721146,-0.49016548723152265,-0.18849821773432945,,0.5582871450138498,0.5097526131736428,0.45142551405169956,,,,,,0.1972778194656306,0.25497070920724924,0.2358232754221387,,,,,,-0.07568515642192097,-0.2681624291432965,-0.24488086877002183,,-0.5819095591286352,-0.24597796104072012,0.1946836844592607,,-0.2035711343284723,-0.04994324462966626,0.3642693014764401,,0.21594888717368232,0.15076620925810755,0.12340524034641813,,-0.34501451987613996,-0.17468933251894803,0.22229751729269948,,0.21915210913829575,0.1518339499129787,0.12404588473934082,,-0.6556284297073278,-0.2304282364155125,0.47933709969327054,,-0.6625004268980781,-0.48799102745091205,0.019747726666421706,,0.029246307989401643,0.0132431477830716,0.02434750418931564,,0.2770641835233314,0.0071556897779868995,-0.004407656899099987,,,,,,0.3956222593472092,0.2462671409501647,0.17998224104318922,,-0.08737619185542411,-0.07240079118097671,-0.041874807738555564,,-0.002028365996815662,-0.03641114758540313,-0.013531944672561757,,-1.5780298611024586,-0.6254126305840829,-0.3340954115019673,,-0.6444994881885711,0.2641112430181449,-0.6510944078324337,,-1.576511135150703,-0.6249063886001643,-0.33379166631161616,,-0.6390811489545376,-0.29426943192355354,0.49755962385218166,,-0.6053283156696564,-0.2769643588967085,0.49634270909549605,,-0.3153456480681607,-0.22820789014541817,0.21515931256876425,,-0.3900784607048241,-0.14508038703558632,0.2277296617745311,,-0.6135527995444943,-0.47496529029656887,-0.003777353491538049,,-0.5608916622802953,-0.27908989580648036,0.10823641367196561,,-0.10578636027125021,0.1318352721589837,0.1741438831648644,,-0.023041867508047265,0.2704712906527817,0.2792997360074872,,-0.07175613415618098,-0.09587165882518038,-inf,,-0.15664829669917912,-0.04761535765364222,-inf,,-0.12850702206717923,-0.08312915933395774,-0.03671925258164712,,-0.18670045452467499,0.056107715075194554,0.05636181619483889,,,,,,0.6385974285141502,0.24296383322653847,0.1457782999359231,,1.1893803838310966,-0.5693672545358872,-0.2731230352896413,,-2.944798035130516,-1.5758567685831233,-0.8819872484196442,
2008,12779703000,11911902000,867801000,0.0679,32984000.0,491324000,37288000.0,561596000,12473498000,0.0,0.0,276311000,433504000.0,0.0341,251397000,0.0197,-94204000,157193000,0.0123,25119000,133892000,0.0105,0.65,0.65,205275000,206158000,772923000.0,0.0,772923000.0,1500065000.0,1528862000.0,337287000.0,4139137000.0,1392479000.0,1119110000.0,172835000.0,1291945000.0,0.0,155508000.0,53068000.0,2893000000.0,0.0,7032137000.0,2218969000.0,269937000.0,0.0,0.0,558734000.0,3047640000.0,1099473000.0,0.0,9409000.0,152486000.0,1261368000.0,0.0,0.0,4309008000.0,0.0,215000.0,1210417000.0,301401000.0,1203692000.0,2715725000.0,7024733000.0,7404000.0,7032137000.0,133892000,276311000,-67448000.0,0.0,416051000.0,0.0,-27602000,0.0,1091497000.0,-346941000,411865000,-337502000.0,-58243000.0,0.0,0.0,11025000.0,-384720000,0.0,16475000.0,0.0,-58634000.0,135296000,93137000,-10984000.0,109298000,772923000.0,663625000,74363000,12.81,11.8,9.49,68289550.0,0.28,0.77,10.26,0.15979719198692055,0.0,0.0,74363000.0,5740192000.0,100166000,157193000.0,918640000.0,2715725000.0,1423780000.0,1423780000.0,0.005818836321939563,0.5661712765945188,0.002580967648465696,0.0029177516879695872,0.0,0.02162108149148693,0.012300207602633645,0.007837897328286894,0.07188273467701088,2.2339009614275427,0.04394437022519224,62.25649981731823,1.224683960540738,0.3622603824138351,-1.6441456582633054,13.2296918767507,-0.285636341493119,1369410000.0,0.5042520873799814,0.5644204438407782,772923000.0,0.5644204438407782,596487000.0,596487000.0,1091497000.0,1.3581449908781877,0.2536136157813915,0.1867353025521987,0.10991296102450791,1.1222196650986385,0.4333874610235836,99.0,0.32066582667244165,0.2536136157813915,0.15521554827501227,0.1793719320314721,0.19473596717470096,0.08482300615019303,0.5042520873799814,1.586687901020906,0.21964190041333345,0.38618772643365734,2.5894142448149204,3.0264563345460673,1.3759665424079133,0.5644204438407782,0.21319059978537983,0.06763513064895636,9.939949804384735,0.0,12779703000.0,,6.861052191318376,0.04930248828581686,211224465.32606414,3977093000.0,0.05311026554472428,3984497000.0,0.03945115280548586,0.23055356799114166,1.8173285019902201,7.791351999068588,inf,16.53425114791512,0.12340501898640484,0.1511797863207363,0.01869782778526929,0.02513893221653825,0.018663083445664534,0.022353517856662918,0.027384624068323846,0.0300370236424666,0.09403980952113389,0.33826694529085233,0.11061642392663025,0.004690466070271384,0.012145559657181783,0.04799422991901324,0.24237492989122278,0.172126481608649,0.2174107245066471,0.0,1.4379201147193261,-1.01003187068838,-0.17326022366575625,0.03979556070203949,0.2004545674427253,0.2253636033370657,0.3219750402486907,0.03775211563957237,0.20788857908481714,0.23224106565163694,0.3262444821192912,0.0686809600630518,0.11576996706548133,0.15020856863329604,0.2931376146685816,0.027231467473525006,-0.06443488050551616,-0.05772973323053996,-0.010374220733572193,-0.09337291443335805,0.1669294061467158,0.30492054571346694,0.3354587966075127,-0.0013069982336213481,0.2188145720585679,0.1592341358668043,0.35593580039736167,0.2705898388250929,0.029619336405292757,0.03680915972150831,,0.006994862783421096,0.1881289319457057,0.14646791474704104,0.3627029200430213,0.0363269910238706,0.2069153881479188,0.22726716392395874,0.32694848102488444,,,,,,,,,0.1527271361941076,0.0893652186071388,0.048851832055373065,0.339725734741504,0.2970812201726434,-0.019735747653700713,0.14529715676696475,0.28136420344948715,0.2536764705882353,-0.1536169373804187,-0.053139097139864956,-0.020767919549728932,0.38176531694688887,-0.00812506289784091,0.833071157750599,0.521610852312014,0.3310810810810809,-0.14133307591023456,0.4706919830076675,0.15282834205206192,0.0775284240386156,1.610980887542316,1.178936247420507,-1.1359485338704698,0.663189190904955,-0.034143219902845225,0.9283328507883978,0.5998585644022731,0.5974025974025974,-0.15142299461660444,0.551681094499106,0.21896406800357449,0.17373019952338686,-0.03737270695452799,-1.1430325633104865,-0.4889488215834555,0.8282265552460539,-0.005673743261793558,0.6505759149494704,0.48736470414319033,0.75,-0.11850649350649352,0.34642090119618213,0.1395791282367322,0.8055555555555556,-0.015255261924149313,0.6200910925716878,0.42612408437364346,0.8571428571428574,-0.0002705627705626619,0.6478094436427771,0.4345995628502276,0.007341286393593105,0.004692452577629809,0.006831699725591722,0.03617562857606994,-0.003932899136115053,-0.001989830919032006,0.004142471795088176,0.036287756019767727,0.1646984366170654,-0.0018981411272375552,0.03269632131663971,0.6081985720444452,,,,,0.1646984366170654,-0.0018981411272375552,0.03269632131663971,0.6685367783657061,0.09134130948007124,0.1702413864225679,0.15258949841881594,0.3768420785060191,0.1123850407450524,0.27782649470899806,0.27337192898511053,0.42641383841883346,0.3291941376062548,0.44046632655577533,0.2515002644326735,0.6084455256671373,0.1289705978218325,0.1650803266989589,0.15363696637726307,0.390453437850694,0.10384460804403717,0.1676252346215692,0.13554637547849785,0.37991936921582753,-0.00477908089399226,inf,,,0.17902068325693077,0.057803851098278757,0.07677412988741142,,0.016418373094921224,0.46043308300091956,0.3183516690289959,,,,,,0.7363167414751792,0.8476920754297729,inf,,6.781231671554252,1.9041343328019575,1.3890831645528006,3.5849214182741833,0.10044394335509499,0.28768051718061227,0.2145630873805618,0.47001548043782754,,,,,0.11705763981375106,0.20253654067799362,0.17166515590732895,0.3993928011833291,0.10864857897145552,0.22372430659366882,0.2831545232789958,0.47893559092031757,-0.4619725103444977,33.35945138233354,19.648765070417838,14.123790805997581,,,,,,,,,0.14583192343265194,0.3767665747662717,0.24931443886097945,0.3624514352808099,0.018988935241421645,0.28293694607294206,0.2238558032635758,0.4833282125171966,0.44576759060431814,0.5877656537346895,0.3721794747806045,1.4813764382341446,,,,,-0.3120567375886525,inf,,,0.9415569533219588,0.5340973750166564,0.24653991816537654,1.488598962125894,0.47927739441674144,0.5472529002067607,0.32001874971734373,0.8591172729722878,,,,,,,,,0.12110427395168877,0.31974411116906803,0.23140770745763567,0.40335412386671604,,,,,0.014150943396226356,0.017734668459771157,0.015635925953984664,,0.06983718445151732,0.05861062256141122,0.14744020530758845,0.35216781549921145,0.7629913430042115,0.6200623246816349,0.7443252408330919,0.4893923090022003,0.05546650579252144,0.04949306474940992,0.0499436738922455,0.36528849876654146,0.11163027919235735,0.08365100422036768,0.11398231076432239,0.4160933345490248,0.11742259267801902,0.20212342733371771,0.17141728790076344,0.39926886718004634,-0.14720110573600553,,,,0.11705763981375106,0.20253654067799362,0.17166515590732895,0.3993928011833291,0.8282265552460539,-0.005673743261793558,0.6505759149494704,0.48736470414319033,0.1527271361941076,0.0893652186071388,0.048851832055373065,0.339725734741504,1.0981770671312137,-0.7975678479802543,-0.6019447919811036,-0.5787574950536417,,,,,-2.376808908450122,-1.2362865818218791,-1.390651092755432,,,,,,-1.136951365941274,0.6505313280699926,-0.24109965135543915,-1.1107470017707417,,,,,0.6159648587747948,0.060487904827742134,0.10113345203855448,0.3790840463209939,-2.6900702448339358,0.5532836873169632,-0.28814383856621156,-0.5298277194288942,1.2397478913910023,0.1365574231210062,0.2859429690751659,0.5563910735826376,0.11685363513021607,0.09541105611261869,0.2646923325588208,,-0.9245457301353288,0.8259284118579107,29.058742283695516,,,,,,,,,,-0.43938777585680866,-1.2017036338663756,-1.169238973233798,-16.12829897821569,-0.6351365961635853,0.24828767259485596,0.30382936448737113,0.6216524985468632,,,,,-0.3439391525963683,0.15531830500849017,0.3788224545366599,7.378594816988541,,,,,0.017880702728977127,-inf,,,-0.8190339632332484,15.565160486790674,8.697715442053148,2.1633942826616925,-0.8697639623010879,-4.838465276551542,-3.545207038670366,-2.5235407561079053,-1.2416455835441647,0.34246233111693386,-2.538496702202582,,-1.9941785369935783,0.2538054134720971,-0.9591495113456489,-1.1027650948235759,0.1646984366170654,-0.0018981411272375552,0.03269632131663971,0.6081985720444452,-0.14211900000387812,0.03695355357331579,0.01817704180612898,1.857729099406963,-1.6285914742901582,-1.2754088003527042,-0.5606351311226494,2.66242042801241,-0.44036697247706424,-0.21110283671631677,-0.06167300858598697,0.6514294060639318,-0.4723898949251061,-0.2417967402358577,-0.08661840474669465,0.7050999754162661,-0.46625421822272217,-0.23607816647218846,-0.08316840504026601,0.7074415695144343,0.3613421339063938,0.4042002414372974,0.1819080711852909,0.2093670956651775,0.0,inf,,,0.5714285714285714,inf,,,-0.43842364532019706,-0.2190447034522036,-0.07294832722827509,0.7125516084204297,-0.29428942543526837,0.07258712908046432,-0.33780746250974286,-0.3462549368805366,,,,,,,,,-1.6285914742901582,-1.2754088003527042,-0.5606351311226494,2.66242042801241,0.1425186638312983,0.16985007935321672,0.15330757533952127,0.37484990862839407,0.2464503926033772,0.03348834015754639,-0.21537720913059827,-0.13421392425817547,0.663189190904955,-0.034143219902845225,0.9283328507883978,0.5998585644022731,8.36861965223599,2.4028514081428063,1.9603105015163969,,0.11163027919235735,0.08365100422036768,0.11398231076432239,0.4160933345490248,0.21489673062072545,-0.033519341277201097,0.052238064966475053,0.35657954503896716,0.21489673062072545,-0.033519341277201097,0.052238064966475053,0.35657954503896716,-1.604533716094875,-1.2737535883041715,-0.6856432217617554,1.4351094740233186,-0.06549003950865184,0.09105211241176452,0.010881176039228868,0.059395023375386005,-0.12807178657839813,-0.04008077160592457,0.05770134237945841,0.03841264195948818,0.22196120741968528,-0.10730525217183691,-0.13385518339957692,,,,,,0.10860940338677749,-0.07220915927829756,-0.12962605087503112,0.026399664107036903,0.5995348064210029,-0.15091968926388497,0.5505408085801514,0.21825230924449848,0.19874563780769616,-0.13266029983145455,-0.31852761630331333,-0.3466369552747627,8.010059290799985,2.2225955425649135,1.642196783897766,,-0.2712258366649052,0.3152297770798924,-0.005614456951875213,0.5410643431185213,-0.03154533367739354,-0.009290090566886974,-0.06175523670027738,0.04399653629687318,0.032217754545370125,0.1942758611167259,0.2166422383052699,0.2737801198120563,0.3716953088399466,-0.013651551895010364,0.8176514102901387,0.47435229810577334,-1.6240104349744204,-1.2820480429400274,-0.5706192005731026,2.4762084466366945,0.10871424631932913,0.09051522025454117,0.255755250834269,,0.10352895707484766,0.07879682577875043,0.10645777992829246,0.3574446673848658,0.010462607338488583,-inf,,,0.08494501237132512,0.8322437695199095,0.40685943213238396,1.2731346287875818,-0.02400552352749885,0.7030682655076391,0.28588408079418526,0.9358091954770085,0.07350918556824015,-0.28347714540359453,0.04187867293202367,1.0608946713897074,0.1646984366170654,-0.0018981411272375552,0.03269632131663971,0.6685367783657061,0.07350918556824015,-0.28347714540359453,0.04187867293202367,1.2439906417804028,-0.0034766308923964706,-0.9218525328691936,0.4711285974622229,0.8092962729913582,-0.0034766308923964706,-0.9218525328691936,0.4711285974622229,0.8092962729913582,0.6159648587747948,0.060487904827742134,0.10113345203855448,0.38327641605643936,0.107932146048626,-0.06561891710912293,-0.030251495454165167,-0.011196940109729724,0.14299419388800527,-0.17269290646597169,-0.12066881543054613,0.0860238516068523,0.03164638553401122,-0.1326902167653411,-0.10101126511566409,0.08631571732207055,0.04264846781877574,-0.16258648209454887,-0.11523468488262467,0.11270145779537846,-0.08333826964325164,0.1865325675296948,0.10269759605415371,0.09448051519206946,-0.08779198232660645,0.053953200499266184,0.03216828612225788,0.05412507354750712,0.0,0.0,0.0,0.0,5.161304040921451,1.3269585941242308,1.3322799842134256,,0.14299419388800527,-0.17269290646597169,-0.12066881543054613,0.12503478512693128,0.4466262090506157,-0.10016819787230698,-0.04158639178299637,-0.03126475512303899,0.3242623672162377,0.30824316678714214,0.13298540326348843,0.4782848045428533,-0.028747511585687002,0.545409783102578,0.1935385904658865,0.8334762205187063,-0.10790335826022779,-0.9497460206551257,0.37066544794008144,0.4221835686087435,-0.02400552352749885,0.7030682655076391,0.28588408079418526,0.9358091954770085,0.00852261308158564,0.22009065407595996,0.11042523605208901,0.049842786846756436,-0.1035478362179767,-0.9420950950991879,0.2719255228623333,0.36246755294336286,-0.004858621818565112,-0.09331546018284909,-0.041075283355487935,0.0016910588550484774,0.004882343278141743,0.11086027028995422,0.054384892165406984,0.015818817519351026,-0.07720199940048866,0.43115958681002775,0.2330877648750377,0.15221931751434284,-0.23171860511945053,-1.0894997383727214,-0.0986721956998414,0.4110823607428545,0.07350918556824015,-0.28347714540359453,0.04187867293202367,1.2439906417804028,7.356599711473143,1.9857495883704788,1.7398146192953434,,-1.43478044353409,-1.079540031103763,-0.47035295461560545,6.653386718171406,-0.13567149341467744,0.435184667410721,0.1924205602699533,0.21982175031604348,,,,,0.03979556070203949,0.2004545674427253,0.2253636033370657,0.3219750402486907,,,,,4.124430353203739,1.217522778724078,0.652916545679961,,0.6446354417174851,-0.09231041559988125,0.45900362203056205,0.10351576464961636,0.5007947451232457,0.01008667455598263,0.5758534668727375,0.42105577965252605,0.20675103308762965,0.16763736305528995,0.15086039174220706,0.3897123937618036,0.24366559793470155,-0.14091493873867877,0.38820985026862675,0.07646061559171526,0.20582105293420705,0.16839511032568688,0.15131504010444524,0.38993971794292265,0.3793001763054331,-0.17409094989077167,0.7136036238081536,0.23781805326000044,6.769494179454475,1.8345494909800444,1.5305249952260946,,-0.06916570493586494,-0.004015592704754045,0.051814890523475834,-0.03546724174452076,-0.06709270834448888,-0.004619950060971156,-0.002326719596604865,-0.023353293986111003,,,,,-0.1072405285249749,0.23078938965655293,0.2241107625464581,0.20614005331344742,-0.04330723682151738,-0.07125709001096299,-0.01111970377759106,-0.053331690293449086,-0.06462713135962306,-0.04427729685706187,0.003066300739229333,-0.03494648138728148,-1.5208957415862534,-1.2104071122261872,-0.5879367041440957,1.2529076041547103,0.0336943359632873,-0.09856270439821861,-0.33250603926765315,-0.40992756309640377,-1.5212974783949602,-1.2100347825118378,-0.5877133063154861,1.253019303069015,0.48890185396544195,-0.1788317554465582,0.7630192148300181,0.26573962929268696,0.4557216818915246,-0.17486795675187974,0.7531751165876317,0.2663208768339401,0.3435248922101064,-0.13984745656044698,0.41950731958869786,0.09315273145183897,0.5048411187278121,-0.04732054313460462,0.4526337731105345,0.11466082313121498,7.4278197774917185,2.0709990943846477,1.6407324221470432,,0.7088829794071392,-0.0674426316455442,0.38649107883957906,0.089515075356786,-0.1883793161131726,-0.04113097057688405,0.11321939694541305,0.001403158313613162,-0.18441670532279686,0.07954640858568085,0.16889242930623605,0.03130118679453218,-0.00018262681912184497,-0.08367533684108082,0.10452282750083249,,0.011785197836161387,-0.0569546945274931,0.13088412805633642,,-0.04227217439747055,-0.11596140408717252,-0.011201290920415507,-0.008593024857840813,-0.00418295251933265,0.04881216010129722,0.0836981984662301,0.016001781840057815,,,,,-0.19514278873750712,0.17791623698070277,0.10674974218842166,0.05337487109421083,-2.444554624671237,-1.457329163404668,-0.8189830907512039,0.36865629664628663,-0.29993996744945695,-1.8330949056869181,-0.9949257294606667,3.686192848154115
2009,11684538000,10965723000,718815000,0.0615,27321000.0,495941000,31039000.0,554301000,11520024000,7426000.0,82247000.0,291997000,-630889000.0,-0.0539,-910201000,-0.0779,-94932000,-1005133000,-0.086,160898000,-1165212000,-0.0997,-5.63,-5.63,207002000,207002000,876272000.0,0.0,876272000.0,1298410000.0,1226656000.0,275488000.0,3676826000.0,1377729000.0,25120000.0,131168000.0,156288000.0,0.0,49673000.0,57342000.0,1641032000.0,0.0,5317858000.0,1938009000.0,197575000.0,11831000.0,0.0,550342000.0,2685926000.0,1036873000.0,0.0,4178000.0,148472000.0,1189523000.0,0.0,0.0,3875449000.0,0.0,217000.0,-13700000.0,196972000.0,1251673000.0,1435162000.0,5310611000.0,7247000.0,5317858000.0,-1165212000,291997000,102375000.0,44026000.0,-100597000.0,169741000.0,283816000,0.0,990900000.0,1384720000,557309000,-292238000.0,-4176000.0,0.0,0.0,10239000.0,-286175000,-4427081000.0,7420000.0,0.0,-59583000.0,4283331000,-195913000,28128000.0,103349000,876272000.0,772923000,265071000,8.09,8.629999999999999,7.205,64419250.0,0.28,1.05,8.255,-0.16007632820731188,0.0,-74821000.0,169658202.2339332,5161570000.0,-69123000,-922886000.0,-879699000.0,1435162000.0,1278874000.0,1278874000.0,0.02268562094624537,0.6899424747674993,0.0023382182504776824,0.0026564165395328424,-0.0064034196302840555,0.024990033837880454,-0.07898352506534705,-0.005915766631081177,-0.0752874439708271,-0.6089874654059927,0.047438846105853735,56.44649810146762,-4.3970637964850585,1.2805238596728534,-1.4117641375445649,6.933082772147129,-0.2878377986686119,1234448000.0,0.860145405187707,0.7098492605601856,876272000.0,0.7098492605601856,358176000.0,358176000.0,990900000.0,1.3689230455343893,0.2630493170697927,0.23832294484427602,0.16477912723506344,1.8715141565899878,0.5050766680870381,-11.220907753474291,-0.3053382706746202,0.3262457714769506,0.18633442261903194,0.22368461136043874,0.2321325616441808,0.06735343440911735,0.860145405187707,2.7003564754362226,0.24957182534097197,0.269875953814487,3.705406079592408,3.030360301327574,-0.5677322001176118,0.7098492605601856,-0.2269927948993781,0.25564461607159217,-6.142838122078527,0.06662654076963954,11514797000.0,inf,0.7549690528418863,-0.8119027677711645,-1055902634.0106235,2624685000.0,-0.40229689810801045,2631932000.0,-0.3506496368447209,-0.334240778257189,2.197226402058874,8.93952583283333,68.83745235388032,13.334373345262659,0.13517002522444188,0.1392628599437768,0.06463945282345623,-0.026263216526870754,0.06446146869825406,-0.17354468660125938,-0.17879947380351327,-0.19855788439830915,-0.9111233788473297,-0.612961463583902,85.05197080291971,0.005137594873725474,0.019036875279585162,0.054954081135675306,0.21211573538772865,-0.0025762252395607403,0.23066731003347588,0.03191905462688172,0.9488650992265785,-0.2527737851368124,0.1062041024649344,-0.08569565349053887,0.05045924222571041,0.14380240696664964,0.300107664173354,-0.07943139559072931,0.05550694578946791,0.15019289985211864,0.3098362027398968,-0.1716822174669077,-0.01379511996697147,0.06860597806987916,0.2103529545657265,-0.09425625920471281,-0.059925489861178884,-0.06355166911057046,-0.06589913743418532,-0.17168930390492365,-0.07495402512634168,0.19170119896438204,0.27067081859797276,0.009397057746008741,0.09841806131553299,0.14482793983504383,0.3160911924464723,-0.16758742759064582,0.10318529304849262,-0.033806237377852225,,-0.012989764884365318,0.08572151411617786,0.12280736342765888,0.32009959572849783,-0.07643998499859461,0.056842587965587464,0.14867445567721047,0.30973118505589675,inf,,,,inf,,,,0.05676936495470675,0.14152264155038372,0.06267497286518726,0.30858948442378786,-2.4553245183435446,-0.7889986242685724,-0.46649630504982004,-0.05084675637776248,-2.580645161290323,-0.8883894013613608,-0.611582776775868,-0.34396300403513597,-4.620572242309972,-1.495464269991179,-0.8629237037318891,-0.020842847689908472,-4.954314720812183,-1.665371665221102,-1.0542135143462585,-0.4017286053143274,0.007727909642902597,1.4410563270720393,0.8870293690210438,-1.0584634141390563,-7.394260558676277,-2.437076680507248,-1.4194860845654105,-0.25006617912939666,-7.991869918699186,-2.6809563825935356,-1.6569492994971415,-0.6661639669502442,5.4054301524742225,1.6441079409130728,1.1495518977146735,-0.050595587357931016,-9.702625997072268,-3.14308150145752,-1.866102003789744,-0.5989472782800856,-10.495238095238093,-3.456746031746031,-2.1394399046646235,-1.0010478841340522,-9.661538461538461,-3.13342890115042,-1.866762054281459,-0.6400297617802027,-9.661538461538461,-3.1166167166167162,-1.8559268200934862,-0.6315542833036183,0.008413104372183566,-0.0005887360774525044,0.006564649323673866,0.031495939398602325,0.004093947360762185,-0.008678791145719233,0.001254240589665323,0.03151773673192206,0.13371189626909796,0.05209711096076175,0.08185419872122215,0.6594960918214232,,,,,0.13371189626909796,0.05209711096076175,0.08185419872122215,0.7198342981426842,-0.134430841330209,0.0032500901661617343,0.12105383877727657,0.32542729625979067,-0.19766728455544058,-0.046401991786623444,0.17642654227146742,0.358419066819992,-0.18322378271323825,0.2902030398521735,0.2099796177987035,0.5203557055353482,-0.11169260645395407,0.00461118145209564,0.12282373202066879,0.3622582203201248,-0.010592619350094368,0.12453426631175986,0.12534721950251332,0.2815475188791208,-0.9775535916933992,-0.04435206494360944,,,-0.24107964243353486,0.25142968838611196,0.04371244233808234,,-0.8790289060292814,-0.005730814079959938,0.1577001287605175,,,,,,-0.6805759189237852,0.3292628179753245,1.0074485672978575,,0.08053817743272784,2.1376566809859074,1.502256320984566,3.671922604438508,-0.43275769097822325,0.06162643118557339,0.1287270526877039,0.3340399868220989,,,,,-0.24377781604653037,0.012178891696110786,0.1176943292489691,0.3396699045403299,-0.12661736148634795,-0.04039372154378851,0.19470773209586031,0.40635019064954536,-0.2680699570640557,2.0440808823032817,19.79260987515866,14.096983810291174,inf,,,,,,,,-0.015019669467045138,0.1109565523803987,0.23278066494080987,0.3281625830882038,-0.11868659027969186,0.0024921433539687086,0.2166055840298518,0.4202946789372561,-0.056936368605686516,0.5659657075660681,0.3552868108137582,1.488422766469562,,,,,-0.5559570623870762,-0.04161085370930273,,,-0.026323728079954867,0.30428595599524405,0.3221813045634463,1.5346845380358471,-0.056958001154302274,0.49082622687227545,0.33005897385533106,0.8665259970378247,,,,,,,,,-0.10061689372588767,0.08449269056589089,0.22894486573875036,0.36557473386806005,,,,,0.009302325581395321,0.009397535156837536,0.015486340819007438,,-1.011318413406289,-0.3092370171653931,-0.10839837389130107,0.1730270588539763,-0.3464786115507248,0.3093473145020369,0.37161854077257933,0.42012906323174315,0.03986152603822246,0.05534275185303095,0.0511407486003375,0.34771461631339606,-0.47153633007760354,-0.09839081917889503,-0.0093923128946251,0.32280443584078133,-0.24401240588076445,0.01168758174042354,0.11739954327555675,0.33952251155362373,-0.021204754186926023,inf,,,-0.24377781604653037,0.012178891696110786,0.1176943292489691,0.3396699045403299,-9.702625997072268,-3.14308150145752,-1.866102003789744,-0.5989472782800856,0.05676936495470675,0.14152264155038372,0.06267497286518726,0.30858948442378786,-2.517835962519274,-1.969745901878521,-1.203474550960544,-0.7926100568228103,inf,,,,-1.2417900690059631,-0.8209431345696611,-1.0924279790924307,,inf,,,,-11.282443301210057,-4.589376663289947,-1.907416400175539,-2.022200287115628,,,,,-0.09216424781744703,0.07156712334573505,0.03626861322225219,0.36986762153924924,-4.991226173902767,-2.578935577246164,-0.9586595962412836,-0.9401822208771419,0.35313512922923773,0.3343961156997078,0.21406298334954865,0.622373917174892,-0.1341147608014175,0.02084163698947202,0.06634525805924625,,-0.9283003966141854,0.5926682315184049,29.072363455727565,,,,,,,,,,-0.07129251700680272,-0.2781127222615266,-1.1667322966244116,-16.13542822991637,-0.25614732792680395,0.2114864143610999,0.3731425922331278,0.3488258698434021,-inf,,,,-0.5496206373292868,-0.5676004836950009,0.1312091212967391,7.414655197145888,,,,,0.01618514854862374,0.9706058166886292,,,30.658962570955534,25.632507753215823,15.264740204499471,5.31299098028588,-3.1034927042958222,-5.168193125801008,-3.7620517929601682,-2.8055881397450344,-3.56081573197378,-0.9028669037024605,-1.1504912145332575,,-0.05442917528225588,0.6119296488966223,-0.5042430633458245,-0.9672050624992942,0.13371189626909796,0.05209711096076175,0.08185419872122215,0.6594960918214232,0.1646984366170654,-0.0018981411272375552,0.03269632131663971,0.641471670341397,2.564554953404247,-0.25563042908220135,-0.16697925741085878,3.0523924068693185,-0.3684621389539423,-0.36353293359801464,-0.1739813533317927,0.11758319216853756,-0.2686440677966103,-0.3200443749109632,-0.16519771664488708,0.11091530719869658,-0.2407797681770285,-0.3065952709444081,-0.1562185161693212,0.11544692603006465,-0.056674849958741835,0.13635823564316063,0.1981766508342604,0.04685762866923637,0.0,0.11111111111111116,,,0.36363636363636376,0.7561327561327561,,,-0.19541910331384005,-0.2774503978228102,-0.13692630538469258,0.125093031422379,-2.0017468155536435,-0.8182843466511381,-0.34890896344523614,-0.5424823697692464,,,,,-inf,,,,1.2814867909300758,-0.6833198165735918,-0.423592889905693,2.9240855906219014,-0.10080185471148007,0.03516347628711769,0.12521935852308708,0.32942460811889995,-1.6900844597967373,-0.670074956139571,-0.02732472984346952,-0.4083418241627639,-6.871037514393135,-2.262668999079534,-1.314841475708782,-0.19774387470108246,-1.9576101628494296,1.9408242685890142,1.0356038260173508,,-0.47153633007760354,-0.09839081917889503,-0.0093923128946251,0.32280443584078133,-0.10177555521218162,-0.05234091831994118,-0.011153204587240251,0.30026672381726593,-0.10177555521218162,-0.05234091831994118,-0.011153204587240251,0.30026672381726593,2.8986525296665655,-0.09764173051060417,-0.14738660051150343,1.8545573670265565,0.21861087499432275,0.12185943492200935,0.07966180716415439,0.09624986685529152,-0.09405363842213232,-0.11777370134184606,0.02795399315474718,-0.0012856610602363539,-0.08956730263040424,0.04671372880326641,-0.13110156833829806,,-inf,,,,0.1558179385115408,0.09309635294200443,-0.047868097440720916,0.021226091251490053,-7.421316421394025,-2.4903727897378674,-1.5422532016807255,-0.6096717028574512,-1.754764496560989,-0.7313411151637704,-0.2228525570770085,-0.6031579040346126,-2.0473647713754146,1.7687867388224408,0.8781675061441595,,-1.2726116671783103,-0.2883428984947994,-0.10562851866621958,0.4354732937229814,0.07952044511627099,0.03433376386305161,-0.01305549787408009,0.027229182507446315,-0.09332361653641197,0.05250768875129815,0.13610824430186003,0.2570778401894855,-4.590366117429685,-1.484279619568775,-0.8629194561759054,-0.05564220489073692,2.53481617597925,-0.2681943552556891,-0.1798289157478227,2.8614529205749406,-0.1413387673718658,0.022139129386848994,0.05955015931799803,,-0.47594525732447057,-0.09623175507349106,-0.015587157159672026,0.2713608682053308,0.007707202675909963,0.9883578420321347,,,-0.09855485208958603,0.7322648850593932,0.4910355871539279,1.2754865014381551,0.7057845207084699,0.8989991865961802,0.5431242928769862,1.0463113601988412,0.25766043435597563,-0.13387046819926876,-0.07612246383870122,1.1159558489771924,0.13371189626909796,0.05209711096076175,0.08185419872122215,0.7198342981426842,0.25766043435597563,-0.13387046819926876,-0.07612246383870122,1.2990518193678877,-0.3995242142745776,-0.9921662114570468,-0.5322188417561979,0.9211957034157523,-0.3995242142745776,-0.9921662114570468,-0.5322188417561979,0.9211957034157523,-0.09216424781744703,0.07156712334573505,0.03626861322225219,0.38996318920036444,0.007935864527418568,0.005319105257219865,-0.05586874439348144,0.012180542084651769,0.03720502647040247,-0.014987458864238504,-0.10676679372780991,0.14868080028084937,0.27626079047188656,0.05625110497087238,-0.01612461489291428,0.16089914540350922,0.49917831072098684,0.09310292926611967,0.01152954108808959,0.21675603784999864,0.6676896821492515,0.20807053680511922,0.27600938497376176,0.15780773454002578,0.16541596956713378,0.009804045347512594,0.08640230664235753,0.05897821059257673,-1.1133425025603463,-0.37111416752011545,-0.22266850051206927,-0.11133425025603463,-1.9522008436106963,0.9214806969483905,0.34278466653600115,,0.2863890232067279,0.0680738733812033,-0.05692999438054482,0.21261013347456087,0.2004881256411437,0.0803502943362802,-0.04165802610557982,0.02664897258743749,0.24704355261776234,0.4445787874846016,0.20836400254681817,0.5387862694421564,0.19203742899703125,0.6410437947603925,0.33827577811576,0.8878141999842475,-0.20595322582817843,-0.8888408032372167,-0.5654170463812174,0.5398990870467938,0.7057845207084699,0.8989991865961802,0.5431242928769862,1.0463113601988412,0.7018825653732914,0.289477531371642,0.2916001371209521,0.1326341375011239,0.13626691843093153,-0.815037768709025,-0.4817051512422812,0.5115763384503678,-0.30117936085975383,-0.13024467685171834,-0.12455708157942016,-0.03639920091551642,0.4309823493912439,0.1761326469916351,0.16140675981290223,0.0663007258041361,0.0012899465083782147,0.2044831247822644,0.2832944498023927,0.164951406282219,-1.4126061082299952,-1.5443179941594807,-0.8817500518098207,0.39759776570728844,0.25766043435597563,-0.13387046819926876,-0.07612246383870122,1.2990518193678877,-2.0647411055079026,1.5418567407135955,0.722668962299284,,2.7797608080104577,0.013476160368084336,-0.02510321944364009,7.069772689082342,-1.6179948835726297,-0.3984597439911524,-0.04488170749327569,0.08960640520095386,inf,,,,-0.09897773054663317,0.04603188320701231,0.14114599155543078,0.29877945646774456,,,,,-0.8899630797449427,1.0529273723456252,0.48599599720578135,,-17.46778481167916,-5.80168630969677,-3.512216650616767,-1.6911047734512656,-5.998959909216207,-1.9005787661404778,-1.129598979596392,-0.2632347835784815,-0.3400493777741682,0.02755018082904792,0.0638000566175568,0.3297382578962297,-8.574748383986806,-2.892032435309415,-1.7710301567217897,-0.8273949056309853,-0.3394569000804869,0.0285054206640053,0.06437320051853124,0.3300248298467168,-9.888197477361459,-3.3881752435877845,-2.0400364020605126,-0.8181049950121452,-2.4497315360134926,1.2190874055143015,0.5711579122176493,,0.20904195342372844,0.056374185492421715,0.03592113836741566,0.0017266470277307988,0.1473651599750594,0.1191122117179673,0.02034790419290624,0.018208715001635477,-1.0,,,,-0.19353025268737067,0.03161715937828787,0.0876061283276297,0.10426549999555576,0.09533652954044891,-0.011782299712164193,-0.033034616164799725,-0.06616406311672299,-0.07882618878476977,-0.04849389538040283,-0.050537352580120445,-0.06519512604307724,2.457056807121795,-0.21395626518897237,-0.18801536524334148,1.6252201729198148,-2.044722834711049,-0.8851759956454442,-0.2437389539386654,-0.6772328700669246,2.4539559813857323,-0.21461754405331032,-0.18841213256194425,1.6250217892605132,-8.763640949674098,-2.971273414887731,-1.8315094782958632,-0.6661518281542649,-7.529192197687788,-2.55959961048864,-1.5808727184972777,-0.5421257054143809,-7.6104380634300375,-2.527419606429364,-1.5903073683312372,-0.7041313612562426,-10.688698685024132,-3.5246453423337147,-2.123819745480616,-1.0020511023041643,-2.8120643241001835,1.334067551282347,0.6381719165003658,,767.8909818611841,256.01299105943696,153.55251903063436,76.85724328270399,0.09532715869922481,-0.066279505895066,0.06049073181260065,0.0018672553588192531,0.5673938309074527,0.1199784193588695,0.23887819950860018,0.08702522159720187,0.1450143325230202,0.024358523849239127,-0.028556654154328554,,-0.12484457248558822,-0.08990255711620199,-0.0511810895220707,,-1.014967047577363,-0.3952487480140043,-0.26132533999534135,-0.14161196095297898,0.06097484637388928,-0.04330285355670612,0.04502300781602806,0.012580690131856975,inf,,,,-0.34011278546458645,0.03444728477068556,0.038727185095504366,0.019363592547752183,-0.7497368226959648,-0.6683036878453684,-0.9804786421949728,0.420468109654888,-1.6129745201634815,-1.6192375075811514,-1.3280969586724616,3.6200862961474947
2010,13409411000,12405267000,1004144000,0.0749,28085000.0,589738000,50538000.0,668361000,13073628000,2956000.0,79168000.0,283284000,609719000.0,0.0453,327566000,0.0244,-80299000,247267000,0.0184,76501000,168840000,0.0126,0.79,0.78,214332000,217597000,744329000.0,0.0,744329000.0,1443879000.0,2094135000.0,371675000.0,4654018000.0,1451392000.0,28455000.0,104113000.0,132568000.0,0.0,55101000.0,74668000.0,1713729000.0,0.0,6367747000.0,2741719000.0,167566000.0,19236000.0,0.0,695889000.0,3605174000.0,1018930000.0,0.0,1462000.0,149409000.0,1169801000.0,0.0,0.0,4774975000.0,0.0,220000.0,123303000.0,122062000.0,1332461000.0,1578046000.0,6353021000.0,14726000.0,6367747000.0,168840000,283284000,2331000.0,104609000.0,57944000.0,-247133000.0,-969348000,0.0,1048844000.0,-189598000,427410000,-398425000.0,-27140000.0,0.0,0.0,-14692000.0,-440257000,-4440914000.0,586000.0,-5505000.0,-59869000.0,4405422000,-100280000,-18816000.0,-131943000,744329000.0,876272000,28985000,15.08,14.81,12.655,85511400.0,0.28,1.33,13.985,0.30938621004824746,0.0,-76212000.0,-25689512.52290035,6235179000.0,131122000,326435000.0,592293000.0,1578046000.0,1445478000.0,1445478000.0,0.0021615416217759306,0.5873042113481731,0.0020944245798715545,0.003768845626403725,-0.0056834711084625565,0.021125760109821378,0.024343723971172185,0.00977835640953954,0.044169949000742836,2.0403857543212665,0.04984268138250069,62.56373756601907,1.5283112181102216,0.13523412276281657,-1.8589151409962115,7.362624339809268,-0.27932833174700933,1186496000.0,0.7518766880052926,0.6273337626085549,744329000.0,0.6273337626085549,442167000.0,442167000.0,1048844000.0,1.290927428190706,0.2750108593926396,0.15993255720111096,0.1168904794741374,2.2845810578398855,0.5661616267103576,4.12332002829426,0.18089612318295872,0.20646132475159312,0.16471194599911082,0.18370720444766414,0.18632901087307646,0.06943853139893906,0.7518766880052926,3.0258782063387253,0.28019905630127384,0.24781857696293524,4.035210000215456,3.303388221750867,0.7251980010463837,0.6273337626085549,0.12404106827784439,0.028446507610925185,7.831435464533662,0.06672420303144722,13656544000.0,-inf,3.508013503909026,0.10699307878224082,226221596.7193358,2747847000.0,0.08232685324886567,2762573000.0,0.11816339332933465,0.21439904031495277,2.105832879352776,5.9238143672685855,-54.25989649298151,18.015435378710222,0.15769219474328988,0.16104493551829066,-0.009348960303430413,0.04746372313057429,-0.009299125316471401,0.051263814344382715,0.0523537495876221,0.035526159679292506,0.11680565183281931,0.3753331651929031,1.3693097491545219,0.004410508143618143,0.01779732656715964,0.06256922581880216,0.2745123302319428,0.019363677608422572,0.3288659238503037,-0.03881011604261288,1.3545901445155177,-1.8958081766430912,-0.09012348311271258,0.147620128412437,0.03390667854131254,0.1326576354500148,0.2842695338799489,0.13127670651538437,0.029865808854742475,0.13510220963582129,0.29281921636857017,0.39694358075443614,0.09798077445019342,0.11451425289679448,0.21621770139220403,0.21788617886178852,0.05028712904353357,-0.013934944371894553,-0.046618610162893204,0.027963837341239417,-0.07903279366568076,0.07141255037529264,0.2508865571708063,0.18912935208018689,0.06573980386419143,0.17099402520037987,0.2901573309971094,0.628209671703341,0.24373736097926268,0.10989605066571469,inf,0.2057726758566194,0.06659259125189172,0.15143394136187424,0.2975999402372367,0.13486117737254721,0.0315827277992744,0.1358334713635418,0.29250987141622664,-0.6019391327767304,,,,-0.03743601590331558,,,,-0.02983934766453078,0.05988571782809452,0.05900513462231847,0.26223205568143115,-1.9664441763923606,-1.3748958248544207,-0.8961951875394014,-0.25947975631956743,-1.8404452690166977,-1.3891379865729283,-0.9763882484896552,-0.5136819495414569,-1.3598831466895773,-1.8662300240175538,-1.2009661155386147,-0.16073836626607016,-1.313222079589217,-1.9788185731067731,-1.3383072056264207,-0.5126207057463674,-0.1541419121055071,-0.022961859474662966,0.9373057320328687,-1.1562305465260776,-1.2460042601327386,-2.6590252093013533,-1.7485388957035102,-0.3769109941701019,-1.213953488372093,-2.8694736032228936,-1.9320184781842182,-0.7658519987142828,-0.5245372844907954,1.6848743558356045,0.9537549494239685,-0.09330202338823804,-1.144900670435938,-3.3397667040873835,-2.172909579458717,-0.7218182977046318,-1.1263791374122367,-3.6238724108834433,-2.3954273426339623,-1.0965535818603782,-1.1403197158081706,-3.3321008739303584,-2.1695247926238155,-0.7658264392433727,-1.1385435168738898,-3.314313040423164,-2.1601787333448077,-0.7542321644027721,0.035410285890957516,0.017054892218911395,0.011580149599206103,0.038205982072205116,0.051183080356711486,0.017114709527119538,0.00986150699207553,0.036023107887050695,-0.15057310971935656,0.049279074388935605,-0.004511127366394252,0.6936695500802568,,,,,-0.15057310971935656,0.049279074388935605,-0.004511127366394252,0.7540077564015177,0.1120362597330582,0.022982242627640148,0.09766591553411057,0.32868220428437855,0.7071901168705814,0.20730262435339775,0.268600463288427,0.4011755005444721,0.34915132419560924,0.1650405596962086,0.2974653042299394,0.4100653585028544,0.26577053143118556,0.094349507599688,0.12986378101482163,0.3796623411324163,0.05346697354849894,0.04890632074748058,0.10915001161262243,0.22581894741676636,0.1327627388535031,-0.28318997791129613,inf,,-0.2062621980970969,-0.08944038575790032,-0.0547860574471591,,-0.1517710892710893,-0.33812720740181645,0.07009985074047761,,,,,,0.10927465625188737,0.05500515960109379,0.3943549927234841,,0.30215200027902767,2.387973949755336,1.2190186352235255,0.9021378044664112,0.04429956271419444,-0.09600472830297795,0.0949166846555616,0.26956358140659914,,,,,0.19742704675453915,0.023568956840586613,0.11225177054839793,0.3296515843328078,0.41470911641793196,0.13224677796767983,0.1918529349425181,0.4423318421481405,-0.15188662533215236,-0.29397636424690193,19.93167951292088,13.849795147757959,0.6258980644070662,,,,,,,,0.264466459038198,0.13175957100126826,0.27594930277399354,0.3415228092389372,0.342246212293265,0.08084951908499827,0.21447409204647988,0.44384947206936853,-0.01730491583829452,0.1238421020534457,0.33781113535201746,1.4232922748857324,,,,,-0.6500718046912398,-0.5060285348889896,inf,,0.006310954254000745,0.3071813931653349,0.3164558702448031,1.5253156334612474,-0.01657975507829612,0.135246546061381,0.3136441888775367,0.800415597831611,,,,,,,,,0.2321088472587305,0.08419874249484387,0.21814485740800943,0.36476601075079584,,,,,0.01382488479262678,0.012426051256749485,0.015266243150667113,inf,-10.00021897810219,-3.6472334023523207,-2.1671411047648492,-0.874490665333538,-0.38030786101577885,0.012068290145902605,0.22668010029568025,0.35261775764964576,0.06454401429127254,0.053290682040672145,0.05057694691554495,0.3305929542962364,0.0995594922385068,-0.0867821862155798,-0.024204765035598742,0.2959008809324006,0.19628814838819864,0.02323277839515107,0.11172920490171748,0.3293903015094675,1.0320132468607701,0.2878691289792795,,,0.19742704675453915,0.023568956840586613,0.11225177054839793,0.3296515843328078,-1.144900670435938,-3.3397667040873835,-2.172909579458717,-0.7218182977046318,-0.02983934766453078,0.05988571782809452,0.05900513462231847,0.26223205568143115,-0.9772307692307692,-0.7989632215396099,-1.1775540551381611,-1.090333133745887,1.3760732294553217,,,,-1.5760012724037495,-1.7315334166199448,-1.30533021737507,1.2452445791335065,-2.4559416994126346,,,,-4.415409983933253,-5.611601550361528,-2.749251860186667,-2.3298754708124676,,,,,0.0584761328085579,0.19409224792196855,0.029555119894867456,0.39161843274577485,-1.1369215437055866,-2.939405987480763,-0.893659331131493,-0.4764550204089909,-0.2330825448718754,0.4532668252494549,0.10594497074407619,0.5572789191718543,0.36335794797391174,0.11536560743423678,0.10309527110207006,,5.49904214559387,1.2153986729481185,1.4097053969106834,,,,,,,,,,-2.434905752514894,-0.9818620151261684,-1.2222618342241645,-0.7039188051678604,0.5384187996855072,-0.11762170813496069,0.20542689790865426,0.3291131459575631,0.0031246322351001776,,,,-0.9210242587601079,-0.604861349561921,-0.20093799621278485,7.344774993492099,-inf,,,,0.004800026853297057,0.012955292710299307,-inf,,0.02850375093589541,9.956144119552727,15.476589556452689,5.936111625649739,-0.4881401438393572,-1.4871322701454224,-3.6214057355579614,-1.6675600488658127,-1.6689419795221843,-2.1571344316800434,-0.8404741436290326,,-2.27667418165633,-1.4417606313107214,-0.3139374233044589,-1.1754480202332724,-0.15057310971935656,0.049279074388935605,-0.004511127366394252,0.6936695500802568,0.13371189626909796,0.05209711096076175,0.08185419872122215,0.6927691901183749,-0.8906519385372221,0.015103846858955494,-0.4304646772382176,3.0575895080975632,0.8640296662546354,0.018400184941209614,-0.02754819656965144,0.2057170353992496,0.7161066048667442,-0.008309119284990748,-0.05558553672748785,0.19682567385579217,0.7564191533657181,0.01646172232198913,-0.03851902284557516,0.20543693868416613,0.3274199870380361,0.21069575699522936,0.29666917227823725,0.11415027271992076,0.0,0.0,inf,,0.2666666666666666,0.4005772005772006,inf,,0.69412477286493,0.020094008076964303,-0.031685688161104154,0.20885360602640163,-2.932741795823597,-1.7429260122708363,-0.9433454448271694,-0.824028099937148,,,,,0.018591037275631273,,,,-1.151419219257542,-0.4995079675392082,-0.7392317658771158,2.903205963778114,0.20800047272438427,0.0832390939480675,0.12334977121451088,0.32046363050836224,-2.896937343575944,-1.4468571369231011,-0.8973113565800084,-0.7213300676717725,-1.3537110759075335,-2.520519799798571,-1.6654356500018408,-0.3353593713192672,-1.6732905232357886,1.5792396553835906,0.7155307076686401,0.8754153680051863,0.0995594922385068,-0.0867821862155798,-0.024204765035598742,0.2959008809324006,0.13027397538772378,0.0811317169320892,-0.014411920731212224,0.2764346172238069,0.13027397538772378,0.0811317169320892,-0.014411920731212224,0.2764346172238069,-0.9047175465508392,0.12980042234028377,-0.3654651563593577,1.8596922749827705,-0.1487635088039967,0.0014524422272247373,0.06860074068512392,0.07314126803992624,-0.10426471975245355,-0.10879671491766134,-0.06371213459847191,-0.005571635957243149,0.4187705769466843,0.18372149391198844,0.001457503560153861,inf,-0.11243188224251388,,,,-0.1546325928619402,0.036598249678792695,-0.043088426437058416,-0.004017670976485177,-1.3082126804422998,-2.7099980984717735,-1.8364576339255958,-0.718781084967542,-2.652931398301699,-1.4029834190183303,-0.9611353588714102,-0.8628571495489835,-1.586684135775125,1.4586701278831484,0.6067475441088401,0.49750149087292117,-4.350456077057359,-1.9647645269668583,-0.9354756825991984,-0.037269141244799256,0.05067229652431049,0.032882469321062646,0.02046449398798411,0.02274299235281735,0.10837234674071672,0.015755494916558293,0.1195752627108965,0.23304074522631985,-1.3475754023245987,-1.8554154036381123,-1.195779235087863,-0.1977075484310002,-0.8943915634673406,0.005471392512496361,-0.44114390326163455,2.8660882798764926,0.31673208828590993,0.09470252241112442,0.08938779633553354,,0.0619553497021228,-0.10348698351583337,-0.0355198860572193,0.23621786072625683,-0.02956341022952147,-0.003797866738374308,-inf,,-0.038844892615970905,-0.017484910778077272,0.4718663127708343,1.2001734407479865,-0.1258725751825498,0.1853021406661404,0.5378233484097675,1.0084653035087432,-0.11624369078938346,0.07164197637827745,-0.14180293852883827,1.1747160952828692,-0.15057310971935656,0.049279074388935605,-0.004511127366394252,0.7540077564015177,-0.11624369078938346,0.07164197637827745,-0.14180293852883827,1.3578120656735648,0.2344964486732779,-0.0561681321645654,-0.5861170728417762,0.08893106256879446,0.2344964486732779,-0.0561681321645654,-0.5861170728417762,0.08893106256879446,0.0584761328085579,0.19409224792196855,0.029555119894867456,0.3892332074144166,-0.05697589619673327,0.019630704793103766,-0.0491793565993367,0.00783553048206186,0.04547262260967311,0.07522394765602695,-0.08708021406356789,0.2073535621092016,-0.3289250545908896,-0.0070059595283306075,-0.09014698288300527,0.18150314344092378,-0.29062326378638437,0.08373450491779273,-0.05584087986980883,0.24856853438909177,0.22071267791130733,0.26835469680576907,0.2896000125299286,0.19901517866109075,0.12094195294088106,0.06618864672713613,0.08964350480116268,0.08578498757517981,-1.367467598779392,-0.8269367004465794,-0.49616202026794765,-0.24808101013397382,-1.592444971877529,0.5388860751444083,0.08724599337689351,0.40090111588075333,-0.3671601510207476,0.020741022024661843,-0.11976996944238696,0.23001961793987108,-0.11604123551625845,0.17702436639183364,-0.04321154069840714,0.03291109958144365,-0.1787222047580027,0.13086123835866578,0.19861016964423722,0.4941792117171171,-0.19731635427051075,-0.011342145619722169,0.3261900848068509,0.8359715770066796,0.030957545195935188,-0.09429967963082368,-0.604846748519524,-0.09352391402774315,-0.1258725751825498,0.1853021406661404,0.5378233484097675,1.0084653035087432,0.12054768837507535,0.27698428894331745,0.2965404431952493,0.15407071461749855,0.12271910468442537,0.0518127289657934,-0.5134598524364413,-0.07446955646421236,-0.08173153828560065,-0.1292565069879732,-0.13257145593878034,-0.050042779515811285,0.08900614764990245,0.17495694677309603,0.1705138615822018,0.08038803132492278,0.09009751094735563,0.004728486018415061,0.2769732435771634,0.18334296565582167,-2.2773592917508485,-1.3072280017000981,-1.3916929230198016,-0.5835414891141127,-0.11624369078938346,0.07164197637827745,-0.14180293852883827,1.3578120656735648,-1.5464537688644682,1.2484682790335906,0.4692107781478131,0.5406943680627088,-0.8887263575190691,0.15208466898576614,-0.2695171285639802,7.0773886060121765,-2.274888790636692,-1.342851722541333,-0.5174659343954318,-0.14862555614235617,0.0014658161849545603,,,,0.18599954475966873,0.04227245830502502,0.1376771033082423,0.2867792678090626,,,,,3.646565962808692,2.2936777454224964,1.2818342438471966,0.7704437410844817,-1.1317806553067409,-5.984976675089471,-3.7752993427571093,-1.7834742353472488,-1.2142447508252543,-2.2374699716394053,-1.4365889272747028,-0.3949963996462314,0.04692448808142702,-0.02879128553503718,0.04195743989462573,0.2910917522355696,-1.2046420284025212,-3.178574938151542,-2.040427045721073,-0.9248354903585765,0.04963692071071746,-0.027999642145187464,0.04307307032145824,0.2916495674489859,-1.336984217045293,-3.6152938393671064,-2.349490908815813,-0.9231339140028705,-1.6414508769183713,0.8927705888408705,0.28249321200165384,0.3349647286368542,-0.041594950170114164,0.032760432772583115,0.03108004502787043,-0.0030795123111981293,-0.33734579685295585,-0.08569111507412845,-0.04076809741216199,-0.0172311124951924,-1.788232199733971,,,,0.3510522701174119,0.01676049630168878,0.16997803727994001,-0.01787197916701133,0.1666210351107893,0.07288344260990694,0.009637258923669845,-0.052637405221659495,0.15640979643321784,0.004318825429608338,-0.011049656584547507,-0.052689592015770906,-1.144632417124018,-0.06949045052949221,-0.463759389336157,1.6067540382469503,-2.8072319162434884,-1.6060868049970833,-1.0295285728298385,-0.9439721133698482,-1.1442586634195517,-0.0705333868095932,-0.46408140591386654,1.6065930299580955,-1.2953925893575051,-3.1900438950220535,-2.119105761074255,-0.7744854624578422,-1.2928070674590173,-2.788759194418427,-1.869320627080489,-0.6502007875281095,-1.1789209216594325,-2.8152780309597873,-1.8417802709541617,-0.8070544872666943,-1.1281995990275118,-3.7706857217746106,-2.391771982691092,-1.094062458572225,-1.6123275075049275,1.0011426486288693,0.3577210903097664,0.3599683834383728,-0.9839003172268935,255.87198817445474,153.3409507298041,76.78537256000655,-0.14152278409996366,-0.07819164717130382,-0.0339177074262782,-0.006751481891062705,-0.06511303426748782,0.10595469710572265,0.14818400447940147,0.0909471424185441,0.1385728689435446,0.09446819154914765,0.006512238188664465,,0.2941629706544815,0.06036786533501822,-0.00030913708271720355,,-8.516298385355537,-3.191179202443457,-1.9758299290388834,-1.0069090786351897,0.42571534649871556,0.16083574678442406,0.1266253346352993,0.05653819327420927,-2.2158917767548045,,,,0.4275898076761875,-0.035888588841968695,0.12424514663074186,0.06212257331537093,6.500018942300506,1.101909164977768,0.2756589258781076,-0.18508555167061683,-1.8485875876825832,-1.2538340250985074,-1.7921693649813641,3.4657760127875243
2011,16518827000,15264257000,1254570000,0.0759,25034000.0,604179000,22051000.0,651264000,15915521000,3132000.0,97693000.0,319179000,898059000.0,0.0543,578734000,0.035,-97547000,481187000,0.0291,98229000,381063000,0.0231,1.78,1.73,214502000,220719000,888611000.0,0.0,888611000.0,1134781000.0,2227339000.0,884629000.0,5135360000.0,1641335000.0,36199000.0,89106000.0,125305000.0,0.0,74989000.0,80951000.0,1922580000.0,0.0,7057940000.0,2885168000.0,74160000.0,32987000.0,0.0,930560000.0,3889888000.0,1112594000.0,0.0,104212000.0,67423000.0,1284229000.0,0.0,0.0,5174117000.0,0.0,225000.0,441793000.0,194706000.0,1230396000.0,1867120000.0,7041237000.0,16703000.0,7057940000.0,381063000,319179000,2266000.0,76230000.0,196628000.0,48232000.0,-158545000,0.0,1245472000.0,-147357000,828009000,-458989000.0,3985000.0,0.0,5800000.0,22926000.0,-426278000,-7586754000.0,0.0,-209989000.0,-60411000.0,7589432000,-267722000,10273000.0,144282000,888611000.0,744329000,369020000,20.26,20.205,17.545,79575000.0,0.29,1.62,19.165000000000003,0.204138931434141,0.0,-94561000.0,291269944.62859553,6932635000.0,331212000,578880000.0,996312000.0,1867120000.0,1741815000.0,1741815000.0,0.022339358599735924,0.4815825342547646,0.0015154829092888982,0.0013349010798405965,-0.005724437939812555,0.019322134676996134,0.035043650496491066,0.02005057623038246,0.06031372566587204,1.1253252789709953,0.03942555969621814,77.0101304416742,2.698035449552918,1.720356919749,-2.1397889063971434,8.704440984233248,-0.28163373768076755,1186754000.0,0.6356067097990488,0.7487743879523473,888611000.0,0.7487743879523473,298143000.0,298143000.0,1245472000.0,1.3201819692495003,0.21604195287884895,0.1730377227691924,0.1259023171066912,2.083362611937101,0.5511364505790641,5.925501315345009,0.2716589783561892,0.22844128159988153,0.17646395407158463,0.1819552163945854,0.16814452942359953,0.042242212316908334,0.6356067097990488,2.771175393118814,0.1596806846908608,0.264541778479273,3.780121256266335,2.9705318877148263,0.33198598310356003,0.7487743879523473,0.192556913575785,0.3316753460831175,5.761444403986821,0.08231950345227401,16470595000.0,inf,2.6145597971988885,0.20409132782038647,460591859.65539384,3151349000.0,0.14615704565105098,3168052000.0,0.18272427346520828,0.3144872622040295,2.340460105923258,6.853135961791177,342.48687593299053,18.5894919149099,0.1777529987503436,0.18096582324036964,0.09242706683029887,0.10454752636636015,0.09193976128819714,0.08201826595295511,0.08350071798096972,0.06525868166283559,0.2187735207240723,0.5336089806761215,0.8625374326890648,0.0035469272903991818,0.013407815244869102,0.0650315814529452,0.2796437046672373,0.06259517649625812,0.31557919166215637,0.006833722020872946,1.158532841026287,0.40533846403988943,0.1665569856768876,0.23188311552237462,0.09793586348142425,0.10617619412238857,0.2508663314193478,0.23046581746285666,0.0941037094625039,0.10565267226932895,0.2569647583156446,0.24939251740786172,0.1582179602317967,0.1209901476522767,0.20048946240369475,0.013351134846461887,0.0456603515011792,0.010292168824942749,-0.03510196550224069,-0.10863450240341821,-0.08411998965570082,-0.061106548088240766,0.23212837008835926,0.024487145139027833,0.07433785165507449,0.10177413623316274,0.23683681474178142,-0.5636748585223,-0.034350871469868295,0.07481813846530376,0.7647993222626287,-0.02558048719180206,0.05573414126015067,0.08747134620267019,0.2402031818406371,0.21737600304980376,0.09193239847458545,0.10455298886382267,0.2555399422692692,0.05953991880920162,inf,,,0.23399605901374287,inf,,,0.12671029779302745,0.05121343836106781,0.10428777495592956,0.2180403403626947,0.4729063716236497,-1.3162874410374183,-0.7721067355148856,-0.2782893740425042,0.19867549668874185,-1.4074716445394262,-0.8613875952824076,-0.5000033249540159,0.7667706660642435,-1.737894907645102,-1.0159010581197743,-0.1499837438429594,0.43442622950819687,-1.9443701902977344,-1.174982169148865,-0.47518408880155383,0.21479719548188636,0.022794397673093953,0.8767648529184994,-1.0895895366553083,0.9460219115369217,-2.5647476357573646,-1.5222424780235122,-0.352430754235922,0.5815217391304348,-2.8747672226469483,-1.7350601794044533,-0.7162668029943859,0.2840224310793322,1.7216384330209198,0.938361793865551,-0.15729978028030478,1.256947405828003,-3.196859753893401,-1.863439553796099,-0.6569319929742041,0.8333333333333333,-3.596094633105666,-2.1326567798633995,-1.0159168777405283,1.2531645569620253,-3.182897873461535,-1.8574883724594808,-0.6931415624945385,1.217948717948718,-3.194044420154544,-1.8540889897550639,-0.6837886439592514,0.0007931620103391879,0.01487218409116009,0.006887447933787838,0.032894052481993244,0.014347624277908144,0.02320821733179394,0.007898866239492385,0.03139435767712277,0.19384170172061022,0.058993496090117205,0.03991198497670778,0.32127882847742606,,,,,0.19384170172061022,0.058993496090117205,0.03991198497670778,0.26386811704976926,-0.21407472509815573,-0.07882310223176885,-0.018457638973322466,0.22627710707147503,0.06360812459559684,0.19104365230357923,0.1263184532212616,0.35197173136308957,1.3801143472119457,0.5153472962314388,0.519974958192815,0.4972388043972333,0.10342504047040646,0.08583432181587931,0.07660582325157579,0.2875599415981897,0.13086953765764187,0.05791463061868215,0.11158786202828408,0.19903051177443087,0.27214900720435775,-0.1908806152118461,0.05437111024540651,,-0.14414146168105813,-0.19716110073722995,0.08077708107603616,,-0.05478697724941162,-0.36186232418326075,-0.044750101752076124,,,,,,0.36093718807281183,-0.07012135819969534,0.2916000596501345,,0.08414581882466377,0.15561199884547308,1.3598535724122829,0.8510696277281881,0.12186932706396392,-0.08886293373335497,0.0702096366669757,0.2409125962120222,,,,,0.10838888542525327,0.02067937204442068,0.06847052145362495,0.26568508081153963,0.052320825000665705,0.11347085997741657,0.06916975535744643,0.3489968054928526,-0.5574281178759415,-0.3257949000907165,1.0845855807403504,13.794052335970367,0.7148575587440216,inf,,,,,,,0.33722475854626244,0.1955571827058051,0.1869121749451313,0.34598764317216607,0.07897371943767495,0.10084444715041603,0.08573927235856922,0.37456419805705676,0.0919238809339209,0.0058941988299799535,0.3545032175587661,1.491725789050116,,,,,70.28043775649795,23.024802963139877,13.901106678135761,,-0.5487353506147554,-0.18958270814690317,0.07408669432499548,1.4840784620361354,0.09781834688122171,0.00809353021620777,0.31074345448395035,0.8620533277162397,,,,,,,,,0.08359038528997531,0.07169411294093937,0.11383546084927569,0.33841430547814044,,,,,0.022727272727272707,0.015284827700431602,0.01294895259808242,0.10710285023983353,2.582986626440557,-2.809516921689307,-1.6689886806315624,-0.6679746852022158,0.595140174665334,-0.04388209930038989,0.22857485143113315,0.3699050950760588,-0.07659886480730016,0.009268891840731616,0.030794681008613045,0.17830062907571645,0.1831847740813639,-0.06293068791924428,-0.0024856382433628755,0.19449311035341946,0.10832893516328679,0.020201559223573657,0.06793596575455121,0.2654178029620028,0.13425234279505638,0.38168694515630014,inf,,0.10838888542525327,0.02067937204442068,0.06847052145362495,0.26568508081153963,1.256947405828003,-3.196859753893401,-1.863439553796099,-0.6569319929742041,0.12671029779302745,0.05121343836106781,0.10428777495592956,0.2180403403626947,-0.02788502788502789,-1.1743172532116903,-1.382870700550272,-0.9079364513492051,-0.27128640939116133,inf,,,2.3934143310782825,-0.14145900344381004,-0.32908326900689006,1.6193686209369873,-1.1951661655869512,inf,,,-0.8364416081737416,-5.511431631105683,-3.8039963163953674,-1.6682366127619173,,,,,0.1874711587233182,0.05126101457147636,0.09212973231381624,0.403787953551303,-0.2227924345193515,-2.1169800507092353,-1.8193041419926863,-0.22576129088795316,0.9372710044219836,0.352441196259782,0.3414753613298463,0.6419613041668983,0.15200853360105415,0.12708390692451613,0.11557827850867639,,-1.146831245394252,1.141303501195144,1.2260431189509664,-inf,,,,,inf,,,,-2.560441056357201,-1.6888797752929658,-1.165936995131335,-0.855147501493789,-0.03175190854432752,0.08350652107145858,0.22822522684489588,0.3184117367194165,0.7083766990308751,-inf,,,-1.0,-0.823548298696465,-0.7247651419690222,0.01263213634924285,37.14514078110808,,,,0.009053099266732367,0.010012758222884388,0.5851341152371834,,0.7227480136976663,10.470071445196366,15.529755004856204,6.232802011435089,1.669744714798564,-0.6406293777788719,-2.8645949612887636,-1.7816993788387407,-1.5459715136054422,-2.2585764083671354,-1.1847028408470013,,-2.0935176553511745,-1.4748736707632535,-0.5068805780635275,-0.8807819286255327,0.19384170172061022,0.058993496090117205,0.03991198497670778,0.32127882847742606,-0.15057310971935656,0.049279074388935605,-0.004511127366394252,0.7269426483772086,11.731412799723994,4.468438604863674,2.014773914788034,1.2735879309271056,0.3435013262599471,0.27968961785354673,0.023386438344107717,0.08188534984342613,0.3642808912896689,0.2705811427866009,0.02405087428470467,0.07131090584190189,0.3864085341762151,0.30068263978830156,0.04460837494174179,0.08202389552494858,-0.06942232263768344,0.06710760481387028,0.13341447426596692,0.16542065692981583,0.03571428571428559,0.011904761904761862,0.07380952380952381,,0.21804511278195493,0.28278271436166175,0.5506220095693781,,0.3703968537718987,0.28970084110766287,0.04643408663367961,0.08383939482675244,-0.3401808975186502,-1.7582231696319635,-1.1455551466591323,-0.8711415301908051,,,,,0.2407626095627986,-inf,,,-12.33808764837205,-4.069340025566505,-3.107893263470073,-1.2877456582019478,0.11185821609932933,0.07301894470407784,0.08506982353701334,0.2568440600545018,1.5259834352740196,-1.0203461226995538,-0.6762357553441275,-0.5909989306221034,0.7733392559008685,-2.4838031114666,-1.4736757634490534,-0.32814739694869255,0.6821269202911397,-0.9829245885980261,0.966261840564479,0.8427236672694425,0.1831847740813639,-0.06293068791924428,-0.0024856382433628755,0.19449311035341946,0.20500969229555888,0.07783603749036701,0.035652182544691824,0.17720933846624523,0.20500969229555888,0.07783603749036701,0.035652182544691824,0.17720933846624523,9.334919473529187,3.776284818881637,1.6274553470893067,0.9408799251231283,-0.18001178103375326,-0.03672147161447573,0.007360602985655618,0.044404318677932555,-0.27642039543775854,-0.1582462512041148,-0.14680124384315005,-0.0021157086171042284,-0.6458063788846735,-0.10553436818946449,-0.017378923105638,0.47483924122720955,0.007208065382614537,-inf,,,-0.08537564676722509,-0.02806343370587483,0.007856163839369601,-0.01272844496592842,0.4395353208075199,-2.763331260342935,-1.6679591457696765,-0.6834681470415693,1.0505057691312603,-1.1190633752438093,-0.7592897949323499,-0.7358869253602767,0.36549230937209587,-1.0895188659261479,0.8170336780128586,0.5057523309098511,-0.4484742521909372,-2.023847332142202,-1.132791804946539,-0.07543649701310255,-0.20900002562743158,-0.02626909466228337,-0.011065287502793253,0.0029623380168724346,0.2309068070047906,0.08198517906969845,0.09936044399988035,0.20755028634808292,0.7653704412960318,-1.724190359486084,-1.0070087639469787,-0.17860525415905162,11.721322729813444,4.453915780775118,2.004469620115807,1.2374645800151707,0.1510955283576898,0.10882961642391131,0.10684900096082935,,0.18224706062604024,-0.07724761566543585,-0.008898570978462028,0.1459563245611702,0.008253390980211162,-0.004534272191133448,0.5887527013694187,,0.00021744700361403524,-0.0457274325673143,0.4316334419131646,1.2539729632261258,-0.15463969033899005,0.14175741839564335,0.48329705885340013,1.0719650574502932,0.19358216085616475,0.11166630147425231,-0.064854586906205,0.2301382474324217,0.19384170172061022,0.058993496090117205,0.03991198497670778,0.26386811704976926,0.19358216085616475,0.11166630147425231,-0.064854586906205,0.15848896307786245,-0.3257230865261316,-0.16358361737581043,-0.6135450544447988,0.30463977035863277,-0.3257230865261316,-0.16358361737581043,-0.6135450544447988,0.30463977035863277,0.1874711587233182,0.05126101457147636,0.09212973231381624,0.2600536116184745,0.022661646518577605,-0.008792795050245697,-0.003671386781299213,-0.004156054257321584,-0.21442392000091648,-0.0439154236402803,-0.042782734796791774,0.008358654104356988,0.08194182471303857,0.009759186864678507,-0.01564598299304678,-0.011384004731953857,0.07709642113793969,0.09521715602418072,0.013156389029982863,0.007591100934089767,-0.08807673740105337,0.26677520755316847,0.15136951018512232,0.2095695986265734,-0.02653866921111603,0.08660641776563294,0.024763083954460564,0.08177117754006046,0.4370704370953904,-0.681246554748116,-0.40874793284886957,-0.20437396642443478,0.5017401897631202,-1.0143018752417017,0.33474746174615255,0.43768683337822933,0.10646040789835043,0.008563093361443563,-0.011295624595757458,-0.0033430935015370533,0.07134885087531684,0.05193191366673403,0.039271699673579796,-0.0017841435331316102,-0.009536850001861885,0.019594832619299247,0.22909546153878804,0.5656839822399026,-0.09759339871054129,-0.03429077466134026,0.3256443262600251,0.8997701339049918,-0.391660343819516,-0.18888534148391975,-0.605445041667046,0.05213639172307287,-0.15463969033899005,0.14175741839564335,0.48329705885340013,1.0719650574502932,-0.08417483978249696,0.24608513798862328,0.1809610885415009,0.18434478659320527,-0.43011697898379087,-0.05704365195614466,-0.550502236085288,0.05000318038329521,0.06748162999434437,-0.10514308971700337,-0.08099678776928225,-0.06899225398223416,-0.06321572952473375,0.15225758917213753,0.1108376718200148,0.09451046828698535,-0.10076209990832374,-0.003124880817529966,0.12055695707716503,0.2119583116189457,-0.5422133229482988,-1.4107262409763808,-1.490505319435518,-0.4484908232745358,0.19358216085616475,0.11166630147425231,-0.064854586906205,0.15848896307786245,0.5523641988028458,-1.0196102251898418,0.7262961304158327,0.5467931712279761,10.659615676538586,4.183550042343325,1.9622635600247542,0.7427924731083353,-0.264318217256752,-1.3857339638220243,-0.7469172479733801,-0.15615944715424385,0.23372778860283594,inf,,,0.20605879496305946,0.09769353639203167,0.10603079786875302,0.25079363329252996,,,,,-0.25468935787007385,0.8339711750645584,1.3101317443950988,0.7200408167912402,0.9075189735942288,-5.897348831130557,-3.525864122160564,-1.6659081486615697,1.0360207262918046,-2.0590613112498857,-1.1759920645909765,-0.347786898816724,0.14684296469199332,-0.04876064166691596,0.05528359905211282,0.2322760487047689,0.775326517208585,-3.001354631726914,-1.821082563424436,-0.8374426494732645,0.1467758499051428,-0.04768137648820888,0.05638580652157523,0.2328271524395001,0.546369550812875,-3.559604047864626,-2.191028079399154,-0.8665499567426277,0.46683148274379804,-1.2081169767293554,0.4965285644736662,0.36585283785367895,0.11141778099817423,0.09295492808392951,0.047789077461065047,0.018481783079200276,0.15687891903862838,-0.011033905946422692,0.03537395146791489,-0.003687962101945219,-7.311970683123051,-3.366734294285674,,,0.03186470513380257,0.06312890752128127,0.09555369067721561,0.053472378901856854,0.12721494579811687,0.12972417014978502,0.051697816354482715,-0.020386821217627006,0.12369769752751059,0.06709376839198622,0.02692516156390399,-0.020790732838799043,-10.88634712636277,-3.191307578788331,-2.534569667810741,-1.1439226669788694,1.2026827958427622,-1.2164239850372585,-0.8520154214674118,-0.7941748461646687,-10.886925722502697,-3.192409468178839,-2.5350074036164356,-1.1441415348817168,0.5999251519203885,-3.1530361290370714,-1.9218575364200619,-0.7118137159280356,0.5949329062136868,-2.7423554529777063,-1.6753345985422499,-0.5880282655689729,0.8369191112112684,-2.650813291292734,-1.5848521259472512,-0.7128292510308591,0.8729703339800439,-3.6479759833572003,-2.1658330584097225,-0.9799512358479643,0.4216941910845322,-1.3342325468401928,0.5623138674853292,0.41070385025149686,-0.3700932654414846,255.51232942617187,153.3369959191285,76.74241673601605,-0.19580076152189718,-0.08066546230754534,-0.10723241266141177,0.011945668094754702,-0.24663880306552588,0.08521399785814632,0.009636684148718965,0.11717909825787103,0.039354101028417965,0.10764710083166092,0.050200508303935985,,0.018692691985670917,0.06267036338485472,0.00862959825830929,,2.232607863138108,-2.4328858565982636,-1.4938873532518882,-0.7704778121209407,-0.0404016689615897,0.1487628413036717,0.0510810233734015,0.0635050154621338,-1.176080947899502,inf,,,-0.14473551596623535,-0.019086164584878107,0.07723922920440177,0.047649021718747395,-1.2138077412228607,1.5121581261272266,0.6562600275083079,-0.44630277439103383,-2.848097520471815,-2.10321987610596,-1.9108795261795706,-1.1333212803630555
2012,17151941000,15842896000,1309045000,0.0763,25837000.0,644452000,16825000.0,687114000,16530010000,2041000.0,106129000.0,353492000,968521000.0,0.0564,621931000,0.0363,-113031000,508900000,0.0297,112811000,394687000,0.023,1.91,1.87,206160000,211181000,1217256000.0,0.0,1217256000.0,1135964000.0,2268949000.0,1017159000.0,5639328000.0,1779155000.0,95018000.0,119053000.0,214071000.0,0.0,73411000.0,97176000.0,2163813000.0,0.0,7803141000.0,2992865000.0,18031000.0,35665000.0,0.0,848100000.0,3858996000.0,1658326000.0,0.0,24245000.0,154239000.0,1836810000.0,0.0,0.0,5695806000.0,0.0,232000.0,766934000.0,106275000.0,1231616000.0,2105057000.0,7800863000.0,2278000.0,7803141000.0,394687000,353492000,0.0,81405000.0,534860000.0,-22626000.0,-53268000,21955000.0,1780332000.0,-730218000,634226000,-497697000.0,-125098000.0,0.0,0.0,16925000.0,-605870000,-8748420000.0,0.0,-70991000.0,-65240000.0,9202009000,317358000,-17069000.0,328645000,1217256000.0,888611000,136529000,21.05,21.015,18.605,65296200.0,0.32,1.94,20.545,0.22167616427588918,0.0,-104088000.0,53926269.63843584,7589070000.0,311101000,615029000.0,1397472000.0,2105057000.0,1890986000.0,1890986000.0,0.007959973742913412,0.49230698715475785,0.0015063601256557495,0.000980938542174323,-0.006068584307746861,0.020609445893033332,0.03585769097503309,0.01813794718626889,0.08147602653250731,1.1048074464852211,0.04006042231605158,83.19723030655801,3.0167394256887854,0.6622477687233217,-2.41412980209546,10.210792588280947,-0.316453240201785,1676357000.0,0.796347557334552,0.7261317249249414,1217256000.0,0.7261317249249414,459101000.0,459101000.0,1780332000.0,1.4613459044787815,0.32129652375902956,0.21585125036174524,0.155995643292874,1.8332026163662076,0.4945439278875007,5.79510784045831,0.37903952219696524,0.3154333406927605,0.2281558157157483,0.23539367031814495,0.2148310532899508,0.058835409997076815,0.796347557334552,2.7057728128026937,0.2180943318874501,0.2697704680717675,3.706854968772817,3.012082585487148,0.47402276254206155,0.7261317249249414,0.24535105303797214,0.0823294092958803,5.880931853826608,0.06330930702708314,17174567000.0,-inf,3.5407094735828646,0.18749468541706946,484063721.47573197,3941867000.0,0.12280062251611533,3944145000.0,0.1559346829287463,0.3543155740978083,2.1980816443019546,6.982482197704752,-758.0633342172722,14.09066046912071,0.1677587269024102,0.1724908322100073,0.013680387907160703,0.07887666401716975,0.013672486594289978,0.0788181323392721,0.08104141877726784,0.06203447066709828,0.20872021262981322,0.6638642089026567,0.5146296813024328,0.0033111025419122887,0.012273776909603873,0.0637816233232233,0.2797378530819406,0.09828529306339588,0.29077380506132083,-0.0028996015835161763,1.1652955379832628,0.0421229189402984,0.005937919776649138,0.03832681339903865,0.13927668577795008,0.07438599290907018,0.17680964616424089,0.03790810125903943,0.1332168750790935,0.0715942690572247,0.1802415502771665,0.04342125190304258,0.2299191166884468,0.11735121853229691,0.14738475103863874,0.005270092226614009,0.07883580197828814,0.03389652284073532,-0.02306353272949142,0.032076376128465256,-0.016198096311237847,-0.06273130145439905,0.21731161745730337,0.0666573978903604,0.09342463170319171,0.0576727909243925,0.17965440638266933,-0.2369960546006984,-0.057487080473219154,-0.013891766037042074,0.6315612552640972,0.05504680129716988,0.07841299665399575,0.0458488175722086,0.18334675085924296,0.0386094178129639,0.13028219941177163,0.07014672085211818,0.1797305059106054,-0.3483397190293742,-0.29691297766563435,,,0.08635214396118451,0.09430406235720394,,,0.10750393979553796,0.06812496330801154,0.0827742782145698,0.1514032343422485,0.07846032387627089,-0.47169249363081334,-0.7146641558126683,-0.3300510142891483,0.03867403314917128,-0.5343652463929282,-0.7860128859761744,-0.48580872327509067,0.07464050842010317,-0.1728239907350769,-0.9514557795136629,-0.1933100612729038,0.03714285714285692,-0.28055099764605446,-1.0929773265338532,-0.456172352662339,0.15873373860805562,0.07312967399481163,0.06092907113319061,-0.986657339265091,0.057592993991940844,-0.08079645153462534,-1.3946921444750395,-0.3991417057327853,0.020618556701030855,-0.2039377308468758,-1.6012561027674432,-0.700001217051686,0.14844903236315132,-0.030688607016103948,1.0974189061898596,-0.181847808436921,0.035752618333451336,0.049266451241838816,-1.745320017620139,-0.7125348732173616,-0.0043290043290042934,-0.09912493613596925,-2.0085225807292,-1.0058464958977176,0.07303370786516838,0.06195951633967437,-1.7340208713927765,-0.7254933641218149,0.08092485549132955,0.05344335218871928,-1.728813109565889,-0.7149818726958329,-0.038890080278971784,-0.0008955441258916933,0.0026135516776203183,0.014611986041000068,-0.04321331647932436,0.007439129385098424,0.00449568727598848,0.012535215010956969,0.3698412466197245,0.13770327954032605,0.1423040343014283,0.16107809398446898,,,,,0.3698412466197245,0.13770327954032605,0.1423040343014283,0.16107809398446898,0.0010424918993179322,-0.0336653244885932,-0.02881710106318347,0.0975554594985022,0.018681484946835747,0.263159908804338,0.14083949652052516,0.20446755609798198,0.14981421590293786,0.6263599624368309,0.4050100484407018,0.4306498556171567,0.09813683948155538,0.15577747046104914,0.09692208055020517,0.1614032224165613,0.08396823317604274,0.08943491479406118,0.07231134661522527,0.12050592242897436,1.6248791403077432,0.676596962121868,0.20949164275564258,,0.3360828675958971,-0.004773597394085967,-0.015275950271772398,inf,0.7083995052072942,0.16728047956226444,-0.07215381884951337,inf,,,,,-0.02104308631932683,0.14972291933512413,0.10098191611135328,,0.20042988968635345,0.19557590293001495,1.489699511555405,0.7363666707508774,0.12547358237368544,0.09721415738394794,-0.008134255094256892,0.16388002656477535,,,,,0.10558335718354073,0.13713309645444438,0.056935822626110764,0.15704150494088537,0.037327808987206224,0.16811925013526796,0.0972777935781823,0.2270892521720517,-0.7568635382955771,-0.48872609383455695,-0.4392441497824448,13.717968391779362,0.08118349652893575,0.4739797065600078,,,,,,,-0.08861330811554335,0.17102596982297236,0.12877803268690477,0.28589151506331445,-0.007941616828042397,0.13775943830096585,0.06271613197292547,0.2645877510054496,0.49050417313053996,0.18837437940872212,0.1907908720449596,1.565701131288095,,,,,-0.7673492496065712,22.95433890073338,13.599000580444883,,1.2876318170357295,0.24840247355832493,0.33208812918339575,1.5590521700554976,0.43028229388995265,0.17050696189762607,0.18676805579106348,0.8780203326154389,,,,,,,,,0.10082667245444976,0.1388419683343852,0.08740265704579134,0.24897470011755712,,,,,0.03111111111111109,0.022554422877003526,0.01822330752172645,0.020213961350944644,0.7359577901868068,-2.2270915204916086,-1.5245511580859195,-0.6535191000686955,-0.45417706696249727,-0.07978158443764738,0.0354335956281089,0.2434887988170446,0.0009915506877460345,-0.0036877666094271935,0.016852946400492463,0.016097136875232766,0.12743530142679638,0.13672652258222237,0.010054703372284179,0.07451714617583526,0.1078824644022065,0.1374998493178973,0.0571819469501893,0.15700413781321507,-0.8636173142549243,0.10088275846696741,0.026848483095594133,,0.10558335718354073,0.13713309645444438,0.056935822626110764,0.15704150494088537,0.035752618333451336,0.049266451241838816,-1.745320017620139,-0.7125348732173616,0.10750393979553796,0.06812496330801154,0.0827742782145698,0.1514032343422485,-1.0,-0.6683719323719325,-0.6849549385007715,-1.2072625383057267,0.06788665879574962,0.39089115961997,,,1.7201619301421975,0.8458583296055768,-0.21620479772787088,-0.505490186048793,-1.4691076463758501,-1.7067385037918121,,,-0.6640196789555015,-1.9719570903541654,-3.6670531876427654,-2.0083447210083447,inf,,,,0.42944361655661467,0.2251303026961636,0.23983830380916774,0.29880560353869057,3.955434760479651,0.8652402607515711,-1.0171151272963979,-0.4660342210899879,-0.23403489575596403,0.15671785459804807,0.4126073168828769,0.6855512908261574,0.08433317574059518,0.1998998857718537,0.11648770632887193,,-32.392220828105394,-9.346669975968593,-5.978571210931059,11.646365252052714,,,,,-1.0,,,,-0.26175521242257693,-1.7523673404315574,-1.1535564628316568,-0.9926230227360469,0.42130253027367126,0.30932314047161696,0.007337099464892338,0.2675758394312358,0.1531176574329416,0.2882063295663056,,,,,,,-0.6619299106143655,-inf,,,0.07993577328632195,0.03126296646878379,0.02557095013679045,,0.21247663856794552,0.32124280106716907,6.160731402184759,6.290920238966206,-2.185401274456339,-0.33459890116571084,-0.9954106740188085,-2.225891984048034,-2.66153995911613,-1.9588178174145856,-2.1357829535523405,,1.2777962601017454,-1.030798525635253,-1.0282006578363185,-0.8868730208474025,0.3698412466197245,0.13770327954032605,0.1423040343014283,0.16107809398446898,0.19384170172061022,0.058993496090117205,0.03991198497670778,0.3010930523155034,-0.6300227629938757,3.403579366064299,2.229340315461397,1.39333331817912,0.03899308983218153,0.41550802744892135,0.0875389941831515,0.0028401165731231524,0.04008908685968837,0.37349219433870046,0.075888524058877,-0.00792625877055857,0.06041607295525786,0.4010812534990637,0.09924195481948808,0.0048526067671114,-0.1794382657869934,0.026186466204453085,0.07664533651220225,0.12057196543905166,0.10344827586206917,0.04638752052545159,0.027832512315270952,,0.19753086419753085,0.22741421454871746,0.3234615157422175,,0.07200626141403599,0.37884262935028823,0.10053702788336552,0.00782712491479307,0.08590832095839596,-1.0623381241279504,-1.0966101226745526,-0.8539737334567679,,,,,0.10074978056492645,0.12003447580111877,,,-0.8148581045421683,-4.768121657390586,-2.9302939311063683,-1.1864838051047633,0.09468766205057677,0.1381821169580968,0.09125263199882172,0.14711091467055107,-0.06071941837856121,-0.4772244422268286,-0.5750614787747692,-0.6364693272060963,0.062446448313985714,-0.17264179056422643,-1.3451547390361718,-0.3743730030133513,0.40264495459253724,-0.19617288278403722,1.1644981682068898,0.7266505421499181,0.12743530142679638,0.13672652258222237,0.010054703372284179,0.07451714617583526,0.08564112721500283,0.14030826496609516,0.10680919406136587,0.05305395686748169,0.08564112721500283,0.14030826496609516,0.10680919406136587,0.05305395686748169,-0.6436793962827784,2.5955075102318568,1.816128268853452,1.0230283485216458,0.022269189883700857,-0.10216869998468303,-0.030677052893675637,0.042565540486964835,-0.006019720563809838,-0.1289016119180073,-0.12176605215091048,0.030935245016783307,-0.2651601253544127,-0.1640653090974673,-0.07196040450062417,0.4305317802487008,0.06011880494691413,-0.015035003970995072,,,0.06662365404014081,-0.05779486186300816,0.018208551261858764,-0.005783956687109048,0.02322932876594952,-0.2818160102896101,-1.5334459291683704,-0.6668559307831163,-0.09539022829754784,-0.5659386191559955,-0.6507669432442558,-0.7237883918899387,0.3508703969618936,-0.29010714314704517,1.018474617996687,0.4967399084035775,-0.018232801545643662,-1.60572104359798,-1.2722001269274312,-0.08493317366623387,0.016102818190158574,-0.04740830363765417,-0.018849959894817015,0.013301784361642,0.08034137625009974,0.13987350999853568,0.07170293360091304,0.16007729000643467,0.11812445836791308,-0.1546935008868846,-0.9365502622500784,-0.19861056926315648,-0.6150521085938704,3.403959685917411,2.224536959751412,1.3482956321242792,0.1282093270406921,0.19867898122809727,0.11268248452635103,,0.17305552496435128,0.13908597843083811,0.00896832700857828,0.05982340137679286,0.12363398933577141,0.03410799002882037,0.02409875602017193,,0.41255643545334575,0.12464299661366296,0.0720638300245456,1.3151012029253064,0.2528935661902034,-0.009206233110445475,0.1308320595699269,1.1628235194507972,-0.030239633448636227,0.015699612206048357,0.07565369130847217,-0.04377612904192528,0.3698412466197245,0.13770327954032605,0.1423040343014283,0.16107809398446898,-0.030239633448636227,0.015699612206048357,0.07565369130847217,-0.04377612904192528,0.5398684523869419,0.14954727151136274,0.00912819387342283,0.15190383333926238,0.5398684523869419,0.14954727151136274,0.00912819387342283,0.15190383333926238,0.42944361655661467,0.2251303026961636,0.23983830380916774,0.13256040034531452,0.10692763461201515,0.02420446164461983,0.03769627910198081,-0.0062694028020921725,0.48719505391253715,0.10608125217376459,0.0996885953759403,0.015008357250658622,0.2474230873325809,0.00014661915157661762,0.06166940669212553,0.011746345659479195,0.23902122596108644,0.008498127770880584,0.11346423237048087,0.02210816115134644,-0.12007511037087104,0.004186943379794306,0.11938244852907656,0.20767607009886277,-0.10268332394292412,-0.0027600134043863633,0.013868789405473647,0.07607380264681013,-0.022005475646258876,-0.3174675457767535,-0.41314902797812136,-0.20657451398906068,0.39527699209699096,-0.23180926333913932,0.5027350814586672,0.45467183250850385,0.38080708742147107,0.04003578143302463,0.10989811227876141,0.020113115702069174,0.2929315616672301,0.08274639234209617,0.17907070234360958,0.004135283377125254,0.2936901452040468,0.0351436968147274,0.13534740205563645,0.6370876151773086,0.2776571085981385,-0.005750881460971173,0.029207454605686144,0.9909816909869917,0.3928108110362085,0.010702670804209244,-0.0563497143351557,0.05149041651837412,0.2528935661902034,-0.009206233110445475,0.1308320595699269,1.1628235194507972,-0.023601025210646442,0.004257274460643982,0.1446354003673618,0.19624959205125056,0.3658153602589891,0.019472495319874532,0.018227313634515685,0.05478536579872961,0.019765080671007018,0.001838390793250248,-0.06010456205971364,-0.0731824725797258,-0.01938199399610896,0.0021361413763532435,0.08845462335968908,0.09838079935481044,0.013987628930752116,0.001107679989928001,-0.014517802584465288,0.22762198249113083,0.4278396880213897,-0.7972443088925859,-0.8072115280054406,-0.497879810318258,-0.030239633448636227,0.015699612206048357,0.07565369130847217,-0.04377612904192528,0.27417420897437084,-0.23997178702908384,0.9143886489755978,0.5457349000482005,-0.7517771210066104,3.006370732670969,2.072818512497855,0.8778346488581417,0.020739148286687215,-0.8394892865355855,-0.8544268473188128,-0.1790934779418354,-0.23093186460013482,0.0014205800625518943,,,0.042741139588460486,0.14493315977039622,0.075123461893319,0.17717838065636532,,,,,0.354227766133407,1.2487014570240085,1.3961143289061644,0.6944253897700772,-0.08131968457730421,-0.10186045542993875,-3.4257461472502975,-1.642439261136623,0.05096021852817656,-0.04242126866842436,-1.125085794019647,-0.40028746710404634,0.25085066744432316,0.14820604007258117,0.062263955106240984,0.13254046788181692,-0.15980360735190935,-0.19637303951528184,-1.7840403809195902,-0.8235218164548452,0.2449748299585992,0.14712920019148648,0.06155035068563593,0.13250398786797574,-0.14661210592561402,-0.31240892405267734,-2.0892248146428116,-0.8490297829943037,0.1266452307627628,-0.34932472113727014,0.6543576960058344,0.3644986427417393,-0.06083353493655819,0.00299643196383396,0.02977310887587308,0.031245229184380253,0.018874021562497623,-0.053864285417276614,-0.016264080924251866,0.02581208950843448,-3.2134084179201996,-4.104537100259074,,,-0.24200938177233633,0.04696919782629272,-0.03197263754669348,0.06941328809166128,-0.05622561598508091,0.07920345497460841,0.05792793152855136,0.002163307187333252,-0.04683199776957525,0.07775849873038439,0.01796443520935207,0.002698757387711781,-0.8519872113622448,-4.294322251616344,-2.389361137862698,-1.092315309827022,-0.24554251297379726,-0.6166972111248411,-0.7722240264244571,-0.7807333912199674,-0.8512886437519477,-4.294157676558066,-2.389962905336685,-1.0924643209688398,-0.0390173283536448,-0.24482825526358712,-1.8018447722998832,-0.6852724383857947,-0.029452431825345182,-0.24244219769022524,-1.5601594217733876,-0.5605304983739021,-0.049406621672124285,-0.13046947737342948,-1.531664320668044,-0.6896655408400536,-0.04595303883662771,-0.10039410129469854,-2.097007974036083,-0.9529456837489498,0.24410239134561107,-0.3155103083582614,0.7338449056633503,0.424965336559184,-0.4033538003121644,-0.5857824609935142,153.36850349152212,76.70205751022317,-0.06648705461914128,-0.13460353341366738,-0.09937255153098998,0.05145418845795484,-0.08458039692180297,-0.13211074475160556,-0.0026710217340321753,0.158005758333266,-0.019220786297905468,0.052902061224685694,0.06070757787559109,,0.0003366727486868726,0.10439744512961309,0.04002659214788249,,0.5701735910796781,-1.9045056437125834,-1.3541512306225167,-0.6860602733026515,-0.07860273191709977,0.10223698187334203,0.07270056789491655,0.0418809881352178,-1.4243078039550954,-1.6054268428698009,,,0.00583729413400591,0.09623052861465269,-0.04931279767162711,0.04823275113214799,-0.8960796404060162,1.4633771868905427,0.23916802266088535,-0.11638345208895085,-0.9643490199314221,-1.8870113760286067,-1.5147897231397516,-1.295413233482822
2013,18336894000,16977032000,1359862000,0.0742,28468000.0,688752000,16154000.0,733374000,17710406000,1901000.0,121062000.0,418117000,925243000.0,0.0505,511438000,0.0279,-125374000,386064000,0.0211,15973000,371482000,0.0203,1.83,1.79,203096000,207815000,1011373000.0,0.0,1011373000.0,1294473000.0,2302155000.0,1212244000.0,5820245000.0,2395598000.0,436205000.0,304230000.0,740435000.0,0.0,94069000.0,103434000.0,3333536000.0,0.0,9153781000.0,3301235000.0,215536000.0,40332000.0,0.0,1347663000.0,4864434000.0,1690426000.0,0.0,73173000.0,170181000.0,1933780000.0,0.0,0.0,6798214000.0,0.0,238000.0,1071175000.0,81248000.0,1182626000.0,2335287000.0,9133501000.0,20280000.0,9153781000.0,371482000,418117000,-123165000.0,68383000.0,-824521000.0,750000.0,50229000,485972000.0,955811000.0,1303593000,1213889000,-736858000.0,-650054000.0,-3342000.0,0.0,15792000.0,-1374462000,-5586738000.0,0.0,-129262000.0,-67181000.0,5760188000,-22993000,-22317000.0,-205883000,1011373000.0,1217256000,477031000,20.14,20.165,18.14,49391400.0,0.32,2.26,20.4,0.041373969082846365,0.0,-119161000.0,360977815.4451076,8413346000.0,252993000,507126000.0,89061000.0,2335287000.0,1594852000.0,1594852000.0,0.02601482017619778,0.5064866876197732,0.0015524984765686054,0.0008809561750206987,-0.006498428796065462,0.022801953264276927,0.027656046874677903,0.013796938565495334,0.00485692942327092,1.4339450725210094,0.03999445053235297,90.28682987355734,2.5182081380233976,2.348795643439556,-3.6281266002284633,11.498439161775712,-0.3307844566116516,1905962000.0,0.8161575001273933,0.530636497474766,1011373000.0,0.530636497474766,894589000.0,894589000.0,955811000.0,1.196489663545646,0.20775757261790376,0.17376811457249652,0.11048691245726766,2.0830133512497606,0.5314125387094142,4.188977548694058,0.03211925580653371,0.2079117529398076,0.10441707093495027,0.21125478094789465,0.2082158181411594,0.09772890568389171,0.8161575001273933,2.911082877607763,0.3830745428720324,0.25511720238882707,3.919767035058218,4.262598661192387,0.9668692440796633,0.530636497474766,0.013100646728684917,0.28219573054366176,7.347490334971462,0.06351753077973223,18336144000.0,inf,0.2397451289699097,0.15907338155866924,490277780.0002072,4269067000.0,0.11484424582706414,4289347000.0,0.11822918500181963,0.020763300334526443,2.0032043589419497,7.374408760487456,24449.192,18.130693621443324,0.1485574103203911,0.16163153161655303,0.08455660579820078,0.05898170514066593,0.08415682280895147,0.055400713650457664,0.06027637517819902,0.05356013870117793,0.23292568840243483,0.038137068377462814,0.34679860900413095,0.0031099717155129666,0.01219036461043118,0.0804976653909461,0.30758833493766485,0.11701995055376571,0.25149771444171537,8.193335628195606e-05,1.180845909088462,0.1301403891990248,0.06709696803974739,0.06908565042288806,0.11309852644810044,0.08024401085323989,0.16201319920789325,0.07158640692964213,0.11332010855051274,0.07836112731523866,0.16438070829965737,0.038819903059100325,0.1105445574566682,0.11137900713150661,0.14129964223167277,-0.02752293577981657,-0.002967236235580225,0.022945642190067006,-0.016183254311445273,0.10183070789952398,0.008424193874857008,-0.02369057698782264,0.19424401662088667,0.06874057338638107,0.053295038805256434,0.07168230524839299,0.1478032062185007,-0.03988112927191678,-0.2801840141316384,-0.07598595965644402,0.5139167546717074,0.0673250726953607,0.03226379560024284,0.05791485955459652,0.15008781244871064,0.07140927319463208,0.10913156468579992,0.07716317728627047,0.1631391818909481,-0.06859382655560997,-0.11913120892526086,inf,,0.14070612179517372,0.15368477492336705,inf,,0.18281884738551368,0.13901102832469303,0.08879262045285101,0.11326002067839189,-0.04468462738546708,0.16889402270481782,-0.7830173253242904,-0.3375649882396501,-0.10460992907801414,0.044246533586633,-0.8576701659094244,-0.48087632963785226,-0.17766118749507587,0.22124999566309025,-1.0633410804020558,-0.1879900803399075,-0.23140495867768585,0.08005470932445598,-1.2054745344856066,-0.44252355087124473,0.10920013093753034,0.16091035500915743,0.06726341251297356,0.20880812837411664,-0.24137551581843186,0.25407979657014357,-1.575605085819717,-0.40139450160695167,-0.2895622895622896,0.10419266875639203,-1.7786490801604207,-0.6931714928306574,-0.858409197684623,-0.1419792447473798,0.8909910267482575,-0.23872887854543823,-0.05879342364962614,0.4113022001706094,-1.9227240133992756,-0.699786428039756,-0.11739130434782619,0.2372043415521676,-2.1820008415987653,-0.984578291369175,-0.041884816753926635,0.42810448269108897,-1.9035089458546728,-0.7062250556737506,-0.042780748663101664,0.418697608258982,-1.908797830727081,-0.6949009732031687,-0.014862242918121882,-0.01765305372891816,-0.001827154184722679,0.005959445113055783,-0.015938933900303542,-0.01493487536723992,0.0020944803231507823,0.0030591356280112447,-0.169136976938294,0.13151532380068023,0.07553695159035642,0.11660235578140088,,,,,-0.169136976938294,0.13151532380068023,0.07553695159035642,0.11660235578140088,0.13953699236947648,-0.024498413609787106,-0.019177964485302422,0.11053419429297658,0.01463496975912637,0.032308193100519654,0.12128948232333996,0.21557385337878543,0.19179400664006319,0.573907523251649,0.37753002224746357,0.43467953369630663,0.03208130472283233,0.07788106155826473,0.07754422193040514,0.16032033527871817,0.3464807731760302,0.18710618133657161,0.12083857964162388,0.1283913434471088,3.5907617504051865,1.8292632993057625,0.9285998090154782,,1.555416495174418,0.582452633696419,0.26000321211172506,0.3244999761416885,2.458829080071565,1.0374805360098158,0.4163283225458154,0.523451300929526,,,,,0.28140196973205645,0.20709869049518048,0.00999896176272872,,0.06439861694245486,0.11632477515115736,0.14633290063304552,0.8032721306766785,0.540584144748183,0.2626423513952774,0.0798937851843607,0.17358145237855468,,,,,0.17308927264033813,0.12902050508304405,0.06814214919142818,0.15753409362068144,0.10303505169795502,0.06422789522860899,0.0961550881234822,0.27138135543210307,10.9536354056902,3.213114583172894,1.843877433424495,14.813331932348385,0.130856582083275,0.3089658791187441,inf,,,,,,0.5890378493102228,0.27921643324698064,0.21741921786241897,0.32834289803300487,0.2605439342253788,0.11052534561167045,0.1110271317697169,0.31769514489765766,0.019356869517815012,0.20059497452742528,0.10550872782765897,0.22096881823987644,,,,,2.0180655805320686,23.843718029141147,14.065025044069026,,0.10335907260809529,0.28075184634302314,0.16444855304062306,0.29704037026634145,0.05279261328063334,0.1936310846839359,0.10147109956384186,0.20033389454670755,,,,,,,,,0.1935473223631563,0.12598812670252713,0.10189126672808484,0.2421943190063061,,,,,0.02586206896551735,0.02656681760130038,0.02056553263558465,0.019115957721180597,0.3966977601723225,1.2385473922665622,-1.4591790429417584,-0.6416171573465285,-0.23549282521759585,-0.03150990583825305,-0.16426323801625256,0.18398984046460115,-0.039777008418208304,-0.03846144084592081,-0.0021957564416534847,0.0014236498473021997,0.10936996005333821,0.1399966785204995,0.009602639544480351,0.07412561707888067,0.17083212459954744,0.12901450805501358,0.06786385333449499,0.15727101168893204,7.902546093064091,2.3910603738680742,1.6367979228556138,,0.17308927264033813,0.12902050508304405,0.06814214919142818,0.15753409362068144,-0.05879342364962614,0.4113022001706094,-1.9227240133992756,-0.699786428039756,0.18281884738551368,0.13901102832469303,0.08879262045285101,0.11326002067839189,-inf,-inf,-inf,-inf,-0.15996560407837357,-0.12112178489126176,inf,,-2.5415641476274162,0.5240040378643546,-0.24915584556332976,-0.9453017507463457,-1.0331477061787324,-1.2324738393805112,inf,,-1.9429488623563866,-1.1478033831618764,-3.828252686925788,-2.064418845551594,21.134912320655886,,,,-0.46312766382899373,0.05126237048364638,0.024019799288410006,0.08205526422696968,-2.785210717895204,0.31581053602169856,-1.0361432219086517,-0.7874601763794473,0.9139691529517868,0.5390684205392687,0.3474515691950337,0.36085660910303924,0.48053534580276747,0.23895901838147227,0.1892240484633822,-inf,4.196358055284657,-9.780898006071665,-4.954390453847062,12.044763815959461,-inf,,,,,,,,-0.06694239290989656,-0.9630462205632249,-1.0790673862422742,-1.0079463833395461,1.268575767078746,0.5527087962693633,0.38807957211335864,0.36316267819536296,-0.3614003442907405,0.16669800405769206,-inf,,,,,,0.8208223577636602,12.434677742752458,,,0.02975168608215828,0.039580186211737534,0.027945146807426678,,-0.3740293016448908,0.18706511687357366,6.24973233450243,7.4618376897666945,-1.0724513010543297,-0.5293692869040351,-1.035948141769457,-2.3017681686096756,0.3074579647313844,-1.3000178359967292,-1.8259622438972305,inf,-1.6264601621810768,-0.814060519143502,-0.9546569828738184,-0.9934825055729256,-0.169136976938294,0.13151532380068023,0.07553695159035642,0.11660235578140088,0.3698412466197245,0.13770327954032605,0.1423040343014283,0.17003058669093127,2.493990287777688,4.531793441502602,3.0538566678749666,1.226640749938592,-0.04323040380047505,0.11308800409721786,0.1669663079184693,0.03582009556033174,-0.04044729954794202,0.12130755953380508,0.1622770431343098,0.02920758270321865,-0.02499328137597423,0.14061044191849958,0.18749414218883764,0.04352439513436833,-0.2435792588236375,-0.16414661574943812,-0.04433894203380402,0.04210451692374105,0.0,0.04638752052545159,0.027832512315270952,,0.16494845360824728,0.19350814352924436,0.2421654921781527,,-0.007057678267218481,0.14511514563957206,0.18681022129396124,0.048292473592925586,-0.8133585123236163,-0.3558770296279568,-1.200423940052222,-0.926252333423561,,,,,0.14481016063331031,0.1621075169203451,-inf,,5.693914076856919,-2.4863438920190997,-1.465792820876953,-1.0331839944373677,0.10861357188693743,0.10505315001228117,0.08447161360994955,0.14853322938954916,-0.18678178469371687,0.4261607440672472,-0.661707914234188,-0.5983526998636781,-0.1754437595625572,0.22011398155076567,-1.5128813291296743,-0.3700326232619304,-0.9362699216871608,0.049500651065505386,-0.6964797465777404,0.5549741025332271,0.10936996005333821,0.1399966785204995,0.009602639544480351,0.07412561707888067,-0.15660295739894425,0.04468262070387249,0.032509256457431926,0.03778691154898324,-0.15660295739894425,0.04468262070387249,0.032509256457431926,0.03778691154898324,2.268204270065363,3.6531481157705907,2.5906758660854994,0.9257975482672383,0.028802557824672892,-0.04298001110845984,-0.011818533427010692,0.019294193997545485,0.030629030951526914,-0.08393702835001382,-0.09002588864492547,0.02451155471850861,-0.10192521025018142,-0.3376305714964225,-0.1367376880345975,0.3447865977871988,0.07083109775205432,0.04605265602719433,-inf,,0.10638361567909671,0.029210540984004146,0.017763393720322606,-0.023673661329127137,-0.22872761400241326,0.07801234519035205,-1.6990984132530536,-0.6539127738489496,-0.23933296178411323,0.23859419301653306,-0.7383826631626177,-0.683221618168759,-0.9403882389707222,-0.07467517754557758,-0.7716148879574545,0.3564051805629852,0.29791401848610843,-0.0562643450834908,-1.1583721558972284,-0.13715236431415728,-0.0016468069951468545,-0.06484800481080662,-0.012870254558367678,-0.001888106377404075,0.08521437000818621,0.13215418442102553,0.08230225669347627,0.15503224845423144,-0.16525500459873577,0.23941329835506972,-1.043940324937815,-0.18690666213654583,2.5467022379970468,4.5509909530722075,3.0586794943457063,1.2213858098628583,0.5028713854073865,0.2607254136019228,0.1915139123439625,-inf,0.12610642732794441,0.16046967097277864,0.013483821059197631,0.06855016660329163,0.04528699532584457,0.05905812521394238,0.031063633617643128,,0.1369666485122203,0.18324684365639335,0.08246815725272463,0.31878676766552727,0.024876001201217912,0.041043292350810424,0.14060836451567027,0.26825210069761124,-0.2692283242002451,-0.0352952655975722,0.007106189354775116,0.017809077737254386,-0.169136976938294,0.13151532380068023,0.07553695159035642,0.11660235578140088,-0.2692283242002451,-0.0352952655975722,0.007106189354775116,0.017809077737254386,0.9485668730845718,0.3875707463151274,0.19953689466881647,0.3268268435396343,0.9485668730845718,0.3875707463151274,0.19953689466881647,0.3268268435396343,-0.46312766382899373,0.05126237048364638,0.024019799288410006,0.05076226444300249,-0.18124130647055936,-0.017217341779988866,-0.02013841140185626,-0.06736174088962593,-0.353377465192494,-0.026868777093624452,0.0004142635598404443,-0.09519887167437639,-0.19496359515509665,0.044800438963507605,0.016347410554303953,-0.03006355861988248,-0.2917307809049896,0.008128955398012172,0.0465883826257278,-0.016263717428222857,0.13627011692724422,-0.02396057694822673,0.16330412584317572,0.2557789948935471,0.07455072996124312,-0.018223754397599008,0.04633733186304356,0.12108298800905111,-0.2771527874858719,0.04597072465441987,-0.4685795854752957,-0.23428979273764786,-0.9152614597539431,-0.006081425964610661,-0.7125780186764115,0.21906512311809814,-0.34086944492554916,0.04879935013142411,0.01312538451605052,-0.08884331119627135,-0.5423431543597381,-0.059354247272397055,-0.01872317033846118,-0.06608055584347941,-0.10254689235112191,0.060535467617021,0.04998555014216453,0.056579339084405975,-0.030792732463416517,0.049756992474726904,0.028798410430140243,0.1376833699911287,0.6610559132459055,0.22073546015419934,0.09744213996607096,0.2005318904860328,0.024876001201217912,0.041043292350810424,0.14060836451567027,0.26825210069761124,0.07587853046405812,-0.010632444843028424,0.15810658384385629,0.19053753994605752,0.7564626258591725,0.2307203357114569,0.1902294060499455,0.21252635470050324,-0.054317530705556005,0.010976393319931796,-0.06999634383711181,-0.07391641235767248,0.0574373877799399,-0.008386778580300938,0.0989656322600487,0.09919515145772975,0.41516659660345634,0.1094640418752949,0.0839559166163237,0.24250554361026974,1.0397105803413185,0.30844564847146977,-0.5529256909132869,-0.31325328934705904,-0.2692283242002451,-0.0352952655975722,0.007106189354775116,0.017809077737254386,-0.9466044813483748,-0.04002202452371939,-0.7462521895887058,0.40991673403241274,2.4276418713207337,4.1118268089509025,2.8453029754688197,1.1849243345138363,0.24937518706165474,0.0019320393638633249,-0.7774175112235463,-0.1765631479273911,0.003288991183555634,0.0020283050620855856,inf,,0.0676335537309325,0.10547782942748414,0.0806910604990976,0.16223672403082212,,,,,-0.9322889576909257,-0.27758351647586416,0.38477046672723136,0.48238783429897875,-0.1515845838252904,0.22487156839721142,-3.5849901523588534,-1.6306896897780478,0.012837273790175407,0.3666060728700522,-1.222677288286261,-0.3791245188925859,0.08300635206616569,0.16023332806749405,0.037515018901948194,0.10113523293294613,-0.0647910126677661,0.18357729906296985,-1.8457317030400837,-0.7873505330802221,0.08752264432468881,0.15975777472947694,0.03789066896373228,0.10155038214495726,-0.24180315256841245,0.0526514307729495,-2.2134454804175805,-0.8291241727316117,-0.9413988493523157,-0.11597404528191828,-0.8878209097555239,0.24291282640089645,-0.08865789215117714,-0.012691215363187033,0.025874671432810636,0.018194517317476643,0.05612997665952313,0.07729430575354972,0.008380456076550535,-0.004722871245723614,-33.252175901957685,-14.592518334333645,-9.31315744054698,,0.286717089037539,0.025524137466335084,0.0468188859658093,0.10267651065200178,-0.11445792976951374,-0.014489533318825928,0.04369779293895208,-0.003419231081953478,-0.06295581309639164,0.004636628887181231,0.018298698861998353,-0.0040793360412440085,5.180863172303868,-2.185823721807049,-1.049009355084674,-0.8436419574519458,-0.25222870571926204,0.23497052571656762,-0.8294086347609669,-0.7368820877003716,5.155195123328756,-2.1943397476419633,-1.0546643849919417,-0.8463577734912751,-0.29710699801936835,0.0879336085157918,-1.9590465426968457,-0.6818532740257878,-0.2562275428091768,0.10308431052638826,-1.7025492667135282,-0.5575311106198637,-0.13660682318701478,0.21696855545070978,-1.6276906637474682,-0.6719131863683414,0.11597092331231251,0.3143294061519096,-2.174782013119183,-0.9230420637995447,-0.9425529078597233,-0.09225210847652669,-0.9402296314069382,0.27077848529993376,-0.32612007895376804,-0.366522381569139,153.16150287984993,76.70575794470167,-0.06074436652244586,-0.10767739422116145,-0.07384556161284464,0.031311229164692624,-0.006795976477902754,-0.11267172548841053,0.03285312403494665,0.13763475948893722,0.26208241805028476,0.09407191092693241,0.11316058684947242,-inf,0.09955921784945665,0.039529527527938146,0.057581396150541544,-inf,0.19061506463928057,0.9977988396190222,-1.3075737828151666,-0.6763737351381539,-0.13507437718236892,-0.08469292602035279,0.04652228296230929,0.05102375432664082,-1.0282567635318367,-1.2095485051288113,inf,,0.013344572770021657,-0.041851216354069264,-0.007615325370121351,0.04956720840915015,2.089538723170519,-0.006782886152785883,1.1459866922292368,0.19197636600267393,10.299743102560283,2.162432187385682,0.6051468908621963,-0.16841417552366958
2014,15762146000,14736543000,1025603000,0.0651,28611000.0,675730000,23857000.0,728198000,15464741000,3741000.0,128055000.0,487278000,687456000.0,0.059,204074000,0.0129,-131951000,72123000,0.0046,73711000,241313000,0.0153,1.19,1.19,202497000,202497000,1000249000.0,0.0,1000249000.0,1230916000.0,2008077000.0,1119775000.0,5359017000.0,2271705000.0,383644000.0,244056000.0,627700000.0,0.0,92702000.0,128622000.0,3120729000.0,0.0,8479746000.0,3060814000.0,12960000.0,27623000.0,0.0,1247323000.0,4321097000.0,1669585000.0,0.0,61670000.0,167026000.0,1898281000.0,0.0,0.0,6219378000.0,0.0,244000.0,1245772000.0,86962000.0,908850000.0,2241828000.0,8461206000.0,18540000.0,8479746000.0,241313000,487278000,-38971000.0,10624000.0,82109000.0,-116458000.0,160790000,-177586000.0,1037920000.0,-283496000,498857000,-624060000.0,531189000.0,-3600000.0,0.0,157138000.0,60667000,-6400089000.0,0.0,-260274000.0,-68211000.0,6151755000,-576819000,6171000.0,-11124000,1000249000.0,1011373000,-125203000,19.3,20.065,18.385,50237800.0,0.32,2.58,20.965000000000003,1.0220179415720367,0.0,-124314000.0,-122383492.49199283,7852046000.0,-137405000,200178000.0,699750000.0,2241828000.0,1614128000.0,1614128000.0,-0.007943271176399458,0.6588611772781476,0.00181517161432206,0.0015135629374325044,-0.007886870226934834,0.030914445279215153,0.012699920429616627,-0.008717404343291834,0.04439433564439766,3.5683036545566806,0.04619916602726558,77.83891119374609,1.0077877696953534,-0.6182955796876003,-3.0818234344212505,11.070919569178802,-0.3368494348064416,1682545000.0,0.7505236797827487,0.5944857344082922,1000249000.0,0.5944857344082922,682296000.0,682296000.0,1037920000.0,1.2401982644684904,0.2584313659239772,0.1866478497828986,0.11795742466814454,1.9274881926713379,0.509578588792636,1.563218929366288,0.1777236197197147,0.23148033936752635,0.12239989263829365,0.2238605967678749,0.19841926869035936,0.08046184402221482,0.7505236797827487,2.7742440544056013,0.3043480588162874,0.26437442819631624,3.782514091179163,3.8530884787327895,0.9924940650747103,0.5944857344082922,0.11251125112511251,-0.07499049164912239,9.046947004608295,0.0761079198476118,15878604000.0,-inf,2.8997608914563244,0.10764117496971222,-4493289.408371825,4140109000.0,-0.001085307031378117,4158649000.0,0.04813534395425053,0.16826377989582675,1.8587993083755103,7.338634424875142,-135.3461848906902,15.758222202671535,0.12094737271611673,0.13061602033406325,-0.029560451788103365,-0.03304077838740418,-0.029428666014369772,0.0236066033109954,0.02549373755579119,-0.0005298849055587071,0.14950053527353468,0.31213366948757887,0.1937055897868952,0.0033740397412847034,0.012762352865607889,0.07359418548621621,0.274709964542051,0.1469114758861881,0.23680862610743295,-0.01373366607914907,1.2826660809819612,-1.5340127632724456,0.279382244099986,-0.14041352913966787,-0.01100035510591372,0.06930043572341409,0.138762454181186,-0.1319717722155439,-0.0074924213422874475,0.06785305199027573,0.1421039192618834,-0.2458036183083283,-0.054520821115395135,0.0965547269632225,0.1062134260515685,-0.12264150943396224,-0.048298117662388264,0.01726859214421712,-0.0296561964636327,0.00502318392581147,0.04631008931793357,0.011651920578324381,0.1411173027554033,-0.01890666016214837,0.0388304370381977,0.06602156166676157,0.11356755454138381,0.47684783954438537,0.06665688522392339,0.05290109377056222,0.028096383986970685,-0.007057790431621469,0.03843802785363637,0.05910125444514529,0.10148560810765664,-0.12679918235640675,-0.005593497116270256,0.06709133781470804,0.13953525236947392,0.967911625460284,0.18365935995843327,0.0017157731815542032,,0.05776379045447788,0.09494068540361204,0.09627641986425269,,0.16541063864899064,0.15191114194334743,0.1105208751917078,0.0853632901190111,-0.25699951256048414,-0.07440793868989344,-0.34335232416767825,-0.34456003553471115,0.16831683168316824,0.034126978584775126,-0.3078777673147261,-0.43857294835632776,-0.6009799819332939,-0.23466688700275554,-0.2594226283267201,-0.17523295951905782,-0.5376344086021505,-0.24396550337899314,-0.3221384720435999,-0.4211547165991846,0.052459042544706236,0.10679763736343073,0.0762096390933343,0.628345734221211,-0.8131838244436156,-0.33232211542336887,-0.2593897389731847,-0.40495449996002125,-0.7819905213270142,-0.3503114180627576,-0.3366732006859862,-0.6916830449633588,3.6147248481813063,0.9682548942866115,0.5328499658896744,0.23545171653701608,-0.3504045956466262,-0.12448180032093366,-0.05227973311414717,-0.6711145087895651,-0.24630541871921185,-0.12267524246534744,-0.13221430629498915,-0.9424205120732129,-0.3497267759562842,-0.10619262828168081,-0.04114660873823754,-0.676681604237121,-0.3351955307262571,-0.09901714129934307,-0.04352924456464018,-0.6640137466147774,-0.002949344152519018,-0.018900555783204227,-0.004099643889663196,0.00220733835518262,-0.025590068089406448,-0.028247439489678117,-0.003842322766882944,0.0005594692501788345,-0.010998909403355683,0.06323512009269161,0.046594790455865696,0.0530167455131625,,,,,-0.010998909403355683,0.06323512009269161,0.046594790455865696,0.0530167455131625,-0.04909874520364654,0.03049357968838262,-0.002111545259989933,0.06179589244639211,-0.12774031288075738,-0.03147461939159842,0.1352748766582766,0.1845566743661495,-0.07627919791725102,0.08844300820858335,0.398918939206661,0.3068872235483434,-0.07924546131649102,0.016990894295965564,0.08403365095789775,0.107666048022185,-0.0517169408222915,0.12624402184326047,0.11261371534718445,0.12302078347783171,-0.12049609701860364,1.6983815978981085,1.1000113079504374,,-0.19779114485750915,0.5645694059709353,0.2686609116269302,0.1486095565138173,-0.1522550932897554,1.004991163996368,0.5616830850937207,0.35211448645843013,,,,,-0.01453188616866341,0.08194233241468873,0.1432077683137531,inf,0.24351760542954937,0.16944870401945256,0.17892878623240982,0.7920597931358778,-0.0638382186363069,0.20073983616185384,0.15367767965274398,0.1408446144188306,,,,,-0.07363459973534436,0.0683460100295115,0.10217079245366538,0.11254019257584413,-0.0728275933097765,0.022511755791794912,0.10691304175879648,0.18237204637026136,-0.9398708336426398,3.0856336779173277,1.709517258108778,10.652334168556902,-0.31510959039968267,-0.03435650392915731,0.24753722227272315,,,,,,-0.07445481548428645,0.14198990857013102,0.20553218865897066,0.22592134681327058,-0.11169583141635797,0.046968828660326145,0.11242528354238368,0.15627188437501055,-0.012328844918381487,0.16584406590999115,0.11443023256511997,0.2376112168122936,,,,,-0.15720279338007193,0.3645045125151418,14.144775897870426,,-0.018539084856711407,0.45748393492903777,0.1660054816852717,0.20364032711732866,-0.01835731055238965,0.15490586553939878,0.10919123768422438,0.20890919358535381,,,,,,,,,-0.08514530434022816,0.06974289682579264,0.10498558460521674,0.15813495665883742,,,,,0.025210084033613356,0.027394421370080597,0.023747084326028255,0.020621737698145994,0.16299577566690782,0.4318837753420124,-1.2243162051271193,-0.6395698412503942,0.07032788499409226,-0.20644733572866694,-0.08090193870728915,0.2970637899078289,-0.23149837733991985,-0.09009461169012738,-0.056467737117281945,0.0007241209913040226,-0.040020348676629514,0.06559497093450169,0.09590583582467516,0.05779044028673842,-0.07360759034241082,0.06836899955311437,0.10194481644216571,0.11227981158338811,-0.08579881656804733,2.3177099874137066,1.6238791103793893,,-0.07363459973534436,0.0683460100295115,0.10217079245366538,0.11254019257584413,-0.3504045956466262,-0.12448180032093366,-0.05227973311414717,-0.6711145087895651,0.16541063864899064,0.15191114194334743,0.1105208751917078,0.0853632901190111,-0.6835870580116105,-inf,-inf,-inf,-0.8446397496453797,-0.3122395649760012,0.03361362502723138,,-1.099583879610101,-0.6403286990317733,-0.22071460768415738,-0.929861857120391,-156.27733333333333,-52.92652956196264,-32.486139310177506,,2.2011387843675965,-0.13527658564809722,-1.1315362698102571,-1.8145622907038539,-1.3654243454355395,inf,,,0.08590505863606923,0.017407003787896724,0.059633660579113255,0.07116713152708917,-1.2174727848339166,-0.015749580749823206,-0.28139254409488157,-0.7838908087208234,-0.5890423259457825,0.030297310416680084,0.1590160781600297,0.25779303654052155,-0.15307969785223208,0.13726294123037686,0.1854310610532193,0.2116502207258783,-1.8171459601817697,-10.00433624433417,-5.132159566560579,11.870461318906054,0.07719928186714542,,,,,,,,8.95048125633232,2.873927883666616,0.7252873684255507,-0.22910505410480392,-1.044138724824695,0.21524652417590748,0.2304812927337804,0.2415405958178954,0.1455860289134734,-0.02089888598144185,0.12976093466432995,,,,,,1.013538394887902,0.3908102806790656,-inf,,0.015331715812506586,0.041673058393662275,0.02777446026020325,,0.06797816321272854,-0.03119149995473891,0.13153545295386898,7.48052170459906,24.086722045840038,6.94295649010979,4.402094808257716,0.11809461436409263,-1.2765156607070842,-1.2101992183639432,-1.3691022296438913,-2.309881039120615,-0.9459693126678744,-0.4315444049157353,-1.132965010350942,-1.051500178376521,-0.010998909403355683,0.06323512009269161,0.046594790455865696,0.0530167455131625,-0.169136976938294,0.13151532380068023,0.07553695159035642,0.06332684035994925,-1.262463026511904,0.20050149942396947,2.288453071891736,1.1203644657249683,-0.04170804369414105,-0.015315119220811524,0.23231712697042955,0.048475845296827066,-0.004959087527894757,-0.0017724334053828006,0.21501403918805292,0.03733341044101811,0.013506063947078317,0.016309618508787316,0.238351308613659,0.05351347496899365,0.01713658653125849,-0.13529364602645746,-0.029576654735803953,0.07049822322886928,0.0,0.034482758620689724,0.027832512315270952,,0.14159292035398252,0.1680240793865869,0.19775680352167643,,0.027696078431372895,0.0308815538593968,0.23143325764300382,0.05970055487598036,23.701955462033858,7.658168423556212,3.940316515465278,1.6010798449224037,,,,,0.043244014400684705,0.09626798519964049,0.10963152048747027,,-1.3390332792088249,1.180007564368642,-1.989896834904733,-1.1471173039206835,-0.06671543046012851,0.045528601159128566,0.09128889846021986,0.11221805142872257,-1.54311779377295,-0.5968729989484095,-0.6323145810294306,-0.5928543410596883,-0.6052696962884964,-0.23942233584568928,-0.25972776550874654,-0.35280120879948784,6.856974433253613,2.1077831553863295,1.066437172642868,1.317612820794689,-0.040020348676629514,0.06559497093450169,0.09590583582467516,0.05779044028673842,0.012086387953239575,-0.01962514741023395,0.05528164509051616,0.04358229950727745,0.012086387953239575,-0.01962514741023395,0.05528164509051616,0.04358229950727745,-1.3053363860522527,0.10639616257677727,1.7498780829417355,0.8219826835566465,0.30084599138124646,0.11730591302987341,0.004628489850374051,0.029615920444233734,0.1691938135321236,0.06460104130661355,-0.03737639825407428,0.0007571082204788304,0.7180910700772853,0.11700191149089707,0.024793986506940403,-0.06348732870935868,0.2136580201832814,0.11486930762741661,0.0478768212044701,,0.3557805737479429,0.17626261448906014,0.05775592076760303,-0.020353271202559964,-0.5407904648424364,-0.2487629166929667,-0.322993221942736,-0.6283578488206948,-1.6318361353795638,-0.6555197751537417,-0.7137969909263328,-0.691638753270922,8.140411930157326,2.516964696049499,1.2659404523490938,1.2493321409858884,1.4884521192176972,0.5893777787193873,-0.6061593986180268,-0.433148094502782,0.15513941090135464,0.056531807365455454,0.002253538598649052,-0.021798804539187068,-0.1378708134646438,0.009228310931214049,0.0733928173078299,0.1356851661529087,-0.5997996533811576,-0.21564339987066009,-0.24582703212810944,-0.17312442266195385,-1.263239410126874,0.22280357309210078,2.299068377124481,1.1177062058736142,-0.15057444957207722,0.16016875429200048,0.18966677590392023,0.20857713663190802,-0.03718066309539769,0.087327096398966,0.10123673990501221,0.056252734184205275,0.01833513659292163,0.06241870708484587,0.03318922040104546,,-0.11722007049458494,0.14410100449032703,0.07873511357172484,0.23294178764309584,-0.08041808147863605,0.06578382863759509,-0.016632155921750914,0.20520441450706411,0.12032575451816241,-0.05971406771023965,-0.020360746612787528,0.03652500659521564,-0.010998909403355683,0.06323512009269161,0.046594790455865696,0.0530167455131625,0.12032575451816241,-0.05971406771023965,-0.020360746612787528,0.03652500659521564,-0.23730785869265103,0.41704248892628754,0.23198016578520178,0.3116019601962546,-0.23730785869265103,0.41704248892628754,0.23198016578520178,0.3116019601962546,0.08590505863606923,0.017407003787896724,0.059633660579113255,0.07116713152708917,0.03653069663244701,-0.012594325075365731,-0.014419444980850571,-0.021541883764766012,0.24390828535174447,0.12590862469059586,0.041754915336108846,-0.035736447400178395,0.07412024491425684,0.04219324569724703,-0.024080698557221992,-0.03491990278925439,0.06761445355590157,0.004968299537332799,-0.039724388807289256,-0.02756170577285828,-0.07466354379587203,-0.019489512413166283,0.014833480654151021,0.12553450656907753,-0.04108662917477268,-0.02307307438548456,0.00503681211466227,0.03514414607517345,-0.6268256606308067,-0.3086613079209792,-0.37127621708938785,-0.2969723588007286,4.533242139550509,1.3377525572978524,0.5845105779558297,0.763175196723558,0.11335860572798917,0.05109874940797036,-0.021480698979697222,-0.042435854884448884,0.1722210893518199,-0.02573016778022937,-0.024376577596325943,-0.012932672125546784,0.05967115046304894,0.0836048011053246,0.012511069711221845,0.09745259174913137,-0.047049976981856756,0.06660479971762175,-0.019019070765637358,0.10646350274982774,-0.17668326009428503,0.29239448806260965,0.10329613311284964,0.21638546794364774,-0.08041808147863605,0.06578382863759509,-0.016632155921750914,0.20520441450706411,-0.04700615851741452,0.0017571155786657207,0.00832883906571511,0.12956529409623121,-0.2055121790801011,0.30558860234602014,0.12187358654773899,0.2105262465481293,0.0362861685562863,0.0005779061739124384,-0.002503237953903792,-0.05190719674067125,-0.03501558706205521,0.001013268907258576,0.005766044969388884,0.07317370350652233,-0.09607054639881207,0.11102789304513212,0.06448381803488565,0.1489147861057995,0.026502881492976416,0.49801771661856153,-0.2651038929686925,-0.32314865515726654,0.12032575451816241,-0.05971406771023965,-0.020360746612787528,0.03652500659521564,7.588221135584101,2.3052636210700324,1.184340258629695,1.255603328411729,-1.2657392849447087,0.13670848845647154,2.036202956877786,1.0609010819321365,0.23129757130104944,0.1671373022164638,-0.40755902024881047,-0.26936871834669157,0.19821912019125643,-0.009807917741774252,0.04115397031249355,,-0.13402708879249636,-0.007884131824367794,0.07368118884992496,0.139624623038832,,,,,11.09518167862452,3.505706829022334,2.781799418401124,1.628361674066048,-0.32332377727186157,-0.18540934855815205,-0.15609794547739364,-1.5953256428913318,-1.009164782887713,-0.31512243018978703,-0.22471826302056214,-0.42432838899553305,-0.03020753715038904,0.10121649412003327,0.09948338702670403,0.09116695160703872,-1.0094502517175514,-0.41134829057907557,-0.3326720765862326,-0.8297059515574835,-0.030470372296762194,0.10067570066217528,0.09968797452047722,0.09155581730441253,-0.5928641142750861,-0.3270931242563709,-0.3543788078003061,-0.8092073397322223,7.103903386497175,2.096383255969207,1.0229060747466094,1.0317423813850028,-0.0720870289253519,-0.07385948533769575,-0.030351125037005433,0.031636078085608046,-0.004851146278193164,0.02338428398127586,-0.022062805174099975,0.0025417536121535187,-1.005535814226118,-12.490373378034668,-9.314264603392205,,-0.13085386959304457,-0.028715387442613965,0.05935416258467452,0.12237943729682925,-0.1858543275944855,-0.11884595778302671,-0.012540378488034798,-0.0022963881787680385,-0.1918902269395646,-0.10055934593517717,-0.004314108768960612,-0.008506522893342616,-1.3495936421413495,0.9930941062667578,-1.8103394449373031,-0.9534323938285197,-1.560186897082832,-0.6859860385919637,-0.7325014472353235,-0.7369760267225932,-1.3496884154143656,0.9847393547208143,-1.815393264351961,-0.9561576871951502,-0.5738935158861372,-0.3033392807530501,-0.32109705593925336,-0.6554030155220274,-0.5770525768939758,-0.2875775171761659,-0.31212134255476565,-0.5323923327523459,-1.0098932698534453,-0.39863557157086144,-0.3075817050321497,-0.7050809990647299,-0.35816209753886497,-0.09604807102106006,-0.10867469562212961,-0.8968903297582109,7.1845218515022236,2.1620237783293703,1.059087603713543,1.068703580520275,-0.4414464627088863,-0.39030678065827296,-0.5049827849286393,76.72985233307388,0.08491010527669096,-0.014107105288298727,-0.0759289722973514,0.028177928193953306,0.04692134103087153,-0.01481834412294473,-0.07124137394036958,0.10556491077367851,-0.08576000150069385,0.052367210083895145,0.0670057200447296,0.10026570702508306,-0.10689082341915512,-0.0023316442736705336,0.06117214596382816,0.08354367976152346,0.2554395655695352,0.338742740429498,-1.0534924601857871,-0.6338435803108375,-0.05840644861083466,-0.09069451923676779,0.022646023965364505,0.05926959585318623,-168.61996215421232,-57.02417557389975,-34.89289988927071,,0.08622646791578248,0.03513611160660335,0.07765252530595243,0.058189855200728405,-12.7873688000615,-3.864636572432332,-1.2615397032438702,-1.1152350792671335,3.1638579545723067,4.166417345733723,1.5605133858093538,0.1214963761579954
2015,17899196000,16395978000,1503218000,0.084,27645000.0,862647000,24449000.0,914741000,17310719000,9953000.0,128091000.0,529176000,1088913000.0,0.0603,555411000,0.031,-123765000,431646000,0.0241,137461000,284019000,0.0159,1.47,1.45,193689000,196005000,913963000.0,0.0,913963000.0,1467247000.0,2507264000.0,977835000.0,5866309000.0,2804333000.0,462382000.0,283536000.0,745918000.0,0.0,85169000.0,101478000.0,3736898000.0,0.0,9603207000.0,3663264000.0,323833000.0,0.0,0.0,1688044000.0,5675141000.0,1346558000.0,0.0,82167000.0,164330000.0,1593055000.0,0.0,0.0,7268196000.0,0.0,247000.0,1468910000.0,-50854000.0,896553000.0,2314856000.0,9583052000.0,20155000.0,9603207000.0,284019000,529176000,-10912000.0,62560000.0,-846752000.0,-292706000.0,-483071000,984651000.0,191168000.0,1222191000,1240282000,-963145000.0,-167441000.0,-11939000.0,0.0,21078000.0,-1121447000,-5988232000.0,0.0,-85576000.0,-63138000.0,5974397000,-162549000,-42572000.0,-86286000,913963000.0,1000249000,277137000,22.11,22.445,20.84,42825200.0,0.32,2.9,23.74,0.31845771766679176,0.0,-118138000.0,189837567.51365703,8857289000.0,111395000,559737000.0,100374000.0,2314856000.0,1568938000.0,1568938000.0,0.015483209413428402,0.5738668642871493,0.0015444827801204032,0.0013659272740518624,-0.006600184723380871,0.029564232940965617,0.03127162806642265,0.006223463891897714,0.005607737911803413,1.6469623396007642,0.05110514461096465,92.41204198483135,2.8675402320214363,1.4308349983736814,-4.972636546215841,11.95140663641198,-0.32597617830646036,1670391000.0,0.7215960733626627,0.5471551271528642,913963000.0,0.5471551271528642,756428000.0,756428000.0,191168000.0,1.0336851542543173,0.2126236158713942,0.15579864613336938,0.09517268554140298,2.451617292825126,0.5909631022219973,4.369838630348736,0.02881197136775985,0.16104674756098572,0.019906683256957807,0.16588781226938043,0.17394095534960352,0.07876826980820054,0.7215960733626627,3.1398048085928454,0.3267710820889075,0.2410503074649958,4.14851161368137,4.632557819365711,0.6946633936779155,0.5471551271528642,0.013810029338779527,0.20581140953453175,6.674726080044962,0.07668324362379826,18191902000.0,-inf,0.35340593411004195,0.1226940250279067,378536080.5729695,3907911000.0,0.09686404848344025,3928066000.0,0.14249684195733983,0.02555303296838699,1.863876931945755,6.5393903474065755,-61.150765614644044,19.584158220847016,0.15653291655589638,0.1697153609868663,0.04857776124217185,0.02835873938981677,0.048328507594744344,0.05828646617739262,0.06319507018456776,0.039417673759710635,0.1810262738234398,0.043360796524708235,0.193353575099904,0.0028787258256538677,0.011942427520329557,0.100294099668996,0.3434488700165066,0.15296036001306648,0.2610861142532906,-0.03048002609961443,1.2223020290896032,0.08096356675579226,0.020605870257770824,0.13558115754035005,0.021417759607856746,0.0668926415489967,0.12010953709906688,0.11260680337308426,0.017407146029060832,0.06411907136181572,0.12028365625850564,0.46569189052684123,0.08623605842587108,0.11030438891770351,0.12914954156923494,0.29032258064516125,0.04671937847712748,0.031755872500891666,0.005890719581339454,-0.03376323791548708,0.02436355130328279,-0.0006934944730209169,0.0983002359798045,0.2766149201604191,0.10881627779488394,0.08351867528280801,0.1330862427669446,0.024814519847424332,0.15392707670663097,-0.0677779366006211,0.012028880181097434,0.2561707118118972,0.10547933135854548,0.06918086163620085,0.1165713801175918,0.11936688755408187,0.021325659464102403,0.06399247985101497,0.11981958550136744,1.660518577920342,0.8532787922750052,0.4542073153209686,,0.00028112920229594884,0.06625034715064919,0.10381984888537499,,0.08598377107113397,0.1447377523685461,0.13368549893884074,0.09519630113556093,0.5839748289345064,0.09409689632951838,0.16673147689769513,-0.3465268317152985,0.02203389830508473,0.02858026697007961,0.0646180661496304,-0.4575268822147886,1.721615688426747,0.31432483966612573,0.3568771386965448,-0.38901159718662986,1.4031007751937983,0.2113538026379873,0.22112609891300314,-0.5478659156755494,-0.06203818083985724,0.03320699754745978,0.09463038534646426,0.47541568597320333,4.984859198868599,1.3100999528688506,0.9867829528270828,-0.34095199188243763,4.239130434782608,1.0558592079644349,0.753943583944954,-0.5728982066133032,0.864864131540747,1.2070599273458102,0.8107302490959828,0.9276873449562484,0.17697347428443555,-0.07740818167060559,0.21209509582992753,-0.941493521023502,0.03921568627450989,-0.10816034559750938,0.10090465844236016,-1.1319055368523554,0.23529411764705888,-0.052105825021050656,0.23397615795280835,-0.9304249197451423,0.2184873949579833,-0.05316296147712515,0.2278769378017344,-0.9278792928332649,-0.04349694069541776,-0.020436175922019555,-0.019881089206938252,-0.0031171913525364415,-0.032059734218284675,-0.02452957873599822,-0.020490885681882176,-0.004500014510437278,-0.08626452013448649,-0.08880013549204539,0.05945650837283971,0.05559804257509528,,,,,-0.08626452013448649,-0.08880013549204539,0.05945650837283971,0.05559804257509528,0.19199604197199482,0.09414476304594159,0.013880411187797393,0.0786707509558428,0.24858957101744594,0.04516140929860498,0.043554767487649505,0.1807096665666166,-0.12675760755508925,-0.003747599610759026,0.3037371528565213,0.2917735177471733,0.09466139032587506,0.015832411244072125,0.04981182273683564,0.11289483052187077,0.23446178090905279,0.17640853775426382,0.14881267681929522,0.14242664551575418,0.2052371469383074,1.2251676001082967,1.1145061895673982,,0.16176615203068145,0.5064638341158635,0.34226658165248586,0.1723632921855744,0.1883351919706866,0.8316363929174987,0.6297043413420758,0.3785251261241877,,,,,-0.08126038273176417,0.06186990027720962,0.10510076051702277,0.5672021295326288,-0.21103699211643423,0.032293076751856664,0.07629098775331744,0.8194888543968446,0.19744393056878695,0.22472995222688766,0.18430655322366246,0.16094675922710264,,,,,0.13248757686845813,0.0773140832578173,0.08918289847644918,0.12318131853816305,0.19682672648517685,0.07567806162445179,0.06333656377224546,0.1704930595758461,23.987114197530865,11.33362625652614,6.53731742268138,13.149774986386808,-1.0,-0.3947510027721359,-0.07764239060869005,,,,,,0.35333349902150446,0.28930551094914697,0.22330559665563196,0.2544897767020407,0.3133565388603865,0.15406821388980244,0.10664734885580798,0.1958510876721564,-0.19347742103576637,-0.06214979881211095,0.0791957315256256,0.21551077958586246,,,,,0.33236581806388843,0.7310762017386283,14.341263422421452,,-0.016141199573719067,0.02289292939255494,0.16151505091972776,0.24247927316698706,-0.16079073646104025,-0.042118477910932185,0.08034904140767556,0.20354603212367373,,,,,,,,,0.16863712094682137,0.09234637965658317,0.09229123934283492,0.1838289372666657,,,,,0.012295081967213184,0.021122411655447964,0.023441123760945537,0.020846220769239164,0.1791162427795776,0.2462699262062693,0.8115508390492344,-0.6484456652312522,-1.5847841585980085,-0.5833163662738373,-0.32179719822373504,-0.013120114827155716,-0.013530285525664265,-0.09493522376126413,-0.0720825970806693,-0.0040165228110386475,0.032575202022635086,0.03397493779978126,0.08250897778150082,0.046514281667288535,0.13258700946413549,0.0766038479070907,0.08920458865735308,0.12293088080527478,0.08710895361380788,2.6346187433699506,1.4348982517299969,,0.13248757686845813,0.0773140832578173,0.08918289847644918,0.12318131853816305,0.17697347428443555,-0.07740818167060559,0.21209509582992753,-0.941493521023502,0.08598377107113397,0.1447377523685461,0.13368549893884074,0.09519630113556093,-0.7199969207872521,-inf,-inf,-inf,4.88855421686747,1.2946496210479055,0.736109822509661,,-11.312535775615341,-4.984561267617619,-2.1680215083264756,-1.787824870949828,1.5134039739648628,-51.93235902184907,-31.692270175502,,-4.004359723863424,-1.2487232672840716,-1.0493262177962914,-1.9199123073792408,-6.544643158807563,4.408281605470928,,,-0.8158162478803761,-0.39767961769110016,-0.11522481555867352,-0.03363048788735488,-5.311140192454214,-3.1046078983944447,-1.1162362738446068,-1.151140089413504,1.486247561926564,0.6037247963108561,0.5028820995197176,0.3351642869474456,0.5433532032176394,0.29026961705605825,0.22143011210196484,0.18022347987799672,-1.3152192534107445,0.3546642805640475,-6.495011846361502,11.838580019242418,2.316388888888889,-inf,,,,,,,-0.865863126678461,2.672558578914655,1.0390958935928372,-0.3073087767672767,-19.485288542370647,-6.420283833372198,-3.77426017567745,-1.6467169117536102,-0.06435176135831866,-0.09338869224519526,0.11626565594564617,,,,,,-0.6712080346096806,0.38771757268062723,7.52927271770712,,-0.07437216871179131,-0.009762922272375482,0.011940021147185575,,-0.02883047195475108,-0.11162720346230444,0.1200686083757397,7.695254781531195,-0.7181975628403364,7.4320243939817905,4.3560833244575194,0.24820175136473974,-7.898719818505914,-2.9559258381605384,-2.6150577974406373,-2.049668703939166,6.756742179072276,1.3947709014077752,0.6737182617947791,-0.14292981894115564,-0.08626452013448649,-0.08880013549204539,0.05945650837283971,0.05559804257509528,-0.010998909403355683,0.06323512009269161,0.046594790455865696,0.0530167455131625,-3.213501273931136,-0.6606580042217839,1.8238832048129534,0.7393867798473254,0.14559585492227978,0.020219135809221227,0.08863036470395846,0.04372747231154641,0.11861450286568642,0.024402705263283215,0.09551561878784139,0.03676961155815156,0.13353277128093555,0.040681851284013214,0.11377403219670253,0.05441967335026249,-0.14755025100621444,-0.12466430776619782,-0.12457070234465406,0.06954497294860679,0.0,0.0,0.027832512315270952,,0.12403100775193798,0.14352412723805594,0.1692296717387307,,0.13236346291438084,0.051000621026178417,0.11908099565289398,0.06048982242059372,-0.6884030067251561,7.4000646476616945,4.389184273284966,1.7268634753375054,,,,,-0.04968064739289224,0.046124509213700926,0.09597718355376557,,-2.551169717812045,0.6012370266120165,-2.2698469346156336,-1.4618618341864174,0.12802306558061427,0.05664040233580773,0.07529341703146586,0.12105643504971489,-1.8107055783996215,-1.1802017189554295,-0.4150682279941661,-0.5108902132764122,1.7961963852171565,0.33849430978870093,0.3702537267161914,-0.6076649820870486,-0.8565573419078243,1.6880490565528758,1.229783808908461,0.9653647651393268,0.032575202022635086,0.03397493779978126,0.08250897778150082,0.046514281667288535,-0.027996540546970206,-0.05750436999755829,0.023627541903577364,0.019264566196940936,-0.027996540546970206,-0.05750436999755829,0.023627541903577364,0.019264566196940936,-2.9492233199127242,-0.6621184786332046,1.3409769282693589,0.5063234092238439,-0.12900185338301817,0.06688223194096705,0.008580820934569754,0.029244963168962402,-0.14912575321576693,0.01689903042262786,-0.04634860494673696,-0.019623777871240245,-0.09754180664008605,0.17287468439567263,-0.07846849021041366,-0.06290797157968744,-0.1631427253817035,0.04044879751787741,0.03773465257663218,,-0.04367577441725379,0.13949613833659527,0.07994728445654031,0.0005763342217156797,1.4623483461751614,0.23094342244343724,0.23111898338075623,-0.7863883771942147,-1.7139124958321748,-1.195027197665284,-0.5259932104324279,-0.639716023584888,-0.8736834816783415,2.1087800698360875,1.4085405831684503,0.9846856310787924,-0.538446696514291,0.41597314706317157,0.15624247749058678,-0.4097386282935524,0.10619192954270407,0.08656151114963728,0.013357465202327768,0.0052182133165548875,0.18722166802682794,0.04485507485679011,0.08916268156505214,0.12347269760752774,1.8453810596334899,0.3601088005511988,0.3927642602635083,-0.36983513818865854,-3.314160161223576,-0.6768991111178012,1.815114657573234,0.7282037145659717,0.6135371321652874,0.3219446893335322,0.2490277846797957,0.18596218082748786,0.07953152055087043,0.05615242826113905,0.10475197407476174,0.050777943427757134,-0.03227927785073814,0.01044761802267602,0.03264604687680213,,-0.0072235809443432775,0.004174332357764025,0.08505937590605037,0.28416299226839203,-0.038543229480060504,-0.031361769919159545,0.0008337132187469454,0.25939174552961153,-0.07961605218758949,-0.0761728739565574,-0.013035218892428735,-0.056203210444503326,-0.08626452013448649,-0.08880013549204539,0.05945650837283971,0.05559804257509528,-0.07961605218758949,-0.0761728739565574,-0.013035218892428735,-0.056203210444503326,0.10865079085909923,0.27330326841700664,0.20681103422236607,-0.1392542588995881,0.10865079085909923,0.27330326841700664,0.20681103422236607,-0.1392542588995881,-0.8158162478803761,-0.39767961769110016,-0.11522481555867352,-0.03363048788735488,-0.16651620642500897,-0.1037422720877071,-0.03632750702650571,-0.051795715329666904,-0.17725305861695706,-0.0955740794859022,-0.0027902209092171893,-0.05023124505754624,-0.1652802520115383,-0.09537453408412604,0.008648261958648273,-0.036630681926221965,-0.19316070345586966,-0.13909234360165257,-0.020231876741186317,-0.0334134942051868,0.2719233778689918,0.11117665033345465,0.025075620645687913,0.17261377060085556,0.15970944466522585,0.0643911818172321,0.012790310459531228,0.06169050384503248,1.7954105136893537,0.29714402185755834,0.2612994054043613,-0.11743130743179317,-0.8378832739666299,0.9266991352766455,0.7354229175380096,0.3798592948492523,-0.3042746178746165,-0.17726181902405883,-0.008903592350471001,-0.06963280846758267,-0.8373635562264385,-0.4024952070781189,-0.16864104173836197,-0.11675365747359674,-0.2589682388750508,-0.1006146602543746,-0.003538137112187778,0.08454071224151491,-0.12336661405075111,-0.0670697744986748,-0.00422912272168543,0.1472916922699862,-0.021048165557163934,0.15444149586481884,0.09289499096222982,-0.23316527318990019,-0.038543229480060504,-0.031361769919159545,0.0008337132187469454,0.25939174552961153,0.13176950081472483,0.053547290920456146,0.010573201553645006,0.16314143817480609,0.0736755915573466,0.20820867944547264,0.11206488392232324,-0.17254822319153643,-0.08822381533058354,-0.03541839249328441,-0.0038016933629003713,-0.07235254129972032,0.09676038573278944,0.039727395483558046,0.0073168925859662835,0.0932624409644245,0.20229728565414984,0.17379777861959803,0.0869237729762445,0.1941188624840542,-0.300083075433177,0.2553767954670393,0.13035135029484174,-0.6034352799325744,-0.07961605218758949,-0.0761728739565574,-0.013035218892428735,-0.056203210444503326,-0.8772564592369275,1.9214533983329327,1.318179720555203,0.8657789645407966,-3.7445000693890016,-0.8608658276709922,1.4650482145037997,0.631099861778173,-0.2622123157519306,0.07282014753692452,-0.005023725271858237,-0.2524415954462361,0.007559315473848471,0.06968914228288685,0.04237267017027233,,0.1456864847816597,0.02643098324003194,0.06561857685432315,0.12198223868084383,,,,,-0.8781258361159034,3.0949222949392308,1.8768610586162051,1.5460851241918623,0.13984286275609703,-0.11168849944701831,0.09822675813517394,-1.8201730117714707,-85.24475838740481,-28.747028632167453,-17.030820990336473,-9.20163446004896,-0.056084996795978115,-0.0010953939600671554,0.078881490051223,0.07603322214253261,-90.25036481192129,-30.44153535876887,-18.141816633289984,-10.07688759784614,-0.05544661258980976,0.0005352198127056192,0.07867126786037178,0.07648592626052325,1.960337046573796,0.37522325991009914,0.3050854449235117,-1.0011739002730295,-0.8481370560901043,1.7714558270182514,1.181568838912263,0.7122182878731188,0.0027316685278317987,-0.052671084182899085,-0.02148580129741624,0.003058173517988294,-0.10890910095745299,-0.019210090192041007,0.023624534005000596,-0.011748360586342165,-0.5481899570052062,-11.601967224396338,-9.066256154846453,,0.24278982546183792,0.1328843483021108,0.03770167365355972,0.0977591280023359,0.2942233720388845,-0.002029628441704919,0.01298008889758424,0.006634839877471188,0.2993456740819591,0.014833211348667627,0.024273066760787644,0.0025088367336553842,-2.6433362247095973,0.39597776848430694,-2.110080206454419,-1.2635110275612818,-1.858295136310339,-1.2235702463708111,-0.5427140912486936,-0.6739497142180284,-2.642225562352909,0.38776038185382716,-2.1149866441386327,-1.2661252546922435,1.4690746656569669,0.19935805058382042,0.23179639506364103,-0.9293958005518614,1.4788468166454583,0.21518889898076854,0.24220943426612945,-0.7986123488614758,-75.38912364968937,-25.511874580909943,-15.149622250638135,-8.487856901650627,0.21087375033289235,-0.0104391412978867,0.15913997424995122,-1.0951598455180833,-0.8610826041423456,1.7936287798333848,1.2093365843860595,0.7625214996927199,-0.0018172665403123345,-0.2564612694009889,-0.30856617479132314,76.52358639619882,-0.14680144681468377,-0.040878569353479555,-0.07698470484029543,-0.022399264923843754,-0.06424562570181502,-0.008040087049615416,-0.07106789222723502,0.07739385021393379,0.3627992348360256,0.17970721712853885,0.11185099322322581,0.055504456428803084,0.25022356065257867,0.08096398502762674,0.0523842639634476,0.0300178842861366,0.04117366659337374,0.1624094322673965,0.6580019502039951,-0.6532915334312268,0.10251944173200722,-0.03032046135373212,-0.04199315698797716,0.04408646006389701,1.219365603033721,-56.14295110490348,-34.20584841331301,,-0.04706139250688346,0.017503216059640225,-0.017277714730661753,0.053483715950040055,-1.0527789394548948,-3.916869672115292,-2.7720992795949506,-1.226287066664911,-0.9262448824400009,4.17911872489753,1.7449819268578708,0.02358372532444617
2016,18353086000,16825382000,1527704000,0.0832,31954000.0,924427000,37121000.0,993502000,17818884000,9128000.0,136536000.0,696752000,1220333000.0,0.0664,522833000,0.0285,-135788000,387045000,0.0211,132149000,254095000,0.0138,1.33,1.32,190413000,192750000,912059000.0,0.0,912059000.0,1359610000.0,2456612000.0,1120100000.0,5848381000.0,3331879000.0,594773000.0,296954000.0,891727000.0,0.0,148859000.0,101831000.0,4474296000.0,0.0,10322677000.0,3593195000.0,45810000.0,0.0,893148000.0,1035903000.0,5568056000.0,2074012000.0,0.0,54290000.0,168822000.0,2297124000.0,0.0,0.0,7865180000.0,0.0,250000.0,1660820000.0,-39877000.0,816978000.0,2438171000.0,10303351000.0,19326000.0,10322677000.0,254095000,696752000,-23155000.0,58997000.0,89157000.0,122115000.0,67966000,-86060000.0,280325000.0,-159639000,916207000,-924239000.0,-242143000.0,-10250000.0,0.0,-3349000.0,-1179981000,-6445922000.0,0.0,-148340000.0,-62436000.0,6910210000,253512000,8358000.0,-1904000,912059000.0,913963000,-8032000,20.68,20.6,19.34,47509350.0,0.32,3.22,22.56,0.34143058300714385,893148000.0,-127408000.0,-97950433.91853662,9430950000.0,-93475000,523581000.0,1176593000.0,2438171000.0,1546444000.0,1546444000.0,-0.0004376375722317217,0.6051087121588999,0.0017410695945085204,0.0020226026293343803,-0.006942047784225498,0.03796375170911312,0.0285282268061077,-0.005093148912395441,0.06410872809074179,1.9002281799350844,0.054132694632390434,96.38567744849354,2.7457841638963725,-0.04218199387646852,-4.853865019720292,12.804645691208059,-0.32789778008854437,2119822000.0,0.8694312252914173,0.430252634419305,912059000.0,0.430252634419305,1207763000.0,1207763000.0,280325000.0,1.050345219229117,0.14187069957629736,0.15595068105173038,0.08835489088731538,2.2837020044943523,0.5394003900344843,3.834746879943751,0.22252452202348538,0.16380205227820985,0.0271562308885573,0.22253181030463318,0.20535583938158677,0.1170009484942714,0.8694312252914173,3.225852493528961,0.4953561501633807,0.23619561088659463,4.2337789269087365,5.085977895093518,0.9896995328324318,0.430252634419305,0.14959517773274103,-0.003872687332570882,6.445109654495945,0.06440918152561866,18230971000.0,0.1367242607048328,4.6305240166079615,0.10421541393118038,344321823.994626,4735295000.0,0.07271391201490636,4754621000.0,0.11012044913779669,0.2474630470020639,1.7779386103042845,6.84901889268635,150.2934610817672,20.12269600979761,0.14799494355969872,0.16198834687915853,-0.020685180948290787,-0.019659821466316663,-0.020601102363056196,0.05072143592209657,0.055517312677938066,0.033355865343323826,0.16430921520598224,0.4825719771090707,0.15299370190628725,0.0030955148553035226,0.013105725562316999,0.08953481737343907,0.2773927264465486,0.16089043568833938,0.23798206608615188,0.011829780201395433,1.245719120801275,-10.695219123505977,0.0703939006812075,0.02535812223074152,0.006841916877141234,0.02558764289067008,0.1023109507225799,0.026189593569837744,0.0022748749091260345,0.02326382658321193,0.10222959985580227,0.01628905454830898,0.07872577558894063,0.06368369634579296,0.1140382263620799,-0.009523809523809601,0.0527190872291298,0.02718088362683737,0.007958083112117598,0.15586905407849527,0.04237633336293989,0.05220721682336178,0.05094643335898539,0.07161677951699819,0.10977501317175631,0.09294460215840208,0.13441802819329376,0.5183034070923147,0.33998858882804145,0.14861771652230185,0.07288939774177826,0.08610196766079148,0.11173829634702241,0.09151735260671956,0.11891759826511669,0.029355510883170233,0.007307738693615118,0.02638838141768827,0.10284852669559541,-0.08288958103084498,0.8485135407832604,0.4257214153529594,,0.06592969061058152,0.04132487008911845,0.07020657520474272,,0.3166734696962825,0.18935595980546904,0.17167813331949175,0.12801266375020787,0.12068916433176935,0.14922149356859718,0.09628803543931908,-0.35266293888767625,0.1011608623548923,0.09717053078104843,0.045115139282860484,-0.4457690049345233,-0.058655662203305314,0.3539933480967159,0.191791873043035,-0.42791005464136544,-0.08064516129032251,0.26160706843377507,0.11811182075329926,-0.5666550694857412,0.09714378055185224,0.02918821408556708,0.07109970236045744,0.5256824367448517,-0.1033277268873104,1.3561158825125574,0.7769130251422363,-0.39121074412694484,-0.12448132780082988,1.1108861952182547,0.6127429705587011,-0.6014855798997153,-0.03864368802787699,1.480315097231392,0.7461970252745409,0.8783782304571881,-0.10535914850767025,-0.09293008995662029,-0.06036621503720714,-0.9909431566651618,-0.1320754716981133,-0.11305506804760508,-0.09217710256392915,-1.1604688892656125,-0.09523809523809512,-0.06989025118244015,-0.03570437248721574,-0.9772981268593133,-0.08965517241379306,-0.06878776939402227,-0.03364384027076779,-0.9751164150129158,-0.016913712188095342,-0.02111999901201071,-0.02342246404662516,-0.005841841022675609,-0.01660671921634649,-0.02475217384134587,-0.026681754380733103,-0.006975361266537972,-0.002083235316965748,-0.03311555495160264,0.02027152096532452,0.027264366971526156,,,,,-0.002083235316965748,-0.03311555495160264,0.02027152096532452,0.027264366971526156,-0.07335983648288258,0.02317915342848857,0.04202338891085202,0.04843717971266572,-0.020202100775985277,0.03354905245356776,0.02679272241333308,0.1540574053104397,0.14548978099577137,-0.01918234149218963,0.05681223961328643,0.31515020664280746,-0.003056095408543902,0.00411994453361338,0.02851559556104557,0.08953219233497425,0.1881181728418131,0.12362100430952479,0.16026240385612947,0.14779316150014013,0.28632386208805705,0.12368830400258694,1.1173411605441381,inf,0.0473237966254727,0.0037662679328816693,0.38055963331379206,0.14847264176521063,0.19547591022069444,0.07718533630054188,0.679756918836097,0.36944968706334613,,,,,0.7478073007784523,0.21733834395934157,0.18247478305815085,0.3245086066980987,0.003478586491653335,0.011986399934922823,0.060157541286715355,0.6480026701375868,0.19732890755915733,0.1103115398305458,0.19939846932270117,0.15934450969552777,,,,,0.07491976378307785,0.044590913638730544,0.0824890741480141,0.10820931089073134,-0.01912747757191402,0.03495721853449544,0.049046903257729514,0.12568200160019036,-0.8585381971571767,7.396235055577016,6.477095406825134,13.148644648085412,,,,,inf,,,,-0.38632938477906975,-0.03581690041395058,0.07859476799056556,0.21099451123690582,-0.018869134705199353,0.060930524246276395,0.08707877802723311,0.158673806980624,0.5402322068562959,0.11147531363404935,0.1688573967101006,0.26252665412445114,,,,,-0.3392724573125464,-0.054703144209576636,0.21732137965935347,inf,0.02733524006572141,-0.002448348121569688,0.2767291690558231,0.2417189845888376,0.4419615141975639,0.08760448906137801,0.149177674870944,0.2411927665623625,,,,,,,,,0.08213647513083022,0.05520943057914115,0.0920004573110059,0.16343169588850517,,,,,0.012145748987854255,0.016550304996226933,0.021324819013061845,0.02056825835459175,0.13064789537820554,0.15758663794156366,0.32108309283676406,-0.6647303433199867,-0.21585322688480746,-0.5767698334962412,-0.48399587853376336,-0.06914387165250817,-0.08875660446175515,-0.11126175577577975,-0.07451414501156031,-0.019628485528737694,0.05327113220001589,0.015275328515340489,0.05652624940523121,0.03447921959295262,0.07516384133155074,0.044714420151091804,0.08257156989100586,0.10798328091269034,-0.041131232944678686,-0.013273698632972711,1.3998215365820497,,0.07491976378307785,0.044590913638730544,0.0824890741480141,0.10820931089073134,-0.10535914850767025,-0.09293008995662029,-0.06036621503720714,-0.9909431566651618,0.3166734696962825,0.18935595980546904,0.17167813331949175,0.12801266375020787,1.121975806451613,-0.09386939078241652,-inf,-inf,-0.05695332480818416,1.3289870474713021,0.7789764394262565,,-1.1052929311061561,-4.505804195443866,-2.8677629607633635,-1.8472051559613885,-1.4171933612566876,-52.06037424020838,-31.73667561463595,,-1.140695674134858,-0.9813055378768953,-1.1101770309885146,-2.0133586064049647,-1.087401526022926,-2.9991563434220097,inf,,0.4663803565450284,-0.08784361089975949,-0.0594429759943315,0.003803187822599796,-1.130617063944997,-2.5530766804110425,-1.297801199729736,-1.1180095088825497,-0.2612913837336993,0.21197128408236068,0.26316962188858095,0.27828439675852695,-0.04039474845428259,0.11662625230370822,0.18294945569089746,0.15822321675658918,0.44613923710441283,-0.8954086588293672,-6.176417749861768,-2.498039301014967,-0.14146913476840606,0.7507063453292094,,,,,,,-1.1588860423190055,2.3085773624449515,1.319406896400476,-0.20747157454756437,0.05219506583904554,-6.825744067118766,-3.7574707808007757,-1.7791971323004934,0.07643157446137683,0.052555280672177185,-0.010123368968253476,,,,,,0.7334299336262504,0.3585867646348239,0.24693054821075328,,-0.011118502328233415,-0.023386318409172713,0.007905700828192419,-inf,0.15663723050209089,0.06526164058668944,0.0068464517366246145,7.813992805464425,-2.5596035656940366,6.936306972435221,3.510213668358999,0.11137843788037563,-1.1963262238090764,-3.4571872343406915,-2.545128739481364,-1.8473985929157426,-0.9779338479011659,1.6109463395010784,0.8968350232847808,0.0820970344550435,-0.002083235316965748,-0.03311555495160264,0.02027152096532452,0.027264366971526156,-0.08626452013448649,-0.08880013549204539,0.05945650837283971,0.05559804257509528,-1.028982055806334,-1.8349821187497914,-0.7281957662931123,0.5938110582067345,-0.06467661691542292,0.0130703981042386,0.006994776068884457,0.02407342237561123,-0.08220093562040542,0.01048482657246208,0.006219253405826519,0.011744947468136225,-0.07197696737044146,0.025020622619190802,0.022096931887371208,0.030429807938519536,0.1093783566685036,-0.007011769268817451,-0.08881056648341665,0.09698707063364197,0.0,0.0,0.020689655172413834,inf,0.1103448275862069,0.12532291856404246,0.1476896146995811,inf,-0.049705139005897236,0.036784800779952165,0.0350605970973348,0.038727139845305195,0.07213788225534246,7.695230112521348,4.4716480292397645,1.730133202454433,inf,,,,0.07846755489342971,0.02401030730040739,0.06351817261989179,,-1.515969706109356,-1.8020575677100752,-0.10542334616309494,-1.6561363208573106,0.06476710876206027,0.04202491462751534,0.06587519556401204,0.1057983049991944,-1.8391310202432785,-1.73098479747195,-1.0880911190976257,-0.840102894311415,-0.06459462211717293,0.3754440222704957,0.20266695111258315,-0.654050423854542,10.722089385697492,5.574168825681093,3.2377763019897308,2.0448661968582997,0.05327113220001589,0.015275328515340489,0.05652624940523121,0.03447921959295262,-0.014337086615277328,-0.010082413069669319,-0.020241813878589875,0.0031741019246548374,-0.014337086615277328,-0.010082413069669319,-0.020241813878589875,0.0031741019246548374,-1.0282653008524294,-1.7609416689391353,-0.7316600266069643,0.3849293558697578,0.054440933631111355,0.07542835720977988,0.05547136386754268,0.04403487417295797,0.1272832672001638,0.04911710917217349,0.03439212758084751,-0.042302043052588056,0.4807542595840901,0.3671011743404298,0.1468436374833391,0.009569932633279122,0.051795983775058785,0.03410375952554556,0.04665223625512103,,0.2841108303036244,0.19873854321143783,0.1538445798707102,0.04684051204010339,-0.08772812385999895,0.2779432524909087,0.12566629444725247,-0.8114421376584197,-1.818378478748174,-1.7213757033199706,-1.0997700600083147,-0.9254021325267366,10.432190501592974,5.899639650023985,3.421880221612626,2.0508631137979423,0.15377755413382044,0.36792765894574214,0.27669283875553824,-0.37423884714092376,0.05924158995093065,0.10685764346499645,0.06700578831800022,0.022835138590249004,0.042999108972339606,0.030783321178174578,0.051581141958561935,0.10866888303520827,-0.042460108062453705,0.4010404327299595,0.23119815039181116,-0.40575349821842277,-1.029480683603919,-1.8689600849847896,-0.7350460251102385,0.5840373087954079,-0.023885020630742382,0.14635922065415594,0.21403167488210925,0.16681928844459037,0.07139235411809541,0.03791440385785605,0.08258103277317277,0.04175527942058076,0.0058949147513394085,-0.0026830755021590344,0.032174351631027776,-inf,0.2690573644134817,0.048204570991517835,0.1388273593880239,0.30536858077979057,0.20487244510607927,0.02863704471579424,0.07273614030776081,0.2898157753248652,-0.21365511704489426,-0.05764847157144045,-0.09448267447264054,-0.09878459041512293,-0.002083235316965748,-0.03311555495160264,0.02027152096532452,0.027264366971526156,-0.21365511704489426,-0.05764847157144045,-0.09448267447264054,-0.09878459041512293,0.596666173118922,0.1560030350951234,0.39128888615137675,-0.1299864019978128,0.596666173118922,0.1560030350951234,0.39128888615137675,-0.1299864019978128,0.4663803565450284,-0.08784361089975949,-0.0594429759943315,0.003803187822599796,0.016117156085905027,-0.03795611790221898,-0.03763640511304023,-0.0411417162043307,-0.3327613257122477,-0.08870203299248676,-0.026457702051483435,-0.07821135005761731,0.0009758423589307785,-0.03006138824611689,-0.007544934512173284,-0.04065177622628542,-0.07163604363272547,-0.06572743117756452,-0.049978369695319345,-0.04519998266877012,-0.06849163971154582,0.04292273145385798,0.028992640183589425,0.1504886526166537,-0.087251999310345,0.010456938726702725,0.0006476444396854353,0.04249170769931245,-0.12245114652260791,0.3487112355119797,0.14939508868076165,-0.12967642208405397,6.723335525471432,3.4728981303517705,1.9797419846796718,1.0836680080045944,0.017108726248449946,-0.05793576196605913,-0.026773928680451097,-0.06262590827158399,0.36417657015091276,-0.10032196557456863,-0.11007549788324278,-0.06950863420329327,0.34145967241565756,0.04738752800121856,0.06666116737131611,0.13168198350759047,0.18060659704232718,0.0033966686699064366,0.051410876428888266,0.17904114074681546,0.4853817251434722,0.09588343316400776,0.2683034047548275,-0.20743770626429986,0.20487244510607927,0.02863704471579424,0.07273614030776081,0.2898157753248652,0.027405424917060106,0.03738958907145681,0.03288925449355642,0.15629736486615317,0.515911833436365,0.12802508197120352,0.3012706464063544,-0.14910630091342258,-0.02013976513639648,-0.02402580397023124,-0.021325972389048542,-0.07020055116448001,0.02055371207017087,0.027432836913635034,0.024070780904947207,0.09097074829110113,0.0978768303403259,0.06803452319855456,0.12665155902597441,0.19173619131073655,0.4247181323208049,0.05037931279353477,0.32373764134866245,-0.5881989731303994,-0.21365511704489426,-0.05764847157144045,-0.09448267447264054,-0.09878459041512293,9.832357706342254,5.5144407942298095,3.174178422063085,1.8769310199857334,-1.0188166795093112,-2.0096853446143403,-0.8706382567057795,0.4958838750189787,-0.03440087620007182,-0.02177187355031766,0.040959742939477795,-0.2646849174536522,-0.16006185338736,0.015238860759248296,-0.03638525822776686,,0.0021476039173913275,0.004602333302184884,0.024836338645189526,0.10186260047302187,-1.0,,,,12.10256441581462,7.439873419441079,4.348311813353144,2.7896040928131622,-0.1506072613766104,-0.11136272529745832,-0.11339848885899391,-1.8535970184486286,-0.09038572102969744,-28.781436297107405,-17.256102279800775,-9.242743530908559,0.21172027715063102,0.04180924773475462,0.09185695254295054,0.08159149268798746,-0.2493199163842772,-30.50304499334104,-18.34674592000856,-10.116053831143956,0.21042289004309,0.041501968385506016,0.09140067588796122,0.081914458095224,-0.22720779193994955,0.38008838011958673,0.15036997637294675,-1.0449235111401456,8.684292557686344,4.980019629364471,2.8250610539007726,1.6004602812255928,-0.04610729397876989,-0.038487551458763335,-0.05299081629280507,0.00018639246735010495,0.04734822801984406,-0.022137339738600697,0.0017183958012437328,-0.0038369589015962878,-3.457752729195197,-1.670492833475507,-8.29541256406088,,0.027498643693417923,0.04647819985407042,0.03682846136548279,0.10658971983609167,-0.05454426573051696,0.01794159290462734,-0.023371753408142525,0.005854247337575347,-0.04552925594228163,0.020642063733370963,-0.009572323933170802,0.0020587794938919045,-1.4258158552258136,-1.806248574025587,-0.21797395222702756,-1.4295013834178691,-1.6932544213645913,-1.7039121515859208,-1.1219015346901644,-0.955446774175725,-1.4262722643083756,-1.8060620806918832,-0.22285595249976825,-1.432161251457087,-0.1297905114417499,0.2551302127763599,0.08585326239121331,-0.956633734149482,-0.12149298171844736,0.260100419344345,0.09892425667970262,-0.8257048945790245,-0.15378402219622278,-25.51760031391301,-15.347762877319633,-8.511079663015769,-0.09234603499468919,-0.0798781274002206,-0.0339232995449954,-1.1255506077200392,10.129223072138151,5.484220773166011,3.1508423605967844,1.796451144561729,-0.2087361103758396,-0.21733327987501275,-0.27629474377819413,76.49531866646882,0.07530728620201743,0.004471981554674875,-0.022763095295512504,-0.04792047751308507,0.09740884254957072,0.026694852626209076,-0.002258363104215699,0.0482989403810403,-0.10727732071045204,0.05658730420829324,0.0825247088754518,0.04845388363489993,-0.19233181220477813,-0.016333024990451528,0.010179363125357787,0.006804382219887384,0.05184399196363998,0.11615240804218296,0.22184917596910153,-0.6537295902210801,-0.08849206030438106,-0.014793022394402833,-0.05161123525653544,0.03346688279322296,-1.3881158160013871,-56.26290412239333,-34.24825538693338,,0.019158187710048624,0.01944108770631588,0.015501026004595042,0.05539953472104492,-133.0991595610605,-48.9797691001923,-29.14916964356248,-14.558136132964474,2.416206149054091,1.551273073728799,2.7978426607630515,0.2180268958436625
2017,19063121000,17517478000,1545643000,0.0811,29680000.0,907702000,35524000.0,972906000,18490384000,12525000.0,138074000.0,760405000,1154712000.0,0.0607,410230000,0.0215,-153997000,256233000,0.0134,129066000,129090000,0.0068,0.71,0.69,181902000,185838000,1189919000.0,0.0,1189919000.0,1397424000.0,2942083000.0,1097257000.0,6626683000.0,3228678000.0,608184000.0,284596000.0,892780000.0,0.0,205722000.0,142132000.0,4469312000.0,0.0,11095995000.0,4257623000.0,445498000.0,0.0,1017144000.0,1150328000.0,6870593000.0,1632592000.0,0.0,49327000.0,175139000.0,1857058000.0,0.0,0.0,8727651000.0,0.0,253000.0,1730893000.0,54620000.0,567748000.0,2353514000.0,11081165000.0,14830000.0,11095995000.0,129090000,760405000,-63001000.0,48544000.0,-524235000.0,-31353000.0,-445089000,744470000.0,-243910000.0,905840000,1256643000,-716485000.0,-36620000.0,-2033000.0,0.0,175673000.0,-579465000,-7479150000.0,0.0,-306640000.0,-59959000.0,7441203000,-404546000,5228000.0,277860000,1189919000.0,912059000,540158000,28.865,28.885,27.615,41732050.0,0.32,3.54,31.155,0.5037056116893609,1017144000.0,-125549000.0,471632648.6283968,10203215000.0,-122464000,394307000.0,517334000.0,2353514000.0,1460734000.0,1460734000.0,0.028335234298727894,0.5872649764531654,0.0015569328862781702,0.0018634933912448019,-0.006585962497956132,0.03988879890129218,0.020684283544126904,-0.006424131704352084,0.027137948712595384,2.3716110474611805,0.05103602920004547,104.79885322866159,2.2552253411177445,2.9695000604721224,-3.9388516893712,12.938362414926718,-0.3296225440072127,2078090000.0,0.8829732901525124,0.5726022453310492,1189919000.0,0.5726022453310492,888171000.0,888171000.0,-243910000.0,0.9644994253043369,0.17775350686614677,0.1795647988593992,0.10723860275712092,2.9192913235272875,0.6191957548647057,2.8557657488013675,0.08402375166161058,0.17319014530477936,-0.02198180514681198,0.16736290886937133,0.18728288900634868,0.08004428624922776,0.8829732901525124,3.708348877465781,0.3773808016438398,0.21210481799964762,4.714650093434753,5.974839361581233,0.769171014071041,0.5726022453310492,0.059275284953534464,0.33085914913217757,7.558292457340012,0.06644274309582357,19094474000.0,-0.030824544017366274,4.007545123557208,0.054849896792625835,203594846.91667348,4210572000.0,0.04835325150993107,4225402000.0,0.0933182215561975,0.12243426779274492,1.718018167816406,5.954107345034114,-608.0158517526233,16.020519884126568,0.1392973771166984,0.15148587969576255,0.11201153872404909,-0.02898280447635515,0.11161840900070498,0.035535974917075934,0.03864536815111708,0.0183484984371995,0.08837337941062506,0.21981343641890383,0.07458000003466418,0.0026748389846967305,0.012610929869123362,0.06457149629213063,0.22191280765688,0.1559925901192277,0.2651481908562504,-0.0028256141067114758,1.464474397707026,0.4566830445906568,0.21362989212894642,0.03868749920313119,0.06654225965807425,0.02565978005148859,0.06975066842684244,0.04113404379169516,0.05997681357820572,0.02390901508974308,0.06857165380543996,0.011742457963060948,0.16457446767940373,0.05734793755779664,0.09351116779534092,-0.02524038461538447,0.0851861288353224,0.021078788258437675,0.016212487764351614,-0.07116479939913622,0.016980338921290656,0.03155898171784148,-0.011566145572353114,-0.018092288520348276,0.11004647038568967,0.07599466487626035,0.09555014034374758,-0.04302147032676917,0.16669881887098995,0.1874126333770877,0.1074157804611259,-0.020730708141503462,0.10718065711039508,0.0763618507189849,0.08742127859054452,0.037684739403432976,0.06213571261356169,0.026203445735782083,0.06923915908109876,0.3721516213847502,0.6499268727580824,0.5698196834357842,,0.011264428429132334,0.025825082747336598,0.05518903209833228,,0.09135675247433817,0.16467133108058488,0.1684486958552518,0.14711862938514447,-0.05377302752609325,0.21696365524672748,0.06984136515884624,-0.3432866527903926,-0.08584337349397597,0.01245046238866702,0.020211657954231032,-0.41672056534917123,-0.2153708736824187,0.4825297175136744,0.13378959662253068,-0.43359167990661146,-0.2456140350877194,0.35894719293858546,0.06156044230718401,-0.552996577706555,0.13409874215689155,0.05640144728962885,0.06617270307022463,0.4873421518551676,-0.33797620431732744,1.514518422554654,0.6977991854803829,-0.4064623468723706,-0.36492890995260663,1.2499067323430573,0.5356334772279736,-0.5976514954181367,-0.023329726293804698,0.2676302390730218,0.7118412735431497,0.8399464369406655,-0.4919616678801235,-0.1401157807011194,-0.1659090722799221,-1.0110990512046656,-0.5072463768115942,-0.20003538741173255,-0.19276057706044714,-1.1631415788948236,-0.46616541353383467,-0.10870313037495698,-0.14354419676701635,-0.9932129138267317,-0.4772727272727273,-0.11614683490951234,-0.14528335682357915,-0.9915936877401886,-0.04469757842164135,-0.035036077101718154,-0.02458396367515907,-0.012737265898582794,-0.03585992217898837,-0.028175458537873177,-0.025211075520665906,-0.012977436288519195,0.30465134382753756,0.07210119612536177,0.007233540406887129,0.060556887353769906,,,,,0.30465134382753756,0.07210119612536177,0.007233540406887129,0.060556887353769906,0.027812387375791614,0.04881619762163462,0.04737736800614676,0.01456411370634394,0.19761810167824634,0.142001857306569,0.0625800457596152,0.09631739798512197,-0.020393714846888678,-0.0005538471354021857,0.022770653463321123,0.28635422741836186,0.1330799070717179,0.07489506732968303,0.03550420907907807,0.06586870011348248,-0.03097381387499365,0.13053537995862408,0.1372739944459222,0.1328277515547074,0.022548098181995435,0.17136970240278662,0.7968749521189886,0.5881109452129719,-0.04161587316554083,0.05582469183020444,0.3050198851615044,0.22650676987836,0.0011808546786180596,0.1283306522899997,0.5383131887303618,0.3176214940098723,,,,,0.38199235518174923,0.34951309107614575,0.2630818713583661,0.27523665687231763,0.395763569050682,0.06273505447530037,0.09922427715958107,0.7495819137545674,-0.001113918256637425,0.13121963995710229,0.17408096919663657,0.1346926611691747,,,,,0.0749144819701324,0.0941072742072228,0.07635529910533242,0.08297124599783276,0.18491287002236168,0.12087070631187484,0.0785639154647606,0.07759961630982413,8.724907225496617,10.617827741956768,8.373449559583573,4.653331216332404,,,,,0.13883029464321694,,,,0.11045918391972998,0.02582109938738823,0.11840926639762021,0.1437993898598214,0.23393029811481791,0.17613923409000168,0.13545316101580518,0.10980205500438296,-0.21283386981367514,0.044640305335618136,0.028189788121257588,0.24039692015306585,,,,,-0.09141646712101681,-0.032774368789891595,0.35250793615646436,7.050072382185457,0.03741810901422804,0.016204049835410128,0.026686427451522853,0.1791497425918321,-0.19157259251133152,0.029866061741730714,0.024806697590687165,0.21080330542631404,,,,,,,,,0.10965686735713609,0.1201434878115959,0.09376649629154317,0.11388364581585439,,,,,0.01200000000000001,0.01214694365168915,0.017502596790839632,0.018336885805572134,0.042191808865500224,0.11731864900776112,0.18232989657250273,-0.6697336130108491,-2.3697118639817436,-1.3901164164881863,-0.8671028379376124,-0.3646816999494895,-0.30506329423803336,-0.13578339474181758,-0.1357251139967162,-0.052366061425276965,-0.03472151871218221,0.017041605170156255,0.024094885377435492,0.023548153709715948,0.07549136198504747,0.09441407092691123,0.07609334940757406,0.08280290402128329,-0.23263996688399047,-0.06222074873828709,1.5260170060562364,inf,0.0749144819701324,0.0941072742072228,0.07635529910533242,0.08297124599783276,-0.4919616678801235,-0.1401157807011194,-0.1659090722799221,-1.0110990512046656,0.09135675247433817,0.16467133108058488,0.1684486958552518,0.14711862938514447,1.7208378320017275,0.7076055725553628,-inf,-inf,-0.17717850060172546,1.5514741304858533,0.7299634075467614,,-6.879908476059087,-6.432579060926861,-4.58777704200362,-2.2864139624910353,-1.256749785038693,-0.3868463907768393,-31.69420404236852,,-7.548700820998735,-4.2312520729990055,-2.4871132593971614,-3.2119567557918147,-9.650592609807111,-5.760879098212534,0.4973701361165489,,-1.8700972085971639,-0.7398443666441704,-0.5193511410250872,-0.170666342699974,-6.674302645343556,-4.3720199672475895,-3.423748680894377,-2.2259829353955665,0.371571053266347,0.5321757438197373,0.38429081169304324,0.33947959693584834,-0.22478384919917904,0.09272486852139257,0.12112605070294262,0.126785482179869,-0.8487670508748962,-0.5726156890604094,0.13227300558433183,-2.56006402054289,-0.8016585365853659,0.45775373917837237,-inf,,,,,,-53.45535980889818,-18.493369659298548,-9.319314022894645,-5.268801030255248,-0.508920058882304,-6.647337845137969,-3.943515298631971,-1.81551478286617,0.16029173173364497,0.05745718161223438,-0.008688554108112801,,,,,,1.0671430497505732,0.37645498292238094,0.592745140283741,,-0.03967262476776223,-0.04172109860259565,-0.016015978782624417,0.2925526455559117,0.0768418036499614,0.0682161873991004,-0.02028051524697221,7.775984908661411,-2.5957666698223356,-1.9578559327855694,3.4281405892858006,0.06323268655288476,-0.3744915051447715,-3.1565125158199208,-2.0877190486870925,-1.9023649406786596,-146.93487394957984,-47.052021872802904,-28.745699018651532,-14.498510172347356,0.30465134382753756,0.07210119612536177,0.007233540406887129,0.060556887353769906,-0.002083235316965748,-0.03311555495160264,0.02027152096532452,0.027264366971526156,-68.25074701195219,-24.16441011389655,-14.252340616084775,-6.181785626947758,0.3957930367504836,0.15890409158578014,0.07835476545254487,0.05476991088154445,0.4021844660194174,0.14619934442156612,0.07863832923777232,0.05535351044720734,0.42786970010341263,0.16314183467130225,0.09558765731700217,0.07613962342489776,-0.12160343174554067,-0.053258442027750506,-0.0772435996751261,0.010141610716721062,0.0,0.0,0.0,0.04724958949096882,0.0993788819875776,0.11125157244190749,0.12805921825759045,0.35909370033323734,0.3809840425531916,0.15454745548722507,0.09685615332516592,0.07884574612082638,0.47527971060173524,-0.04699513795602613,4.5495223071684325,1.7105744123504898,0.13883029464321694,,,,-0.01459092050734645,0.004731995664397008,0.04045003240543721,,-5.815013367073433,-3.2940509303316112,-1.105454398669348,-2.1881596415239275,0.08188623627524261,0.09155880353930572,0.06331491040894521,0.08366113317803694,0.3101257020593742,-1.113236965527842,-1.0139220950100385,-0.8511508670149391,-0.24690353546060684,0.4948994092131256,0.14079695435766465,-0.6601947597142959,-0.560311849552054,3.101740064745871,3.0451849411608127,2.0459878863218997,-0.03472151871218221,0.017041605170156255,0.024094885377435492,0.023548153709715948,-0.05542392741023927,-0.03258585152416227,-0.048454824803638295,0.002162791592027047,-0.05542392741023927,-0.03258585152416227,-0.048454824803638295,0.002162791592027047,-65.74589042762733,-23.241126349464157,-13.75210223287587,-6.12669138252156,-0.02948847925535858,-0.0346831330024218,0.04511983003973079,0.02846713550106329,-0.1057606822904339,-0.042534389435345675,0.014443935235522698,-0.06678062636019466,-0.07866559440889276,0.10151561951170378,0.18414254367244307,0.056865797747961265,-0.05129398375483718,-0.05421357512049396,0.024369678514770766,,0.05070750664816304,0.09704752084484454,0.15066135039231465,0.0859211225198562,-0.2749537612446863,0.366555487023492,0.06602967644512528,-0.7986418017856807,0.26132807323134943,-1.0903209671163332,-1.0284263997025351,-0.9033971201471974,-0.5766887049422762,2.993939438324119,3.236368401231792,2.0617880793185153,0.24806645459925725,-0.04553422926040444,0.3299526899845185,-0.4032428376355745,-0.057205085639540076,0.03607614461803155,0.052344207552060484,0.022249741843649473,0.08728657621007918,0.10583578440308224,0.052970181950557825,0.08419945060022907,-0.17865891617733942,0.5414206784645655,0.17184147548276069,-0.4057711983953176,-71.39733752672787,-25.24699279051846,-14.891503108737037,-6.505021955170003,-0.18851231474949848,0.1337132655950155,0.15068734652407118,0.14158910644651948,0.010442828871904952,0.05378890118029026,0.0500584935546835,0.03788551378454587,0.00526006586016714,-0.007041432413077198,0.008499566935906921,0.31098953308623994,-0.01968655858840973,0.08071574162690957,0.05237876057967281,0.28326174479175326,0.015575774675628873,0.06063499676721588,0.0252725820048459,0.27957417704814336,0.33085122442973036,0.012526685065748869,-0.02226450289696722,-0.04658350824644973,0.30465134382753756,0.07210119612536177,0.007233540406887129,0.060556887353769906,0.33085122442973036,0.012526685065748869,-0.02226450289696722,-0.04658350824644973,-0.26461482923388113,0.14690071158138004,0.23039222982721216,-0.13758956707009912,-0.26461482923388113,0.14690071158138004,0.23039222982721216,-0.13758956707009912,-1.8700972085971639,-0.7398443666441704,-0.5193511410250872,-0.170666342699974,-0.08173102743094807,-0.07737669259001734,-0.07536813752163288,-0.028826998690264526,0.25292613201326897,-0.08569608410531193,-0.07331148643133707,-0.009327605222810708,0.15142042117684484,-0.004294662825254221,-0.026745467743320494,0.0035465833650744514,0.2137257109387316,-0.017023678716621176,-0.05503747269979031,0.0029615807612049182,0.2783153484045151,0.16058236218732036,0.10867073193866665,0.11801261002480738,0.14793345778841593,0.07346363438109893,0.050771000785953445,0.027498709975914592,-0.25529224269340656,0.47255570815777975,0.10273773527133212,-0.15520564635339462,-0.6224067761271602,1.7543484917925474,1.7762052310348415,1.095004045600196,0.057313647149086266,-0.07661741482569344,-0.09147261673492806,-0.013303411923195651,-1.8094571458395707,-0.7608813773050321,-0.5305532393846029,-0.21634761368878852,-0.24791467502888154,-0.0551410804960916,-0.041659796675269554,0.12308684695216392,-0.08800796914109377,-0.010255995383172567,-0.021722139118958195,0.1797268044303473,-0.31586634741557773,0.049489070723576854,0.1265679730644702,-0.2001574531976671,0.015575774675628873,0.06063499676721588,0.0252725820048459,0.27957417704814336,0.14957174418381025,0.10291555663853173,0.06752380837244776,0.12188234593590967,-0.2381626804888356,0.11714158150162535,0.18047503825678948,-0.1484320628883504,-0.10199509125727912,-0.07011955724141972,-0.04567800677470577,-0.06136088920489331,0.11357965893536193,0.07696458557944075,0.050663111491241385,0.0788121922560172,0.1747670722960093,0.15831372943016167,0.15880744769902586,0.14108096528117064,-0.22282370703991117,-0.03272955005076109,0.19360496233640231,-0.6056662097474188,0.33085122442973036,0.012526685065748869,-0.02226450289696722,-0.04658350824644973,-0.6037620607033697,2.7837797288006527,2.998591168127537,1.8898610701691214,-86.43399472235133,-30.399103823749883,-18.007081776974726,-8.09758682057565,0.1727174342282196,-0.0412985859079276,0.07135540012778427,-0.33570700909412926,0.031572541709695034,-0.0403099987346055,0.01611562303419911,,0.04736461925149249,0.0650662359835145,0.025761034577795928,0.07017003018212052,-1.2254504347543107,,,,-0.13453744993360583,3.6966337099217035,4.250558770139741,2.8157680338807607,-0.47368729131713205,-0.1614838966458818,-0.1918720102069595,-1.8670000346414923,-0.4087076893509628,-28.58128393259516,-17.348035861376605,-9.256917941130974,-0.11081104767496008,0.014941410893230941,0.019524609519093895,0.06248917103003567,-0.33502062851440795,-30.27823511893999,-18.38178932424106,-10.117416304567936,-0.11130624291610203,0.014556678179059404,0.020144461313020966,0.06276261691315801,-0.15258044907330615,0.5268496018535135,0.14917630774340834,-1.0355870964204343,-0.5052422198950626,2.443637760567059,2.6986835637692073,1.610270587197713,-0.03370219991882817,-0.025692608456588755,-0.04756454928925906,-0.005971089407752828,-0.13066273603185086,-0.06407453632315326,-0.028188955717625964,0.005479900031394225,-5.045524318731553,-3.017155668310652,-8.66183574422315,,-0.20385817703918596,0.022143430705356626,0.044458702312112866,0.04580525831743061,-0.05876934869394279,0.06030325253814158,-0.023880499949914903,0.008286096603775817,-0.06483470808693848,0.062993903350913,-0.013172865996643445,0.002192948006672746,-6.415062068060109,-3.49473804933184,-1.3305889235666004,-2.017778016824895,0.47421503933856335,-1.0257781727787891,-0.9779500242276923,-0.9395369741449315,-6.418079432529273,-3.4955257530635193,-1.3362141102552336,-2.0207396213110296,-0.29938941453361256,0.3466315798938681,0.03377884515521974,-0.9479410784677856,-0.30390420056347045,0.35114987812118015,0.04403390293207756,-0.8185955909876206,-0.4499168812338442,-25.330941517706478,-15.427864929231978,-8.511299189756825,-0.46215202050695736,-0.1145414350562514,-0.11716309587906133,-1.1460933810280545,-0.5444960610109739,2.907881468994944,2.9931226701254667,1.802128507939959,-0.512528953117649,-0.24102744334460033,-0.29812977433929105,76.4790976923634,-0.1358985145511582,-0.06913089172127485,-0.03664538728191589,-0.07858760543357796,-0.037754162548338965,-0.001530315233527757,0.007106883770477102,-8.625573258226326e-05,-0.2788113251763211,-0.007763137016915851,0.03060660109976867,0.03848147607206178,-0.20000495146493735,-0.04737106767237894,-0.029888961717367057,-0.010596014454660196,-0.030442117632146215,0.0208585136416225,0.10172603422673665,-0.6390633004046079,0.1141519830333102,0.04272645482031212,-0.013060292266453444,0.011150092361764053,-1.2388560107294444,-0.4692020745657035,-34.21116502828825,,0.17560561867673874,0.04923413795996797,0.04945469091314161,0.06393068947217227,-1.0426997370803706,-45.06487941253192,-29.178493662897353,-14.350724781735124,2.0347784404846525,1.1749132356995808,3.397668152846266,0.6469594113402056
2018,22095416000,20388624000,1706792000,0.0772,38531000.0,1050716000,38490000.0,1127737000,21516361000,17813000.0,149002000.0,773704000,1296107000.0,0.0586,542153000,0.0245,-168752000,373401000,0.0169,285860000,86330000,0.0039,0.5,0.49,172237000,175044000,1257949000.0,0.0,1257949000.0,1693268000.0,3457706000.0,1141000000.0,7549923000.0,3198016000.0,627745000.0,279131000.0,906876000.0,0.0,218252000.0,172574000.0,4495718000.0,0.0,12045641000.0,4942932000.0,25197000.0,0.0,691365000.0,1571379000.0,7230873000.0,2493502000.0,0.0,114385000.0,243501000.0,2851388000.0,0.0,0.0,10082261000.0,0.0,257000.0,1760097000.0,-19399000.0,209302000.0,1950257000.0,12032518000.0,13123000.0,12045641000.0,86330000,773704000,52705000.0,90664000.0,562960000.0,-316262000.0,-499105000,815258000.0,319050000.0,-632513000,933850000,-1036651000.0,-109664000.0,0.0,0.0,347931000.0,-798384000,-9206016000.0,0.0,-450319000.0,-57833000.0,9667124000,-47044000,-20392000.0,68030000,1257949000.0,1189919000,-102801000,27.17,27.085,26.15,40073650.0,0.32,3.86,30.01,0.7655576712435157,691365000.0,-131189000.0,-137733375.86937368,11138765000.0,-117628000,522403000.0,1592957000.0,1950257000.0,1043381000.0,1043381000.0,-0.004652594004113795,0.6156086974862783,0.0017438458728271963,0.0017419902843196073,-0.005937385383465964,0.03501649391891965,0.023643048856830755,-0.005323638170016804,0.07209445615325821,2.0801083826890197,0.051039410165438844,128.28495619408142,3.1477150670297322,-0.596857818006584,-6.0187474236081675,11.323101308081307,-0.33577570440729926,2518699000.0,1.2914703036574153,0.4994439589645289,1257949000.0,0.4994439589645289,1260750000.0,1260750000.0,319050000.0,1.0441233029538757,0.2177069075891666,0.16661746086681944,0.1044318853600236,3.707651350565592,0.6002895985361012,3.5060133421027904,0.2282974683693103,0.17396917357005165,0.026486759816268805,0.236715339598781,0.20909630296968007,0.10466441760965647,1.2914703036574153,5.16970891528655,0.6464532623136335,0.16190562212504922,6.176437772047479,9.66306747008044,0.9727206164305879,0.4994439589645289,0.15799600903011735,-0.04122755867049636,7.778880138753976,0.05915831943396174,22411678000.0,-0.4574457775559943,18.451951812811306,0.04426596084516041,127103611.86231422,4801645000.0,0.026470847358002147,4814768000.0,0.10850013957058782,0.3308481322464551,1.8343080289376048,5.896575359501357,-69.86427708671924,17.56463576822272,0.1416937463103873,0.15322991372921504,-0.028684622846831383,-0.024430668310498033,-0.028606440823186845,0.04336863434664872,0.046899544069742026,0.010551834631491527,0.08274062878277447,0.8167933764626918,0.049048433126128846,0.0031987504857566317,0.019756883323582483,0.08606026030495181,0.3241544132362065,0.1461189985655392,0.28705039441238533,-0.026255306795213307,1.6699061739835515,-3.8179200591433937,0.30281913453133114,0.15906603121283225,0.07437055088223499,0.04365585620947743,0.06592948960156261,0.1639017899722779,0.0770751424446036,0.042372091698270234,0.06414182107071167,0.1042601687453053,0.04409722708555841,0.07043599069503763,0.0977755949195773,-0.04808877928483357,-0.027617657808009215,0.016965619557434274,0.022678777621103142,0.29821428571428577,0.12763951346454827,0.07083569728079384,0.014235268703149794,0.15755611423132265,0.07036020174265752,0.09375777304524865,0.08258933932345869,0.08349284990428996,0.1862582622232785,0.21208742921232906,0.09510971866045181,0.15914281544157394,0.07483802498695398,0.09472539926822754,0.07701961568975414,0.16365138766182463,0.07689721264947595,0.04465186862922059,0.06454022206013259,0.4221956087824352,0.2371525497121135,0.6679775705033932,,0.07914596520706296,0.05211336141559227,0.04287700078071013,,0.01748936422038261,0.14183986213033442,0.13538279922222557,0.12736042345694903,0.12245044651826609,0.06312219444131406,0.10326837993959288,-0.3101663506750844,-0.034596375617792385,-0.006426295585625352,0.03421436864627538,-0.3863602515727509,0.32158301440655235,0.01585215950694278,0.2336384370028563,-0.3766747900049109,0.13953488372093026,-0.06224143755237055,0.13574841078690722,-0.5017549537412416,0.09581355480950937,0.10901869250608438,0.06349538784462043,0.07313224258265856,0.4572713116577489,0.005322460151037027,0.837528550975619,-0.30271934833155356,0.261194029850746,-0.07607206930089683,0.6457847411105808,-0.5066919097846603,1.2148358204329566,0.38428746870375835,1.1264902771666656,1.0261136719098003,-0.33124176930823457,-0.3095208618986761,-0.22039874141164378,-0.9887387218808541,-0.42647058823529416,-0.3552641455816672,-0.2545764338379407,-1.143288637718353,-0.2957746478873239,-0.2857260522197512,-0.1943221629936958,-0.9683599988686288,-0.28985507246376807,-0.28559432405009616,-0.19469822158371244,-0.9660337404411109,-0.05313300568437951,-0.0382480987647054,-0.03223811622841059,-0.016298506567207327,-0.05808284635004679,-0.03684982924846055,-0.03363985801061455,-0.01616597875734339,0.05717195876357972,0.11991335575805051,0.05249532754726187,0.08048598323051569,,,,,0.05717195876357972,0.11991335575805051,0.05249532754726187,0.08048598323051569,0.21170668315414654,0.055386411349018526,0.06181130616308077,0.030450801786896298,0.1752578020402551,0.11755793431417205,0.09470461221584095,0.11923555134409569,0.03986577438102468,0.05498728017663579,-0.00761499298848658,0.217876928390114,0.1393215881912564,0.0897817999514768,0.05695226577276289,0.08014530363376726,-0.009496766168691995,0.049215864266042485,0.06607848657697775,0.10384299391370452,0.03216296383989059,0.11367830803664769,0.08515519480592937,0.5063995938213046,-0.019202659208140682,-0.004498245249402936,-0.0099039457150073,0.14295170152405196,0.015788884159591454,0.07081521635296799,0.04970514954796703,0.23465857335638338,,,,,0.06090743819328992,0.39690236471783047,0.21898296505061277,0.18812263755418868,0.21418118368840222,0.20447444641024584,0.12918079050877054,0.8158800127263334,0.00590829192502107,0.067374427075847,0.0671457986320042,0.08356418624369194,,,,,0.08558457353306315,0.07847293976209113,0.05885435928387743,0.07520401821902792,0.16096047019663318,0.10891528754902695,0.09014899916449623,0.10401690154113477,-0.9434408235278273,2.3076427349372044,5.994034313739967,3.8727586225477806,,,,,-0.32028798282249116,inf,,,0.3660269071082334,0.030052235416297868,0.07380707795722233,0.16019634025308585,0.05243797733325195,0.08916638024762351,0.0938319696373798,0.10432844422769053,0.527327097033429,0.2849084780253499,0.12978383362438037,0.1622230397864515,,,,,1.3189125630993166,0.2960745462219178,0.212677332669914,7.107645514610605,0.3903299664837643,0.1516944385212379,0.08408060622665665,0.21842027496583577,0.535432926704497,0.26194061613024316,0.1213347602754599,0.15933066936132503,,,,,,,,,0.15520900182649378,0.11566744810482003,0.08609883218421066,0.10610547685131663,,,,,0.015810276679841806,0.013318675222565357,0.015492238333704523,0.01944397982426722,0.01687221567133257,0.0632373066383461,0.10636478767230476,-0.6694234091895751,-1.3551629439765653,-1.3135760116143722,-1.0910368616894066,-0.5513509155524086,-0.6313470060660715,-0.34172230158862,-0.25403911352628883,-0.12257078440471902,-0.17134251166553505,-0.050930966059233786,-0.03204760896633916,-5.9456791693668354e-05,0.08585315713645625,0.07883612015101815,0.05909755591495582,0.0752229638925273,-0.11510451786918408,-0.12962523923261773,-0.07751311613041853,0.7649222927889968,0.08558457353306315,0.07847293976209113,0.05885435928387743,0.07520401821902792,-0.33124176930823457,-0.3095208618986761,-0.22039874141164378,-0.9887387218808541,0.01748936422038261,0.14183986213033442,0.13538279922222557,0.12736042345694903,-1.8365740226345615,0.33541320527292634,-0.07946887259601672,-inf,0.8676664469347397,0.21117820717494337,0.935489817749384,,-2.073869543239196,-3.3530236501348134,-4.494238121125976,-2.6093778741896654,9.087136797116703,2.1377312169404408,-29.67014714170943,,0.12135999766338856,-2.8560121658234014,-2.0742514873932065,-3.0649472237536246,0.09508509409378485,-3.5476363472454175,-3.710595309195871,,-2.3080644500020497,-1.2372604340180617,-0.8883384982596987,-0.3705628636081648,-1.6982612823456682,-3.1677269972114073,-3.206358793784471,-2.390258032329955,-0.256869293824897,-0.048863208097416434,0.15012312233770644,0.37276213490547033,0.44685652874798487,0.06055931036484108,0.11439028729198611,0.16349253139070577,1.9946477334789732,0.5306733065694965,-0.3080690587768049,-2.723684329325466,-1.0,-0.6477092237845906,0.0900920998804525,,,,,,0.9805604731518218,-17.877895126021787,-9.109813449682301,-5.138379195547968,0.37779503507545753,-0.026309985989266964,-4.121671445032629,-1.9303095960759933,0.2308906760795011,0.15587132742484097,0.10976964996593552,,,,,,0.4685592225410906,0.756377401972638,0.5222925132392271,,-0.03545756266782296,-0.028749563254606203,-0.029057828532620667,0.0012317294103007192,0.2991345619787553,0.17753786537693586,0.11435225747775701,3.1001388996667685,-0.8837116174674821,-2.013027284327951,3.4658885260031695,1.1279937958867476,-4.9005355776587605,-2.157117768870869,-3.129317757165121,-2.6018045588855925,-0.7551644713164903,-49.55599075626583,-28.571439880478618,-14.962466285375575,0.05717195876357972,0.11991335575805051,0.05249532754726187,0.08048598323051569,0.30465134382753756,0.07210119612536177,0.007233540406887129,0.060556887353769906,-1.1903165370132442,-23.49001520159059,-14.989201981042962,-6.130531804013013,-0.05872163519833695,0.09079826154557458,0.07525651917297249,0.0770747162980145,-0.062316081010905355,0.08588914979603553,0.07426457294517966,0.07103181854723412,-0.05305087814593523,0.10094728486234532,0.08997613796300996,0.09210971825365158,-0.039739241182736085,-0.017321438753257718,-0.03647559614694582,-0.00427305569973554,0.0,0.0,0.0,0.013916256157635476,0.09039548022598876,0.10003972993325776,0.11314862358113875,0.23479991502250286,-0.036751725244744016,0.09817572610085012,0.09091734392966082,0.09502141807979134,0.519851384374969,0.35575632574401556,4.816164286508149,1.7784412306844366,-0.32028798282249116,inf,,,0.04492269950377947,0.03626644462995424,0.02047254017953104,,-1.2920352869334433,-2.874339453372078,-2.5026442714274206,-2.1470776935812026,0.09169168737500866,0.07944834413743718,0.059930533506559455,0.08645293994138434,-0.03948915599686442,-0.5228314913935895,-0.9844635692706681,-0.7984407024920903,0.3248636214928977,0.004455154638372649,0.24085843056875564,-0.5696925301899638,2.0791654907661203,4.080314342303853,3.6482720236514696,2.312758103760464,-0.17134251166553505,-0.050930966059233786,-0.03204760896633916,-5.9456791693668354e-05,-0.285714579108859,-0.1184918643781252,-0.07427714914562125,0.0006057267179778835,-0.285714579108859,-0.1184918643781252,-0.07427714914562125,0.0006057267179778835,-1.1641981836134905,-22.64611797069775,-14.438582723611642,-6.08440680037256,0.04826393905575155,0.02440546447716811,0.04901210628594652,0.01204778247860273,0.12005205118111384,0.047191545363614584,0.03232853928144008,-0.04165585333958251,-0.06520179116064984,0.11229562467151584,0.19148722749034935,0.049570890469844454,-0.09847871358080851,-0.03265890452019563,-0.0094922837518018,,-0.12214719712241562,0.07089037994312393,0.10495518783201219,0.07222023111484514,0.14304412847521442,-0.07321258554315695,0.14038402494065086,-0.7194037135141012,-0.17130619124600777,-0.5761188655876107,-1.014821045594914,-0.8567272905979962,1.6565919523533266,3.837364583001341,3.755764439496602,2.2930807048495723,-0.1229133525432915,0.09297688539659539,0.2457872157786385,-0.4834150537257855,6.624663882304205e-05,0.0007009169834045389,0.052686818278854464,0.01675374849250404,0.22410648820913415,0.11813072446385098,0.08074860559074741,0.08474720659664885,0.39574303713244374,0.05820800429755021,0.28404108382899657,-0.3427800896704145,-1.2009960619134283,-24.542604757415074,-15.641042768719135,-6.453582680684154,0.5280462170864328,0.105216293902064,0.15572231285988042,0.1844895372338544,-0.1248427780150847,-0.014335865008361445,-0.0001313475139223197,0.017029132480122423,0.01866729236806064,0.009940757659855729,0.003175626344350135,0.01816589071484549,0.21202594690316579,0.15379891757607925,0.06739062025786191,0.08342388999242578,0.4626380186815673,0.22769541282109182,0.11282498550091577,0.12431612265554315,-0.1277645817197659,-0.0035228247783099334,0.006028245599128623,0.013918136033775886,0.05717195876357972,0.11991335575805051,0.05249532754726187,0.08048598323051569,-0.1277645817197659,-0.0035228247783099334,0.006028245599128623,0.013918136033775886,0.41949016574511,0.2505138365433836,0.12457688835931982,0.1617092284248285,0.41949016574511,0.2505138365433836,0.12457688835931982,0.1617092284248285,-2.3080644500020497,-1.2372604340180617,-0.8883384982596987,-0.3705628636081648,0.08255461388628027,0.00564691418041241,-0.022608953450264944,-0.010580467821198003,0.2247685653431628,0.04831112388139469,0.0423177196757943,0.035665411006617895,-0.07210398738963097,0.026764092048714883,-0.00217354619022736,0.01025157073543942,-0.02617264049452528,0.03863900893716029,-0.0019258446176974476,0.02659611578589275,0.27005185151776967,0.15995852007024633,0.13542707885677174,0.14103177538564857,-0.03053340753722622,0.010049350313614905,0.029754173286259577,0.029266554341990925,0.22769640457182017,-0.05001566154806477,0.20370757368287054,-0.1324360058962126,1.717058734638918,2.6059958279943967,2.3026692699134137,1.311176029710646,0.004498109658037208,0.02630682768519114,-0.022399105818210786,0.009662558737720395,-2.2049401602538623,-1.2167402453141734,-0.8630726405634279,-0.39623528454588286,0.41438351662219275,0.16930950466965625,0.061726285119393376,0.08828215435240272,0.1164730749245968,0.06969056760861007,0.007731022358644468,0.015389965235823654,0.30758137168930344,0.15903224980573263,0.05587306475314979,0.0658672665335876,0.4626380186815673,0.22769541282109182,0.11282498550091577,0.12431612265554315,0.39407296511417655,0.19035004473834896,0.13116269530247143,0.14548690088132243,0.7129998651169751,0.3302496726881682,0.17178248610834998,0.17065116245735007,-0.23667164352052483,-0.11960216663806682,-0.08214882933769954,-0.07655844876926218,0.31005220952627965,0.14806186017727083,0.10118607584050934,0.1005640883780932,0.6172932668641862,0.29664572316684046,0.19923278175117182,0.13387414924369892,0.2646350403692499,0.15550982188338122,0.038589854341988604,-0.2803397787975942,-0.1277645817197659,-0.0035228247783099334,0.006028245599128623,0.013918136033775886,1.6654618219713235,3.631352489203403,3.521004428791477,2.1230360907487,-1.124607582346245,-29.525806328068963,-18.717531667708123,-8.079592390473064,0.029184856587515018,0.055833804871887605,0.02731733403295633,-0.3886172379367627,-0.10963460149976423,-0.07937463772580973,-0.006469095502464861,,0.17372586435216797,0.0744126958403506,0.046979496702043023,0.06781483467077426,13.84030963437037,3.8716197332053532,,,3.604302944549964,5.190776636810326,5.157877150587919,3.183766843977949,-0.1929618206480994,-0.2724187911139473,-0.20014745757152128,-1.8281052607934385,-0.37570319785974393,-0.2915988694134681,-17.425743955706587,-9.2741311474841,0.1403783143952888,0.08042918129031991,0.030999001984918517,0.054932113752196324,-0.45255289910409824,-0.3456311480009278,-18.459341701528324,-10.128170142490733,0.13948163985343887,0.07953276232680895,0.03053626041877098,0.05479556998467233,0.1626897487030179,-0.07236616410341261,0.23007488799769438,-0.9537552785793999,1.7022510789749674,3.293767138922083,3.227413549434664,1.8467457377850174,0.06768837681676132,-0.004040372360278914,-0.01629529549567137,-0.00212688252501686,-0.009662571095689132,-0.03099235970256531,-0.041347465268668414,-0.02319277543050783,-0.8850946453364111,-3.12945723108772,-2.188419492898897,,0.09638363144669793,-0.026658633966356704,0.006392010793944647,0.015881395527379483,0.017203261420215554,-0.03203678433474807,0.0024517382880309578,0.018744041931339783,0.011512848834195788,-0.032950371731674775,0.0017208663894740406,0.0035470694897738906,-1.2560863208700188,-3.032321414718647,-2.6179788222013776,-1.9855836628016512,-0.1570633431823638,-0.45870090840279726,-0.9589169517203124,-0.8907933596443108,-1.256287838890502,-3.0335465119093836,-2.618510702699085,-1.9887172916850093,0.2204149301616316,-0.0695883319379103,0.13728323079141974,-0.8619914705561686,0.21358771603231208,-0.07060315541653524,0.13799695470037535,-0.736703987817424,-0.42492108182003174,-0.3428739950833662,-15.485527780958583,-8.522256733132012,-0.0637380924597003,-0.2060787159871156,-0.1531048990334639,-1.1134593442035423,2.715848265554198,4.100191758893792,3.72480290480825,2.1350686144498274,-0.3423379846697301,-0.3545343493877396,-0.3013733554824835,76.50095306012444,0.19586655647584772,0.04509177604223565,0.014676797317742829,-0.048422313758868164,0.5666476246097676,0.2087674348703331,0.12179560398801118,0.05888269347919922,0.3327902440978441,-0.01776613392964303,0.04474816630928054,0.07893611389746429,0.46072872791286423,0.022797321414382916,0.04234494029531446,0.05114168800654414,-0.06329526002576114,-0.013964461898089123,0.05094396929372831,-0.6325421242004662,0.08260363189884701,0.03608785154259205,0.03047530954978974,0.03808050100411625,8.291894010881029,1.8883073947167324,-32.34713487340568,,0.14027679596050047,0.11168020078242928,0.07484113555123736,0.014098626216807297,-9.360109061122573,-47.83398945308782,-31.46842321975597,-15.405673726230493,0.41749420698368533,1.6228262655074763,1.421218373730947,0.983188635551626
2019,25282320000,23368919000,1913401000,0.0757,42861000.0,1111347000,31923000.0,1186131000,24555050000,21460000.0,188730000.0,771833000,1411267000.0,0.0557,701356000,0.0277,-250652000,450704000,0.0178,161230000,287111000,0.0114,1.85,1.81,155613000,158647000,1163343000.0,0.0,1163343000.0,3657166000.0,3023003000.0,501573000.0,8345085000.0,3333750000.0,622255000.0,256853000.0,879108000.0,0.0,198827000.0,213705000.0,4625390000.0,0.0,12970475000.0,5166780000.0,375181000.0,0.0,511329000.0,2478815000.0,8532105000.0,2121284000.0,0.0,115818000.0,300510000.0,2537612000.0,0.0,0.0,11069717000.0,0.0,260000.0,2037037000.0,-82794000.0,-67060000.0,1887443000.0,12957160000.0,13315000.0,12970475000.0,287111000,771833000,20998000.0,61346000.0,-506070000.0,-586511000.0,483074000,0.0,-187020000.0,557848000,1193066000,-1005480000.0,-153239000.0,0.0,0.0,286265000.0,-872454000,-12013004000.0,0.0,-350323000.0,-52004000.0,11999559000,-415772000,554000.0,-94606000,1163343000.0,1257949000,187586000,29.57,30.545,29.85,25506800.0,0.32,4.18,34.03,0.3577292413646207,511329000.0,-167270000.0,66370239.72274487,12091367000.0,30221000,639434000.0,805889000.0,1887443000.0,1008335000.0,1008335000.0,0.007419651361109265,0.580822838495433,0.0016952953684630208,0.0012626610216151049,-0.006616085865537656,0.03052856699859823,0.025291745377797607,0.0011953412503282928,0.03187559527764857,1.6911967674048558,0.04691543339377083,162.46920244452585,4.5070527526620525,1.2054648390558629,-6.46141389215554,12.129083045760959,-0.3341880177106026,2496465000.0,1.322670406470553,0.46599611851157535,1163343000.0,0.46599611851157535,1333122000.0,1333122000.0,-187020000.0,0.9780804385318747,0.20509053744650352,0.1394045716730267,0.0896916265595516,4.520457041616621,0.6578097563890297,3.388088804111694,0.10054880946730027,0.1363488845953021,-0.014418901389501927,0.19564526356976134,0.19247290480880616,0.10278127824925455,1.322670406470553,5.864927841529519,0.7063111309851476,0.14551841779117572,6.871982359202371,10.978213589729604,0.9446277706486441,0.46599611851157535,0.07280122879383456,0.08843040347261376,7.843814813213942,0.07559889684013195,25868831000.0,-1.1470325367816026,2.8068900181462917,0.1521163817927217,450460450.19347507,4425055000.0,0.10179770651290776,4438370000.0,0.1440695570671215,0.18157319015764797,1.9492208265310254,7.730365798512274,-43.106301501591616,21.73247271011215,0.1475197323151234,0.15824521743488557,0.014998737806139103,0.006809031243451988,0.014953741964447504,0.04929919682972289,0.05288351598293228,0.03472968030804385,0.28473771117733687,0.4269739536505208,0.14094540256264368,0.0033045050393297084,0.022708500336169092,0.07752067676781305,0.3016062992125984,0.1570518427428448,0.23306802565056406,-0.045218929915828064,1.1811285530683255,1.5903052466601986,0.2113838132685027,0.1442337179802362,0.11399574946539988,0.10058530563345824,0.07637330532938227,0.14617440588437947,0.11707007988278417,0.09800132731825491,0.07498405009519239,0.12105107124945502,0.07901789931927376,0.1438069286065943,0.10301260603821763,-0.01943005181347157,-0.03091973857122987,0.03760791108153241,0.018012625692403483,0.11237704705302232,0.11314217778939062,0.092306469906236,0.03481026485178783,0.057704460577358674,0.06572276209611101,0.10907999719315006,0.08849048520455668,-0.1706157443491816,-0.04338145492388693,0.08259471243361564,0.05098916034302435,0.05177980326973408,0.06339730352326818,0.10649291800849865,0.08149810973838544,0.14122690170517216,0.11418767625680992,0.09825708544153637,0.07503021312826275,0.2047381126143828,0.3330284475938561,0.5153428679342131,inf,0.26662729359337467,0.11901256240985665,0.08464970140848949,inf,-0.002418237465490636,0.03547595974307671,0.10181702399932932,0.11184588609098925,0.088850689024903,0.05250936933902528,0.1724384202566703,-0.33098940378985847,-0.04948805460750849,-0.05664260123975895,-0.009346608611859963,-0.4166767040923253,0.29364957862448415,0.1332872397828726,0.4125643491144119,-0.38548636383715135,0.1306122448979592,0.008177697843723353,0.2693977414869292,-0.5218018373595538,0.48532758130274,0.23841329275638032,0.1500690955962272,0.113912158309071,0.20702408402762718,0.10877306378934955,1.0415701326698674,-0.34833585901928643,0.053254437869822535,-0.016826814077346024,0.812833732949948,-0.5611067257379377,-0.435982648849087,0.25184114843002164,0.316348777760587,0.9651423870725528,2.3257384454998262,0.5008450027704894,0.3148298668176467,-0.8389875328554771,1.9230769230769234,0.32978665267667834,0.17930003452128632,-1.0259809454106608,2.7,0.6460199795262805,0.41562319219756105,-0.7789155544241844,2.6938775510204085,0.6422499170946377,0.41111639476562073,-0.7823602710533558,-0.09651816973124239,-0.06478291794575441,-0.05095188134415527,-0.026684452179690878,-0.09367359064006764,-0.06253878638970094,-0.047256562520746795,-0.02514004790773865,-0.0752065465293108,0.09553891868726883,0.03965380012207085,0.056495484915878066,,,,,-0.0752065465293108,0.09553891868726883,0.03965380012207085,0.056495484915878066,1.159827032696537,0.4664487010754917,0.30359646174311744,0.13729937410854287,-0.12572005832768895,0.08238528179693749,0.09510866312645463,0.09542504143682155,-0.5604092900964066,-0.18031241018742353,-0.10444101142431769,0.1289165856198478,0.10532054432873017,0.12590734653056815,0.09386546690180712,0.07778029828445703,0.04244318977766226,0.0006575365779922052,0.0849105126969685,0.09770285208706704,-0.008745589371480511,0.015321824216801838,0.107505296335354,0.5060029429735557,-0.0798119879196506,-0.04687684009777737,0.013691885672564408,0.1170684344063938,-0.030619401108861632,-0.0045498874235507065,0.07403228798414578,0.22995479593600504,,,,,-0.08900262082363508,0.11796572418380136,0.20408881811961846,0.10559070132430726,0.2383383360181719,0.28276102958575206,0.12814493662649504,0.1615906791727252,0.028843446141417317,0.011212606603266987,0.08568213158754905,0.07640413652232417,,,,,0.07677748324061784,0.07909217958127113,0.08893677587906987,0.0711760025617146,0.045286481788541666,0.1303866073358455,0.11377181418415987,0.09768069182284338,13.889907528674048,7.223791310214279,8.959989986203306,5.307946626449636,,,,,-0.26040658696925645,-0.14728809171617688,,,0.5774774895171693,0.3513211935150442,0.20419353895751344,0.20336089686153755,0.17995503447509043,0.1554411033077201,0.15216214281566948,0.12042505415105739,-0.14927519608967632,0.055072677043359164,0.1023945633901214,0.10271876111705205,,,,,0.012527866416051081,0.4133413207981169,0.2466234646291386,7.140103975011075,0.23412224179777485,0.22062343909858906,0.13461287155755391,0.14767680381341736,-0.11004324911236207,0.07793902836026782,0.10299757256346542,0.10039860500841469,,,,,,,,,0.09793993629008413,0.120935268491238,0.12271588031027311,0.10378904308515616,,,,,0.011673151750972721,0.013161142810271512,0.012784851877176396,0.01919620065974186,0.15734360094926592,0.0721358751620329,0.10523435272877638,-0.6606727675398003,3.2679519562864066,-0.15230761722396746,-0.45151204743094364,-0.3008548542241889,-1.3203982761750963,-0.752269525493067,-0.47181909329332405,-0.26015726260148075,-0.0322080628347956,-0.07942403107083762,-0.030485151797972378,-0.014443290994408964,0.07684526214712495,0.07939659375620955,0.08918812641286297,0.0711652308394379,0.014630800883944195,-0.11103789462307678,-0.05742719264002023,0.7811054834509918,0.07677748324061784,0.07909217958127113,0.08893677587906987,0.0711760025617146,2.3257384454998262,0.5008450027704894,0.3148298668176467,-0.8389875328554771,-0.002418237465490636,0.03547595974307671,0.10181702399932932,0.11184588609098925,-0.6015937766815292,-0.23910998910478773,-0.06307021633000046,-inf,-0.3233698049942645,0.12237271377958325,1.039743806679607,inf,-1.8989448628676993,-3.617574294055327,-4.654110317777496,-2.5615914696314226,0.8545098684002503,2.8949656268260866,1.7562214986372868,inf,-1.9678805061059297,-3.1317404431470917,-2.9080553454879117,-3.14804013777009,-1.0,-3.5185025052377754,-3.6375104401087635,,-1.5861777150916785,-1.921446457896964,-1.222755053005248,-0.590777120994812,-1.881954995391399,-3.4181729743602083,-3.3392552358959677,-2.3094465073857013,0.2775777694490549,0.13075984296350163,0.3234471414166739,0.27654512271127557,-0.03006894316409281,0.064001245461571,0.13899243822961396,0.14880027356127487,0.3973500875401226,0.5144102567147332,0.13483015076757354,-2.5914947475579213,,,,,,,,,-0.17723629110369588,-17.55067854228335,-10.935356959169503,-5.112164047072657,0.09277490530872368,-0.012783372832707585,-3.894288719005945,-1.8575184459287626,0.30490800798086815,0.23203013859800473,0.14163404577941446,-inf,,,,,-0.22205592035867905,0.43788211731099497,0.275173650189911,,-0.10079020628360968,-0.05864013123973163,-0.05228221295184392,-0.010635361490957961,0.24127496450857566,0.20575044337909745,0.14901161773692645,3.2061697924409516,7.837938950769493,1.4528202211598915,0.21613190698906032,1.998764087193806,-1.0271675166732053,-2.1007315331589123,-3.0794481283583455,-2.5803567521984965,-2.3906511833014847,-50.0268965347326,-28.86037625460534,-15.002113550006365,-0.0752065465293108,0.09553891868726883,0.03965380012207085,0.056495484915878066,0.05717195876357972,0.11991335575805051,0.05249532754726187,0.08048598323051569,-2.824748786490404,-24.08860411181861,-15.30165913303866,-6.250147535233037,0.08833271991166725,0.1418013738212713,0.10126467189413416,0.12994468553688762,0.12774598486247002,0.15587145662366067,0.1008055874232526,0.13104540652599175,0.14149139579349912,0.17210340591699216,0.11557320433229412,0.1528842796552737,-0.36350195203082325,-0.1749482083197,-0.11260330385936217,-0.07675746429345726,0.0,0.0,0.0,0.013916256157635476,0.08290155440414493,0.09089197220590377,0.10141035039117123,0.1859472133200602,0.13395534821726085,0.15939588850856948,0.1121691978868384,0.1522593174335371,-0.5327207148436621,0.15413679337768071,-0.0307709488673543,1.7545981017435974,-0.26040658696925645,-0.14728809171617688,,,0.27503068092599237,0.10178748664080846,0.06682987348459257,-inf,-1.4818747765660691,-2.8629744768576484,-2.5312125708988695,-2.1324060238087936,0.08552133023723907,0.08636641796249678,0.09037788564603297,0.0807532065819784,-1.2569201210596117,-0.32876119166570067,-0.9272240347280004,-0.9487777538583891,0.22402436433175144,0.10066148345468078,0.4067172426928051,-0.6136090128472842,-0.49409243312908,0.3415870693616621,2.1780586503749313,1.4264868952239569,-0.0322080628347956,-0.07942403107083762,-0.030485151797972378,-0.014443290994408964,-0.03358888076359445,-0.12490912909423091,-0.08341220288898805,-0.024242834420454107,-0.03358888076359445,-0.12490912909423091,-0.08341220288898805,-0.024242834420454107,-2.5947343255286954,-23.168274312256504,-14.69646231150693,-6.183426861315941,-0.05650644497533375,-0.012576995058313592,-0.02245838098536952,0.012946141931934541,-0.02784105242366597,-0.004516561177662008,-0.007078433909717829,-0.03163277992410929,-0.2751618462049692,-0.13967641059150393,-0.007163355766101542,-0.00014141489262099461,0.11430965622708134,-0.011821013702854785,-0.02936195654304181,-inf,-0.12816608455184497,-0.06653525834203251,0.00816585617205461,0.0485426823209829,0.06973282214787302,-0.02072560354053295,0.26248868233871275,-0.7723839119414141,-1.2245346532115122,-0.3781709237420569,-0.9333607491613038,-0.9990553196999172,-0.557863433911097,0.1740132711666511,2.016109366682917,1.436288432378464,-0.18696699581653808,-0.020604631253524113,-0.08929660722820858,-0.4749891696409487,-0.08079985168912773,-0.04597956356328159,0.00549896576075799,0.01182829669133062,0.2664712002452363,0.19262142155481654,0.16161700833272344,0.10817255116663546,0.4318490259396406,0.21631104896491496,0.49037081969315627,-0.3367647179604451,-3.019685095324604,-25.206006227988635,-15.99233190575868,-6.593150146719173,0.07354793902981216,0.13769394712224883,0.20054679058025832,0.1809729065049027,0.07118029908505918,-0.01440655001937352,0.021540844922169056,0.013794266681143575,-0.004728414461967145,0.006399647922086878,-0.0014370838666276197,0.016646788534799915,-0.008827573282873424,0.06117060501062754,0.08906911970020422,0.07404663142700593,0.024158590967813698,0.16745746144166995,0.13374031999020572,0.1291325341050744,-0.06697015721703636,0.04537216183097603,-0.03143093674791113,-0.0001297982447517665,-0.0752065465293108,0.09553891868726883,0.03965380012207085,0.056495484915878066,-0.06697015721703636,0.04537216183097603,-0.03143093674791113,-0.0001297982447517665,0.057403926234384395,0.07075975424853775,0.1835192453447269,0.16779728413750655,0.057403926234384395,0.07075975424853775,0.1835192453447269,0.16779728413750655,-1.5861777150916785,-1.921446457896964,-1.222755053005248,-0.590777120994812,-0.063251978224375,-0.020809463923014266,-0.04256548842162935,-0.027698880248498103,-0.057951170600757274,0.13991450891855817,-0.018054171514706053,0.015570874557741643,-0.16332555455003928,-0.028003040254275136,-0.04966270608308658,-0.00924562327296563,-0.14114710990475476,0.015468653513150521,-0.043678157309828713,0.0082165580135397,0.21922387360587114,0.25586369117605196,0.19420456233712038,0.17128798971056086,0.0958206805401931,0.07107357693046094,0.05713563522925273,0.04762782062867088,-0.0336349370308926,-0.020410258384159663,0.32234571840285337,-0.13579949959930188,-0.5595710710876332,0.1783602958080415,1.2841066277857853,0.7390885185097379,-0.21624686835453122,-0.051478370515802584,-0.08832020063471487,-0.026261547486533254,-1.5443814754814023,-1.852926260524945,-1.206393153530072,-0.5953360529990845,-0.17349985048975325,-0.002343669632147346,0.015092084928832938,0.038505932581803626,-0.07950115771910315,-0.017012017311866707,0.0012407862111951883,0.01031460062248204,-0.01799216394080605,-0.008759046555693447,0.08761128398384559,0.07485838596552977,0.024158590967813698,0.16745746144166995,0.13374031999020572,0.1291325341050744,0.1344793174306671,0.22604134224288464,0.16745979049208776,0.15808257131623057,0.09259427117327079,0.1891438186004701,0.23140377615902435,0.19026537319647482,-0.10121454782599648,-0.14662709420126682,-0.1096489726141561,-0.08619404137000533,0.11261257909902334,0.1787481491868883,0.13071170907272506,0.11133711196018137,0.13610027289173177,0.30938687068397575,0.2456669456092806,0.15520437647292096,-0.028880693292007042,0.004310213345777229,0.027513139384991912,-0.2600559876148498,-0.06697015721703636,0.04537216183097603,-0.03143093674791113,-0.0001297982447517665,-0.5392210901988219,0.17415955702304398,1.8955159836348918,1.3334540105815036,-3.1449342702869556,-30.23451219166151,-19.093370664776568,-8.250607773148348,0.008347560741611693,0.07008328385244877,-0.01727266807893122,-0.3742153325211338,0.2779081211818868,0.06661535379727253,0.009468704695661212,inf,0.15425676738707383,0.12511575033024477,0.10463626793795706,0.0792609553392777,1.507472126882182,4.707443775499414,,,-0.847881132217273,0.8739614541330285,2.769264588419561,2.6865356954358477,2.4364188394060933,0.5899232424802872,0.3518010657640696,-1.648926921024578,2.5440413029445548,0.5865434719112828,-16.715102738540132,-9.06980649170197,-0.07842937160077434,-0.016287368293481874,0.021354635094841458,0.026414073283355922,2.8456534895220975,0.6860266539678639,-17.688320953280392,-9.867971353331992,-0.07817572933939909,-0.016666777467354083,0.0209951890102436,0.026395891757311718,0.32782831098012544,0.11264587020327906,0.4142133730487367,-0.9589024651119307,-0.45118871028599117,0.24860671626463793,1.716395130078031,1.124677448810971,0.06264640168422297,0.03221085952738537,0.010651390626243606,0.01105432813699193,0.3109924536207389,0.056889048831066304,0.021821254711118,0.014615740766014951,-0.38299939111821346,-2.104539451728726,-2.0639122082773165,-5.78908840583476,0.237285702754493,0.043270385720668325,0.08001992526345217,0.050334018655326274,0.041116747608422655,-0.00014977988843486076,0.04784595332861259,0.027186440374333785,0.03273057840738236,-0.006863760281786775,0.04664502745886343,0.013282840466474433,-1.5228842605401702,-3.0646775498234327,-2.6526369458811416,-1.9857825146970431,-1.2787083495593978,-0.32051888446773275,-0.9026212422156258,-1.0220336281965794,-1.5227403876237133,-3.0657025530144963,-2.6531210971409545,-1.9888615826078848,0.13674773421894604,0.01925774994898836,0.27941148081243644,-0.8972068825308183,0.1275912598274258,0.012424925098755812,0.27892572204465566,-0.7695170300238339,2.2913404655143585,0.47216750082016085,-14.825281033885023,-8.327475175801588,2.441328829212567,0.6384795720819698,0.40679328631682254,-0.9198105731550668,-0.47725585692231254,0.5646987825403038,2.1924473631233434,1.3445610510084243,1.8735964347770353,0.339576498996552,0.16163522401470082,76.61742440566144,0.03306120750711239,0.031009749810600635,0.004307017763827114,-0.026278261396839663,0.1493968944516395,0.22609678550435605,0.14229071467216475,0.09226405345664286,-0.09922795384163408,-0.01508301164003704,0.04205457584109249,0.06903158119521306,-0.06955979342837948,0.06372132767318246,0.04981114629346959,0.04300718888009005,0.0748215104444605,-0.006305289071148949,0.014820358268713373,-0.620832755716273,-0.1880588559103965,0.002898919673920234,0.004544828089877373,0.019692910665009868,0.7222777196445511,2.5917719065987117,1.5213131013656938,inf,-0.2926976548324567,0.007728253268260839,-0.0009436889984104635,0.00434313960731234,-1.4165370730724538,-3.939781957091799,-29.19425687435816,-15.302871971070612,-0.3019469737417405,0.7167752245755324,0.7280573880681376,0.9829879349223978
2020,27266438000,25335625000,1930813000,0.0708,44143000.0,1174694000,55544000.0,1274381000,26610006000,14559000.0,173877000.0,794581000,1229196000.0,0.045,499846000,0.0183,-239108000,260738000,0.0096,203959000,53912000,0.002,0.36,0.35,151613000,155274000,1393557000.0,0.0,1393557000.0,3952443000.0,3131783000.0,657102000.0,9134885000.0,4028159000.0,696853000.0,209870000.0,906723000.0,0.0,165407000.0,162242000.0,5262531000.0,0.0,14397416000.0,5687038000.0,160917000.0,0.0,496219000.0,2715309000.0,9059483000.0,2980323000.0,0.0,114657000.0,417554000.0,3512534000.0,0.0,412758000.0,12572017000.0,0.0,264000.0,2040922000.0,-34168000.0,-195634000.0,1811384000.0,14383401000.0,14015000.0,14397416000.0,53912000,794581000,29209000.0,83084000.0,262422000.0,-135973000.0,-77320000,592972000.0,75402000.0,34067000,1257275000,-983035000.0,-146909000.0,0.0,0.0,208831000.0,-921113000,-12544456000.0,0.0,-214510000.0,-50462000.0,12744305000,-65123000,-40825000.0,230214000,1393557000.0,1163343000,274240000,33.765,33.645,33.29,24958850.0,0.32,4.5,37.79,0.7822373416993303,496219000.0,-159318000.0,236376082.26265445,13490693000.0,-38462000,434615000.0,1352890000.0,1811384000.0,904661000.0,904661000.0,0.010057786059183822,0.6083934591283569,0.0016189500073313574,0.00203708309827635,-0.005843007436468232,0.029141356857833797,0.015939559101925963,-0.0014105986267806598,0.049617408771912196,2.5495472605562512,0.04673808144650211,179.84234861126686,3.2968544913694737,1.8088158667132765,-6.483843733716766,11.947418756966751,-0.3328342556377092,3141240000.0,1.7341656987143532,0.4436327692248921,1393557000.0,0.4436327692248921,1747683000.0,1747683000.0,75402000.0,1.0083229914996252,0.16883193003397656,0.15255331621580348,0.09679216048213096,5.001414940178339,0.6292436781711385,2.499554282625074,0.15490420369462585,0.15382301616990726,0.00523718978461135,0.2439697512386945,0.21818081800234154,0.12138865752021057,1.7341656987143532,6.940558710908344,0.9648329674988848,0.12581313202313527,7.948295888668554,13.896937084720133,1.4218098659611649,0.4436327692248921,0.1076112130615159,0.08082329894276029,10.227837545842974,0.05535298162509073,27402411000.0,-0.2740181250617167,25.094413117673245,0.029762877446195837,108847793.70095652,5323918000.0,0.020445054507029697,5337933000.0,0.08142009275875138,0.2534482916889365,1.8938424784002907,8.08984051577009,-200.52832547638135,19.566073005983966,0.13410830110069752,0.14312185445180614,0.04439889612549525,-0.007205410783537373,0.044282324686850595,0.03018701411419938,0.03221591359317123,0.007560231204054709,0.05959359362236241,0.746881942205518,0.026415512204778037,0.0030660362942905865,0.02436976367241844,0.0682785716548025,0.2440407640314099,0.14175613179476096,0.2175239640224329,-0.009444264165180752,1.9360068259385665,0.5981913652275379,0.13345959472695973,0.07847847824092091,0.12725940914466313,0.08916476977357242,0.09279071850252826,0.08415904903431781,0.13141174829699173,0.09231177645050162,0.0913430945576971,0.009100026601846611,0.07813708886553565,0.052488555821595374,0.12109083044509306,-0.0647291941875826,-0.04408267509529592,-0.03340244388501636,0.020965332194116504,0.029910641375609615,0.14683399138097256,0.10504124576445535,0.05497025937984116,0.0570001988577824,0.09075359122215458,0.06515705293262272,0.09325079931573406,0.739936722739091,0.21760460943139978,0.225619153011949,0.14174157537599802,0.07440156272789422,0.09510806047973408,0.07013908819169805,0.09023724249961139,0.08368771393257202,0.12952200109985626,0.0911212507172344,0.0910429830213794,-0.3215750232991612,0.10178623269921894,0.11892414769031241,0.22637181822796748,-0.07869972977269113,0.0890245096759155,0.06885352961349207,0.08259308765910198,0.02947269681394804,0.014847941189613337,0.09051480914789214,0.10911621927691337,-0.12901244059416117,0.02742956498300264,0.029840966350936804,-0.09835819601492009,-0.19210053859964094,-0.0920616562749806,-0.052173495992805095,-0.17782224182325712,-0.28731485864525286,0.10930591146192788,0.010778239700011927,0.04783937452932063,-0.3393501805054151,-0.023067683962175217,-0.07909244965291351,-0.060305383328876895,-0.046055886248663525,0.1783617499545286,0.15326555451446594,0.1085337787199144,-0.42148727324363666,0.08093604081391315,-0.03969916175257968,0.3489414695239777,-0.4606741573033708,-0.04874189652760075,-0.12712718546724774,0.19201285040164384,0.26501891707498615,0.34795736288628526,0.19637973486743482,0.45110126353262936,-0.8122259335239681,0.3940902475558745,0.11698998525596596,0.050052473499352934,-0.8245614035087719,0.22401497711095245,0.006544616564629968,-0.05891327623772861,-0.8054054054054054,0.532939982235757,0.20748328758706824,0.10669775118912124,-0.8066298342541437,0.532464214767499,0.2060929489231953,0.1031305916750759,-0.025704793301330908,-0.0584519895723176,-0.0473934518653379,-0.030096241947042322,-0.021261038658152986,-0.057672491882755805,-0.045096823408720454,-0.027675546509630167,0.1978900461858626,0.05995181947337717,0.09648471338614066,0.06291329990755454,,,,,0.1978900461858626,0.05995181947337717,0.09648471338614066,0.06291329990755454,0.08073929375915667,0.4840910032032801,0.28134511210054985,0.15881638761747946,0.03598408602307046,0.028507276578545532,0.05258756612757953,0.11879017849467266,0.31008248051629583,-0.07015367839969537,-0.017072993810040682,0.17824721194280124,0.09464253509700615,0.11309488920566424,0.09386169585603335,0.09841381243955305,0.20829666291713544,0.08041436217536857,0.07967748909858503,0.11959178031379,0.11988332757470821,0.04776690068103943,0.09043453246263415,0.6157466349003665,-0.1829178557384964,-0.09397750095542923,-0.05524491588127116,0.12288461307589767,0.0314125226934574,0.005527335248062408,0.04264775412869994,0.3209989388082789,,,,,-0.16808582335397104,-0.06539366866143874,0.18672372999517706,0.15683971088128865,-0.24081327063007418,0.07056874969216664,0.12218968092376706,0.12945553436644502,0.1377486006585391,0.05750011290832583,0.07374306560549948,0.13345476568600043,,,,,0.1100145522812388,0.0907922030183066,0.08444217096162601,0.10655523939449152,0.1006928880269724,0.10231328000404909,0.09454504649251898,0.12041171677417542,-0.5710950181379121,4.125123895669436,4.04834814306955,5.27764412034225,,,,,-0.029550445994653174,-0.2034150052621336,inf,,0.09540607104604426,0.34630348922381565,0.15260805336242142,0.21440347091284648,0.06181100677968687,0.09806800619600975,0.10185303639952956,0.13847481385699528,0.4049618061513687,0.2610045690317071,0.22208240882754843,0.14890857859275755,,,,,-0.010024348546857964,0.4404720269895033,0.17814543130698934,7.194697246395097,0.3894845429436624,0.33797891707506716,0.2157380200610302,0.18925763091577907,0.384188756988854,0.269859478193663,0.21199347125344428,0.1445132808227303,,,,,inf,,,,0.13571259319456863,0.12962051043704884,0.11613097475982256,0.1274219917772018,,,,,0.01538461538461533,0.014289347938476618,0.013402758560656824,0.019804429640063858,0.0019071818528577644,0.05870766615781875,0.0697925405434324,-0.5593502080138856,-0.5873130903205546,0.4418253073297622,-0.2520178337754529,-0.32493830210117186,1.9172979421413658,-0.011482446699933998,-0.0856534477599181,-0.07241362099116645,-0.0402973758677746,-0.08128265012270175,-0.04505966737605431,0.02868060442657393,0.11007358093903297,0.09092400007420472,0.08468544070784248,0.10657382952141763,0.052572286894480014,-0.015967143363586622,-0.06433452598388581,0.7884831875591325,0.1100145522812388,0.0907922030183066,0.08444217096162601,0.10655523939449152,-0.8122259335239681,0.3940902475558745,0.11698998525596596,0.050052473499352934,0.02947269681394804,0.014847941189613337,0.09051480914789214,0.10911621927691337,0.3910372416420611,-0.68237685255801,0.15913661615586214,-inf,0.3543507319140613,0.29954912461817884,0.13290310968892538,0.5721137890448255,-1.5185488173572828,-1.830454407821393,-2.6953129261258844,-2.5892673444665553,-0.768166325951261,3.057826779855231,1.2999074386540623,-15.441775538365235,-1.160058293346361,-1.002192933929634,-2.339195059384499,-2.1358016369837207,inf,inf,inf,,-1.4031761308950914,-1.7658060986629398,-1.340227029608191,-0.7218783093025766,-0.9389313934978704,-1.5063825570783127,-2.4648134761046987,-1.9042170293452112,0.0538184811234248,0.0248423189158609,0.036961325256046076,0.2466134579006943,-0.022322671758762014,0.13148830460837668,0.025857263234333683,0.15997948246554045,-0.04130802210925422,0.7835632663032804,0.3896123970278716,-2.5027955101074277,,,,,,,,,-0.27049761584545784,0.17760885540088936,-10.816283857002905,-5.1320845569565225,0.05577256795200669,0.1754475027787293,0.013923503058585895,-1.826326456340881,0.044239725550744735,0.193346136537038,0.16335234316122715,0.14012146277694668,,,,,-0.3876793701812328,-0.047058689332940405,0.3318793830756005,-inf,-0.029651565264210422,-0.05529977807188102,-0.043338092262327745,-0.015219032872241378,0.06206444753511353,0.2008246580074815,0.16719060163489935,0.14647998009890908,-0.843368480801978,2.0369529508333444,0.1910977233967321,2.22477650954319,-74.6913357400722,-26.87301294480139,-16.437971312671603,-9.693408753008338,-3.433397458934951,-2.1930710378509755,-30.898404182206786,-15.340010378371636,0.1978900461858626,0.05995181947337717,0.09648471338614066,0.06291329990755454,-0.0752065465293108,0.09553891868726883,0.03965380012207085,0.056495484915878066,0.46194278890748786,-1.18437417819872,-14.566570320470936,-6.460408751682712,0.14186675684815686,0.057159280520495716,0.10051885227930957,0.18097757511709756,0.10148960550008179,0.05563983645054882,0.09738060795013168,0.16805877385566095,0.11524288107202674,0.06789446623986355,0.11191522629051236,0.18848654458017924,-0.021482506625684183,-0.14157456661308118,-0.08738975498325612,-0.07323822996015147,0.0,0.0,0.0,0.013916256157635476,0.07655502392344515,0.08328401951785962,0.09191515362547267,0.15723907934876835,0.11049074346165133,0.06923145547805605,0.10779465399629251,0.18285030211108627,1.1866743090817775,0.39126832620436147,0.3442445142940324,2.0734402142071398,-0.029550445994653174,-0.2034150052621336,inf,,-0.04753990554193821,0.09080449162927788,0.06725802185478338,0.0834767064318376,2.5614770000845595,-0.07081102113831765,-1.5086832273195485,-2.0044070028933456,0.11572934640061794,0.09764745467095522,0.08791914181003371,0.10240632669318821,-2.2726911750107543,-1.1897001506890768,-1.019621154050227,-1.0070384253797908,-0.3203129642777832,0.07619167384895531,-0.016584627206182766,0.041463442164251,0.6787547664752838,0.7546092747041081,2.4851210720515526,1.6901233881564282,-0.0402973758677746,-0.08128265012270175,-0.04505966737605431,0.02868060442657393,-0.10281702013715677,-0.14070682666987008,-0.09837629880702536,-0.02434698091295162,-0.10281702013715677,-0.14070682666987008,-0.09837629880702536,-0.02434698091295162,0.35556046634516614,-1.1344573475990065,-14.035505554255355,-6.43773606764808,0.04746821027964909,0.013075234786688964,0.012835631747163933,-0.004168124539532825,-0.04503366348536608,0.015725778424027264,0.01373998403636234,-0.026730782430432663,0.6133254004076727,0.09098725434735122,0.1350100856434502,0.0701478554111867,-0.11684830650344047,-0.03367245461905588,-0.020103072767389207,-0.002427398319629903,-0.0454397397961106,-0.09858434049012373,0.007813063096283246,0.02841691449021776,-0.3697722769295896,-0.052331775435500716,-0.10393544228223747,-0.0672294974949706,-2.1800802711303136,-1.1919737051959445,-1.0265943042209316,-1.0415868971568496,0.5565955189142564,0.5517746791188286,2.3021651668014367,1.6966844614074312,0.5075402872656478,0.06588664630193941,0.11990078952777919,-0.2969739741965529,-0.003780247446083851,-0.028171284165462846,-0.016495469636999594,0.0034982274350951357,0.1069319348242197,0.1991698744261967,0.14555906169220179,0.12819810630269862,-0.26851211372615624,0.18635998311530935,0.06759218502122699,0.09542068240990778,0.5005131697826763,-1.2400559958184518,-15.229397239557429,-6.796580447338829,0.0034713519263107617,0.20168850268085192,0.07853363453246298,0.19545391843472032,-0.014977578116071921,-0.02288001901536581,0.002639025188780586,0.05989103460198344,-0.004050899497137883,0.0032959928029852037,0.004208591804092432,0.015470978317495132,0.25827520113440405,0.15382452491823215,0.1421688761159537,0.10972963674940495,0.3111094723453023,0.26596869399822776,0.2036708603552783,0.08966502926875766,-0.04799041965867312,-0.08090838619849179,-0.02510581024212786,-0.030694883646216642,0.1978900461858626,0.05995181947337717,0.09648471338614066,0.06291329990755454,-0.04799041965867312,-0.08090838619849179,-0.02510581024212786,-0.030694883646216642,0.31097003875114204,0.26262137691021215,0.22398309492313545,0.23884670944007852,0.31097003875114204,0.26262137691021215,0.22398309492313545,0.23884670944007852,-1.4031761308950914,-1.7658060986629398,-1.340227029608191,-0.7218783093025766,0.030920312661753435,0.0167409827745529,-0.003078184604276868,-0.025400435435064615,-0.17679317565777386,-0.0033252603051227756,-0.017962194922869414,-0.00582894565507599,0.09432075566084852,-0.047036262092940574,0.0022574954513907785,-0.027439626754069434,0.07916607374563434,-0.029384558884548568,0.010787198130472086,-0.03378466568399555,0.10639585646625616,0.19855719386329898,0.16109905805657326,0.11515860714226131,-0.04342604824638274,0.00728707491886138,0.016508536646931016,0.02674361884731923,-0.26225242986792974,-0.02273032077566739,-0.08918687030860332,-0.05069049233006022,0.5405871488215146,0.5660249374575997,1.5598007123434143,0.988367317752959,0.1281574955781284,-0.02786375437278854,-0.001833777944165882,-0.0420847002493932,-1.3632169777112442,-1.704179537815503,-1.3115638378270333,-0.7517065633343234,0.24700054980734087,0.1626280719799268,0.11628584266531128,0.03850163230076148,0.13356640104264272,0.05684610608271212,0.05262738922987396,0.004467497827043187,0.18103860535603888,0.1568759377015121,0.12802863816648616,0.1135575690839515,0.3111094723453023,0.26596869399822776,0.2036708603552783,0.08966502926875766,0.1834005291185834,0.237317603887809,0.17778599615285948,0.10623436769075978,0.3660169366907138,0.39053702432698656,0.28987204518569787,0.21324037502245313,-0.1354143761810156,-0.1577668558425123,-0.1190870847842425,-0.0696175429021315,0.15662344185515487,0.19309607682681929,0.14268432029719813,0.08390122120657245,0.2658650673112306,0.33975286902238283,0.2583805019406967,0.1816618885532062,0.5051535749206864,0.24696930733264308,0.1885604694557646,-0.0682800192997817,-0.04799041965867312,-0.08090838619849179,-0.02510581024212786,-0.030694883646216642,0.478151053827121,0.5347972618665409,2.1665974862477015,1.5877432265150058,-0.08602363249659195,-1.451855161709931,-18.361675377398086,-8.537186217199052,0.30393664172346746,0.11382301968419806,0.0959571234161484,-0.18202217999152412,-0.26780701916662886,-0.0331778331615021,-0.045604562232434254,-0.0014693644125855054,0.059282926236597255,0.12908851932527968,0.08735555622894457,0.09508702101760073,-0.7611069291629953,4.862224944029852,2.4722448794670493,,7.9402908398405785,3.5655708840577565,4.532947923610857,3.5695610873944004,-0.8043414056038249,0.47970520438472297,0.16296421209208528,0.017417419582955528,-0.7583632621816059,0.46999161430106834,0.18217628650450898,-8.545746826998508,0.2031303565718392,0.08835976645545122,0.07319770576840492,0.08073204671795667,-0.799159969243145,0.531313540391618,0.2019200152552338,-9.090412511857627,0.20267868609421935,0.08799486553608638,0.07262024874704942,0.08060945037478234,-0.4348556737713988,0.018554128637248184,-0.06482517102030223,-0.013568284752924598,0.39584644334818453,0.5489696040123869,1.9651918299656885,1.4092352467471385,-0.028410505047439916,0.033974757817848124,0.004422955911189264,-0.012690917710124905,0.04650164385843136,0.11594384212782705,0.05290340367429487,0.004529389154352148,3.651949216032307,0.7946183931925609,-1.2238843736698133,-5.3238934842315295,-0.09968491542704927,0.07799480625804722,0.011524977085674726,0.05971855238135841,-0.09091279521696205,-0.010864262062774613,-0.02918128012255672,0.008561507898592691,-0.09556916302574736,-0.017108578594723072,-0.032337939962677864,0.011608543042376674,1.96017549605557,-0.27293169511820636,-1.7319346017281085,-2.0354706458036658,-2.058213793697388,-1.16466182881305,-0.9426049736930355,-1.0233827240952134,1.961287201031805,-0.27258034182747015,-1.732418544464012,-2.0381284606432777,-0.38767736483691795,-0.010171566818780101,-0.09193892528634055,-0.05961052404710029,-0.390813696964312,-0.01654490703485804,-0.09500638067729839,-0.05567917995148619,-0.782312099132578,0.3613690948539163,0.09608127622633636,-7.6446625793718415,-0.7907070567647885,0.5289612266626927,0.2064771248972863,0.06998858967086756,0.7492447392162065,0.995945715949364,2.5145128317950536,1.7006919573400636,-0.8125833711174966,0.23955835966326955,-0.0005179969007359953,-0.2529321175687189,-0.07216473940905033,0.052254341524636594,0.019234359244953803,-0.043027451207667176,0.07315601257927895,0.26306684388022866,0.16977104232838355,0.04284027162382549,-0.11922116135146943,0.03811370963491353,-0.05434950339640652,0.0426080318077641,-0.19086317272376097,0.0667685872535746,-0.03840620038179834,0.036405328856272776,-0.09739275057809349,-0.02862216671979804,-0.012892925165580072,-0.5290753260163461,-0.06669323938683969,-0.05738282113279639,-0.029297708133892007,0.00692610208893697,-0.7911435723321936,2.741009386064462,1.119211266292511,-16.764907751185724,0.6391160986746318,0.16223174660089187,0.13629180923789258,0.10226602802123416,-0.6238512282570908,-3.800165787484039,-29.108471332118597,-15.290283411626726,-0.36863853166733507,-0.08436376614179675,0.8395786582226707,1.1074215337720124
2021,29285000000,26926000000,2359000000,0.0806,34000000.0,1213000000,47000000.0,1294000000,28220000000,6000000.0,130000000.0,876000000,1950000000.0,0.0665,1055000000,0.036,-111000000,944000000,0.0322,246000000,696000000,0.0238,4.69,4.58,148548000,152051000,1567000000.0,0.0,1567000000.0,4139000000.0,4414000000.0,757000000.0,10877000000.0,4465000000.0,715000000.0,182000000.0,897000000.0,0.0,176000000.0,239000000.0,5777000000.0,0.0,16654000000.0,6841000000.0,108000000.0,0.0,559000000.0,3175000000.0,10683000000.0,3211000000.0,0.0,111000000.0,512000000.0,3834000000.0,0.0,441000000.0,14517000000.0,0.0,0.0,2688000000.0,-25000000.0,-527000000.0,2136000000.0,16653000000.0,1000000.0,16654000000.0,696000000,876000000,-13000000.0,102000000.0,118598000.0,-283000000.0,-1276000000,1310000000.0,194000000.0,-346598000,1433000000,-1159000000.0,-50000000.0,0.0,0.0,358000000.0,-851000000,-1613000000.0,0.0,-428000000.0,-50000000.0,1678000000,-413000000,4000000.0,173000000,1567000000.0,1394000000,274000000,57.56,58.245,58.055,17268350.0,0.32,4.82,62.875,0.2605932203389831,559000000.0,-124000000.0,177877118.64406782,15757000000.0,270000000,1074000000.0,1803598000.0,2136000000.0,1239000000.0,1239000000.0,0.009356325764043025,0.5142009325985587,0.001161003926925047,0.0016049171931022707,-0.004234249615844289,0.029912924705480622,0.036674065221102954,0.009219737066757727,0.061587775311592964,1.2265402843601896,0.04418644357179444,197.14166464711744,7.102081482079867,1.844521636104155,-7.8021918841048015,14.379190564665967,-0.33659153943506476,3319000000.0,1.5538389513108615,0.4721301596866526,1567000000.0,0.4721301596866526,1752000000.0,1752000000.0,194000000.0,1.0181596929701395,0.17317232986988673,0.14406545922588948,0.09409150954725591,5.001404494382022,0.6414675153116368,8.261538461538462,0.17350912664981746,0.1466816437330338,0.011648853128377566,0.23021496337216285,0.19929146151074817,0.10519995196349226,1.5538389513108615,6.796348314606742,0.8202247191011236,0.12825747568151796,7.796816479400749,11.716707021791768,0.8984615384615384,0.4721301596866526,0.12424040779775436,0.07502738225629792,7.444615384615385,0.0391684242241639,29568000000.0,-0.5062611806797853,2.591376436781609,0.3258426966292135,780074152.5423728,5970000000.0,0.13066568719302726,5971000000.0,0.17986936861497238,0.30205962150393567,1.7584364116728715,6.100135931128229,-103.48056537102474,18.688576898532226,0.14164765221568393,0.14971123944913373,0.02979516225193766,0.04521855635571931,0.02979017227333241,0.06448901164885312,0.06816018277590911,0.04684004758870979,0.5617433414043583,0.8443810861423221,0.25892857142857145,0.002041551579200192,0.015917602996254682,0.06959289059685361,0.25957446808510637,0.1614026660261799,0.2650414314879308,-0.01699291461510748,1.0718390804597702,1.3795620437956204,0.19384615384615383,0.07403101204491769,0.09891440275535827,0.09889934773640766,0.08543180686577632,0.06277228211263775,0.09770191234377834,0.09962831415906162,0.08449265211742243,0.22176513209720472,0.11730540998283545,0.09358377133137452,0.10357298557936992,0.1384180790960452,0.01808627769833034,-0.003814066161045404,0.013018522217542173,-0.22977595541761997,-0.029162755662996014,0.0279122438652323,0.029196280103955217,0.03260934336942212,0.04910466760152107,0.057355565703107514,0.07759879844465759,-0.1538239953910413,0.138498994332956,0.09119367251527777,0.0635382086665598,0.015394925065580933,0.047192097021069745,0.05599767967265594,0.07119946742050755,0.06050333096505134,0.09513931553426518,0.09735081473361062,0.08360719838062983,-0.58788378322687,-0.23490689797054945,0.017925307251107414,0.22777735318295353,-0.252345048511304,-0.02147249489687349,0.005198581789114964,0.06110218439830313,0.10246784154164268,0.043174100296700026,0.047673683516964174,0.1223469381975307,0.586402819403903,0.18208035594488162,0.12298369736536355,0.15692650356470625,0.47777777777777786,0.07872972819020947,0.023149887091772015,0.05400006285619043,1.1106500802247092,0.3723282667346468,0.24463938818561481,0.2948926972207493,0.9672131147540981,0.2528250597155474,0.13047920555597062,0.16773813610545463,-0.5357746290379243,-0.0321676446612826,0.026681872596510624,0.07037050702667266,2.6204926017688255,0.802009804184272,0.5050649039786476,0.735591155714134,2.354166666666667,0.6489156490777063,0.36860241342625166,0.5488248659055198,0.20612476036850547,0.01172034286480154,0.2453334245467113,0.5241674680185594,11.90992728891527,4.474479933630376,2.520047272740554,1.3555352694344736,10.9,3.999505173189384,2.212959710904253,1.143724637503495,12.027777777777779,4.640790790790791,2.6320864621902427,1.423507500547716,12.085714285714287,4.6576540008268505,2.6411668405488116,1.4255563719338937,-0.02021594454301412,-0.047479635858529136,-0.048053898336321656,-0.035658864990439486,-0.020756855622963255,-0.04523049497372796,-0.045926850690043805,-0.034869540107597644,0.12446064280111968,0.08238138081922382,0.12179348900975775,0.09041667515960215,,,,,0.12446064280111968,0.08238138081922382,0.12179348900975775,0.09041667515960215,0.04720042768485211,0.42925558471351527,0.3054571649340968,0.15233280441265884,0.40942076765855107,0.10656159845131086,0.1385121398144868,0.08901324357346962,0.1520281478370178,-0.03276622058103099,-0.015765320441791398,0.1585348943069421,0.19071011840871566,0.13022439927815066,0.13261493861948526,0.09090777113730605,0.10844681155833213,0.11972888808437661,0.06374321684188884,0.12508976411477332,0.026041360229488886,0.04572636614423886,0.03837803209092052,0.6050744970379651,-0.1327964930671368,-0.13184211224176126,-0.09126897381979307,0.13023118357889368,-0.01072323079926285,-0.0033100364048890274,0.0014079259247084864,0.33510372465546157,,,,,0.06404202966017158,-0.06434880483914485,0.04997067577152092,0.15231644822211704,0.4731080731253312,0.15687771283780963,0.2161155782505026,0.14655114165107536,0.09776075428344266,0.08811760036113303,0.053829434950356546,0.13880088484292524,,,,,0.15673534750958096,0.11450912767714587,0.10080528770692662,0.1024860694699957,0.2029109001909255,0.11629675666881319,0.13895272204508688,0.09923189515147476,-0.3288465482205112,4.329988654105208,4.154286472856883,5.259948128053415,,,,,0.12651873467158659,-0.05447943276410768,-0.06897919729431945,,0.16929601750666312,0.28072652602329223,0.263733133819568,0.20488642675969304,0.17920636310041083,0.1403241347850627,0.1414681359606516,0.12217082893770988,0.07739999993289315,0.11102886999819517,0.12951596744286786,0.15837907016987635,,,,,-0.03189513069415739,-0.009797204274988092,0.23962089663066707,7.256514913794805,0.22618870852632234,0.28326516442258654,0.2555087137531504,0.21124540634301123,0.09151968351053674,0.12188839712900956,0.14190510511603885,0.15532322468161358,,,,,0.06842265928219438,,,,0.1547073154609957,0.1294532816485495,0.13064514282585565,0.11968183859742831,,,,,-1.0,-0.32431407762147063,-0.18902639123691403,-0.08157805883919882,0.3170518030576377,0.15876752861992047,0.10707332207931883,0.47237687010209717,-0.26832123624443927,0.8041058765738042,-0.2625114356473793,-0.3137396396240379,1.6938057801813589,0.7635684820492094,0.27085902916870463,0.09051255559784215,0.17920882595849363,0.035567795751974475,-0.019872128624358765,0.03664553779857262,0.15779293089304813,0.11490392465973535,0.10121125862014195,0.10272430777190258,-0.9286478772743489,-0.2871482631653082,-0.24183785484981984,0.5924170751456206,0.15673534750958096,0.11450912767714587,0.10080528770692662,0.1024860694699957,11.90992728891527,4.474479933630376,2.520047272740554,1.3555352694344736,0.10246784154164268,0.043174100296700026,0.047673683516964174,0.1223469381975307,-1.4450683008661713,-0.5518749453018797,-0.35427220530769465,-inf,0.22767319820904142,0.08621804170961274,0.18982841429237052,0.45727378592019735,-0.5480638056260527,-1.321852495283678,-2.5838671010298633,-2.486473597788785,1.0812955513226892,0.38921303125722617,1.7996052211699376,-15.088051813291703,15.502845318158304,4.1249688395686706,0.9895131390741332,-0.143976106774565,1.2092105529434778,inf,inf,,1.5728760510331292,-0.4721592649845469,-1.1189278907105709,-0.5704383174801195,-11.174010039040715,-4.664965475976661,-4.473492071123841,-2.907925878878724,0.1397665586287804,0.15705426973375336,0.11717291372854202,0.28389836825075987,0.1790017649422453,0.04220338333979682,0.06973656591363926,0.14154386416237377,-0.659653254735925,-0.1012037297683522,0.16845389865980406,-3.118665050140407,,,,,,,,,0.7143048685300555,0.08885698719363393,-10.441645674833092,-4.817163494852028,-0.0761176967429621,0.024143258839256092,-0.01173904945781563,-1.8877801059837283,-0.8714173017945138,-0.17408985608763364,-0.026217432089950976,0.05266726937398528,,,,,0.9952449769241527,0.12850322879474696,0.38424239173518093,4.030100548083775,-0.009155404066426232,-0.046532391871415446,-0.042945472609966305,-0.01661457596421371,-0.8683333457571834,-0.1883313112378314,-0.037803513616955484,0.05679627042960119,5.341845430953733,4.112138633640416,1.7713875227262865,2.8077750670224995,-1.0979791794243723,-25.605494145389926,-16.418301903794664,-9.636312472998558,-0.24852528516945105,-2.0241913091352957,-30.75252246966044,-15.137195488722947,0.12446064280111968,0.08238138081922382,0.12179348900975775,0.09041667515960215,0.19827084531389283,0.060078752516053914,0.09656087321174671,0.06295137982035756,-0.0008751458576429227,-0.7878937144801864,-14.360948938481197,-6.371431072414755,0.7047238264475049,0.31164110106910964,0.2543989409518951,0.1650469911363845,0.7311636201515825,0.3201330701713781,0.2600535191045293,0.1695644753841448,0.7439170922198859,0.3335504563618039,0.2750940382085778,0.18723633846559604,-0.3081271773338916,-0.2310372119967997,-0.17089086178373517,-0.13679294639734424,0.0,0.0,0.0,0.013916256157635476,0.07111111111111112,0.07685589647956707,0.08406841033045351,0.1376835237932128,0.6637999470759461,0.3027486795849528,0.2504956712126612,0.17981781953218784,-0.6668616972786405,-0.004302701013508381,0.19644459838723582,2.300028224061635,0.12651873467158659,-0.05447943276410768,-0.06897919729431945,,-0.22168242132088023,0.0019361180210579754,0.00722802661192139,0.05944936057218645,-0.24748258393412337,0.27737321319478897,-1.254985802884502,-1.9140133393610035,0.1679904064231541,0.12308036102033704,0.10856380134225248,0.0984053200630652,-8.019915761010868,-3.8498423523604113,-2.255778102203745,-1.5193362671232835,1.4711526293386101,0.4582880097975261,0.29056482308497383,0.32394981268886536,0.3331446015566675,0.1726023116342904,0.4073321152233875,1.8907669006356738,0.17920882595849363,0.035567795751974475,-0.019872128624358765,0.03664553779857262,0.3695737961512655,0.07772263175017143,-0.021594122253716798,-0.0004169988365974486,0.3695737961512655,0.07772263175017143,-0.021594122253716798,-0.0004169988365974486,-0.06974301213141132,-0.7696389571049802,-13.843801096511152,-6.354238614206137,-0.15482172780875625,-0.054619987501480304,-0.029016900540809586,-0.0047739464400087805,-0.2828661035439747,-0.11858027315100224,-0.06828989011246536,-0.04459092080958478,-0.21214937453447558,0.042004726556075976,-0.0035706411802629346,0.0070558602630707125,-0.27533044209102475,-0.09262303078912797,-0.08552835794060591,-0.01871725430448099,0.026476730353048428,-0.04904303133163571,-0.043713756893831945,0.04652784681171662,1.3008205551100631,0.33359370010944883,0.17377429351177492,0.19367382606026567,-7.536045684235126,-3.6468868695256504,-2.170127745318322,-1.5298983257501924,0.2412533591729411,0.07999514805870016,0.26397773831743016,1.8794782109022379,-0.5189183964793077,-0.06611503501006599,-0.014638400594846446,0.0861797938612522,-0.05459440772356816,-0.04639150228625991,-0.039262669171899356,-0.007028442989692729,0.09619155982689831,0.15653156496545143,0.15619755186311352,0.1269800276113168,1.1541992528550291,0.4391787216895045,0.3069240572047236,0.3455981479278705,0.01973985857154048,-0.8331440223234624,-15.019553131122336,-6.705167305134941,0.20332818071053538,0.09344915722221943,0.12397627480071853,0.1841135276771829,0.20353951402943893,0.08658074499947539,0.029068457171049288,0.07404945103471505,0.011288753286997633,0.0008364797759642014,0.005287359511224077,0.019556194669147042,0.05658911767327557,0.10201224850826873,0.09967522676791245,0.11927303777832958,-0.10398472737477127,0.07709444531278158,0.14189942585910817,0.09185381404953549,0.06423644157655595,-0.016908045099717845,0.030472501482162184,-0.012646870409622701,0.12446064280111968,0.08238138081922382,0.12179348900975775,0.09041667515960215,0.06423644157655595,-0.016908045099717845,0.030472501482162184,-0.012646870409622701,0.0024701275917886623,0.1236146975257717,0.1051438858177088,0.21564407733192964,0.0024701275917886623,0.1236146975257717,0.1051438858177088,0.21564407733192964,1.5728760510331292,-0.4721592649845469,-1.1189278907105709,-0.5704383174801195,0.009755506473064335,-0.007525386363185745,-0.004350514526845007,-0.018727295168084857,0.025708406194472122,-0.06967864668801967,0.05373175145847455,-0.0078053672965960885,-0.05563862655012353,-0.04154780847977143,-0.009065398330420082,-0.00011098394999282668,-0.027901546172984015,-0.029960860777368148,0.019534097622420376,-0.0075124939226555165,-2.0885682235904923e-06,0.10853921383463457,0.1747969682852377,0.09308713049430821,0.01942623750472361,0.023940289932844656,0.037844184009944735,0.016592047303703485,2.3052046594731506,0.6697724308581093,0.3963442908905483,0.316576733495194,0.12010599138980682,0.03370735637456276,0.2391548055270892,1.1596224140796927,-0.046425903058521234,-0.044838425278308024,-0.014540703805560117,-0.010011275453170565,1.2242564442873296,-0.5611140029684389,-1.13954786299975,-0.6176767953539647,-0.05637907075239945,0.005707209521729391,0.03671809403169988,0.050735945701321804,-0.08657661413383577,-0.010837123603432067,-0.0008092530053586344,0.015541471840710686,-0.1333625882963816,0.009894617706283748,0.004279775478515391,0.09712555573471983,-0.10398472737477127,0.07709444531278158,0.14189942585910817,0.09185381404953549,-0.020777923263576747,0.09903397442855792,0.16814932651673212,0.09210180652689456,-0.1498790498137994,0.10291071935006173,0.15671386853566494,0.18598055957263057,0.01942836665041625,-0.07240018578553194,-0.11117345842687995,-0.05950155240852981,-0.019058098916996835,0.08339264067906045,0.1347619580997646,0.07309479654988252,-0.15688565398526244,0.0816932287392333,0.20742800507557907,0.15696357205994435,-0.3680860148947096,0.03606228891132324,0.02999964001266169,0.12264730838583222,0.06423644157655595,-0.016908045099717845,0.030472501482162184,-0.012646870409622701,0.1545303157834712,0.03115342647059009,0.2310320081359448,1.7578416349797998,-0.0717109640694954,-1.1008896222843476,-18.172254234310124,-8.455484677854093,-0.2721222495715928,0.013387317631162113,0.04841284874184419,0.0182544741149858,-0.2923881772177308,-0.09409569173415762,-0.07206982699850842,-0.030854763752854043,0.07902914090296642,0.09752294484221251,0.1027318636260596,0.08438998063193051,0.847546327695516,0.5313038418049009,2.8417541450061523,,-0.8967349256334439,2.065224927329954,1.9330880553212437,3.115230998550186,9.94795680351334,3.8600114124385363,2.1826770250700753,1.1253911654649638,6.166651027263934,2.650776356008961,1.433583636163235,-7.807657249189589,0.12135461139709514,0.08201853212271999,0.055124572617697744,0.08817505904952347,5.39106572927453,2.4791864165178272,1.3299971443869951,-8.430841736089922,0.11859777932769111,0.08103357869417045,0.05425522660396964,0.0875055362364797,1.2091520964969575,0.36737491123522803,0.22244680666707914,0.24104534660130045,0.19179979273508407,0.04548584193242581,0.26669327697543643,1.592560313712484,-0.07149806188833374,-0.012420721750516894,-0.0006551976707235063,-0.01568122888194686,-0.245951027188137,0.03718102343034443,-0.005756447367301343,0.013668866120834034,-0.48396035759440426,0.9283298224398964,-0.6291258993496549,-5.193466300017573,-0.044847839787951926,0.030917649179830604,-0.0029443196105992443,0.02012854139082203,0.05621837763290549,0.002140776674788699,-0.007028751449872228,-0.0024787578491956897,0.04604038301883828,-0.005599400533175573,-0.01402401217045388,0.0005716017009387176,-0.32892110272921105,0.03612337759539619,-1.5125556512287879,-1.9538995143641849,-7.2756389211053465,-3.5375203547873775,-2.0590818736411864,-1.4702234245813992,-0.3272672000849485,0.03709320444104769,-1.5126175316193264,-1.9564293143098173,1.1363163446668532,0.29512890468296044,0.16128244593538008,0.18356036935533554,1.1157302455131037,0.28416926945873916,0.15243826476901184,0.1851745513457259,5.195584013831284,2.234870793404355,1.1659548834318376,-7.00721208582277,8.426237071119754,3.358952947855844,1.9101937461201746,1.0254322566855942,0.1305415734766493,0.13417681859018107,0.5147765320627535,1.8749788654382216,8.8021408565281,3.2877179733958797,1.8016573964800522,0.7256719998067807,-0.3341397872550096,-0.12441443971898251,-0.0626550554464516,-0.06228915152317177,-0.3468298170543962,-0.04142563667449258,0.08092331040759018,0.01466859334513465,0.019249361991576786,-0.06639991773384224,-0.029044166856000753,0.03067568111256732,0.06365208745083728,-0.06559029290043439,0.012790579549324744,0.013354240535908357,0.13859389348930473,0.03867421778522392,0.004457055139552879,0.33641390186813797,0.21844704641644674,-0.01210168296026315,0.03209011321027355,-0.013800727919289912,0.7992841282179717,0.24347275851010974,1.5566912551363827,-16.463390160688448,-0.44636606333237083,-0.03331587316339857,0.0431869590294087,0.014870440920378336,1.3062219282802041,-0.24472212434978016,-2.227395034250457,-15.809663113028757,0.45247072151490375,-0.07270492796472394,0.4468315727148332,1.337527364691761
